Tempo(s)	Deformação(mm)	Força(N)
 0.016667 	0.016739 	2330.4 
0.21667 	0.016313 	2330.4 
0.65000 	0.015886 	2330.4 
1.1500 	0.015886 	2496.9 
1.6500 	0.015886 	2496.9 
2.1500 	0.016099 	2663.3 
2.5500 	0.016526 	2663.3 
2.8667 	0.016952 	2829.8 
3.1000 	0.017379 	2829.8 
3.2667 	0.017805 	3162.7 
3.4333 	0.018232 	3162.7 
3.5667 	0.018658 	3329.1 
3.7000 	0.019085 	3495.6 
3.8167 	0.019511 	3662.0 
3.9333 	0.019938 	3662.0 
4.0333 	0.020364 	3662.0 
4.1667 	0.020791 	3995.0 
4.3167 	0.021217 	3995.0 
4.4500 	0.021643 	4161.4 
4.5833 	0.022070 	4327.9 
4.7667 	0.022496 	4494.3 
4.9500 	0.022923 	4660.8 
5.1333 	0.023349 	4993.7 
5.3833 	0.023776 	4993.7 
5.6500 	0.024202 	5326.6 
5.7667 	0.024629 	5493.1 
5.8833 	0.025055 	5659.5 
6.1667 	0.025482 	5659.5 
6.4667 	0.025802 	6325.4 
6.6167 	0.026228 	6325.4 
6.8167 	0.026655 	6491.8 
6.9833 	0.027081 	6658.3 
7.1667 	0.027507 	6991.2 
7.3833 	0.027934 	6991.2 
7.5667 	0.028360 	7490.6 
7.7833 	0.028787 	7823.5 
7.9333 	0.029213 	7823.5 
8.1500 	0.029640 	8156.4 
8.3000 	0.030066 	8322.8 
8.4833 	0.030493 	8489.3 
8.6500 	0.030919 	8822.2 
8.8333 	0.031346 	8988.7 
9.0000 	0.031772 	9155.1 
9.2167 	0.032199 	9488.0 
9.4000 	0.032625 	9488.0 
9.5500 	0.033052 	9820.9 
9.7667 	0.033478 	10154 
9.9667 	0.033905 	10320 
10.150 	0.034331 	10820 
10.317 	0.034758 	10820 
10.517 	0.035184 	10986 
10.733 	0.035610 	11153 
10.883 	0.036037 	11486 
11.117 	0.036463 	11652 
11.333 	0.036890 	11818 
11.517 	0.037316 	11985 
11.700 	0.037743 	12484 
11.917 	0.038169 	12651 
12.133 	0.038596 	12817 
12.333 	0.039022 	12984 
12.550 	0.039449 	13150 
12.750 	0.039875 	13483 
12.933 	0.040302 	13816 
13.133 	0.040728 	13816 
13.367 	0.041155 	14149 
13.600 	0.041581 	14482 
13.850 	0.042008 	14648 
14.117 	0.042434 	14815 
14.367 	0.042860 	14981 
14.617 	0.043287 	15314 
14.900 	0.043713 	15480 
15.183 	0.044140 	15647 
15.600 	0.044566 	15980 
15.817 	0.044993 	16313 
15.983 	0.045419 	16479 
16.150 	0.045846 	16646 
16.333 	0.046272 	16979 
16.517 	0.046699 	17145 
16.700 	0.047125 	17312 
16.883 	0.047552 	17644 
17.083 	0.047978 	17811 
17.300 	0.048405 	18144 
17.500 	0.048831 	18310 
17.667 	0.049258 	18477 
17.883 	0.049684 	18643 
18.150 	0.050111 	18976 
18.500 	0.050537 	19143 
18.883 	0.050963 	19309 
19.383 	0.051177 	19475 
19.883 	0.051497 	19642 
20.383 	0.051497 	19642 
20.883 	0.051603 	19808 
21.383 	0.051710 	19642 
21.883 	0.051923 	19808 
22.383 	0.051923 	19808 
22.883 	0.052030 	19808 
23.383 	0.052136 	19975 
23.883 	0.052243 	19975 
24.383 	0.051923 	19975 
24.883 	0.051710 	19975 
25.383 	0.051710 	19975 
25.883 	0.051603 	19808 
26.383 	0.051816 	19975 
26.883 	0.051816 	19975 
27.283 	0.051390 	19975 
27.783 	0.051283 	19975 
0.016667 	0.00000 	0.00000 
0.51667 	0.00000 	0.00000 
1.0167 	0.00021324 	332.91 
1.5167 	0.00063971 	499.37 
1.9167 	0.0010662 	665.83 
2.2333 	0.0014927 	832.28 
2.5167 	0.0019191 	1165.2 
2.7833 	0.0023456 	1331.7 
3.0333 	0.0027721 	1664.6 
3.3167 	0.0031985 	1664.6 
3.6000 	0.0036250 	1997.5 
3.8167 	0.0040515 	2163.9 
4.1000 	0.0044780 	2496.9 
4.3833 	0.0049044 	2663.3 
4.6500 	0.0053309 	2829.8 
4.9000 	0.0057574 	3162.7 
5.1500 	0.0061839 	3329.1 
5.3833 	0.0066103 	3662.0 
5.6167 	0.0070368 	3828.5 
5.8167 	0.0074633 	3995.0 
6.0000 	0.0078897 	4161.4 
6.2333 	0.0083162 	4494.3 
6.4333 	0.0087427 	4827.2 
6.6333 	0.0091692 	4827.2 
6.8167 	0.0095956 	4993.7 
7.0167 	0.010022 	5493.1 
7.2000 	0.010449 	5326.6 
7.4000 	0.010875 	5659.5 
7.6000 	0.011302 	5992.4 
7.8167 	0.011728 	6158.9 
8.0667 	0.012154 	6325.4 
8.2500 	0.012581 	6491.8 
8.4333 	0.013007 	6658.3 
8.6167 	0.013434 	6991.2 
8.8167 	0.013860 	7324.1 
9.0333 	0.014287 	7324.1 
9.2333 	0.014713 	7657.0 
9.4500 	0.015140 	7823.5 
9.6333 	0.015566 	7989.9 
9.8333 	0.015993 	8322.8 
10.067 	0.016419 	8489.3 
10.250 	0.016846 	8822.2 
10.467 	0.017272 	8988.7 
10.683 	0.017699 	8988.7 
10.883 	0.018125 	9321.6 
11.067 	0.018552 	9654.5 
11.267 	0.018978 	9820.9 
11.467 	0.019404 	9820.9 
11.683 	0.019831 	10154 
11.900 	0.020257 	10487 
12.117 	0.020684 	10653 
12.333 	0.021110 	10820 
12.517 	0.021537 	10986 
12.783 	0.021963 	11319 
12.983 	0.022390 	11486 
13.233 	0.022816 	11652 
13.500 	0.023243 	11985 
13.783 	0.023669 	12151 
14.067 	0.024096 	12484 
14.317 	0.024522 	12484 
14.717 	0.024949 	12817 
14.967 	0.025375 	12984 
15.133 	0.025802 	13483 
15.300 	0.026228 	13649 
15.483 	0.026655 	13816 
15.633 	0.027081 	13982 
15.833 	0.027507 	14149 
16.017 	0.027934 	14315 
16.217 	0.028360 	14648 
16.383 	0.028787 	14981 
16.600 	0.029213 	15148 
16.783 	0.029640 	15314 
16.983 	0.030066 	15480 
17.200 	0.030493 	15813 
17.417 	0.030919 	15980 
17.600 	0.031346 	16313 
17.833 	0.031772 	16479 
18.033 	0.032199 	16646 
18.250 	0.032625 	16812 
18.467 	0.033052 	17145 
18.667 	0.033478 	17312 
18.883 	0.033905 	17644 
19.100 	0.034331 	17811 
19.350 	0.034758 	17977 
19.533 	0.035184 	18144 
19.767 	0.035610 	18477 
19.983 	0.036037 	18643 
20.217 	0.036463 	18810 
20.450 	0.036890 	18976 
20.817 	0.037316 	19143 
21.217 	0.037743 	19309 
21.717 	0.038063 	19642 
22.217 	0.038276 	19642 
22.717 	0.038489 	19642 
23.217 	0.038702 	19642 
23.717 	0.038809 	19642 
24.217 	0.038916 	19642 
24.717 	0.039022 	19808 
25.217 	0.039129 	19975 
25.717 	0.039235 	19808 
26.217 	0.039342 	19808 
26.717 	0.039449 	19975 
27.217 	0.039555 	19808 
27.717 	0.039555 	19808 
28.217 	0.039662 	19642 
28.717 	0.039875 	19642 
29.217 	0.040195 	19475 
29.717 	0.040515 	19309 
30.217 	0.040835 	19143 
30.317 	0.041474 	18976 
30.333 	0.041368 	17811 
30.350 	0.040835 	16146 
30.367 	0.040408 	15148 
30.400 	0.039982 	15480 
30.467 	0.039555 	15647 
30.600 	0.039982 	16146 
30.700 	0.040408 	16313 
30.783 	0.040941 	16479 
30.850 	0.041368 	16479 
30.917 	0.041794 	16646 
30.983 	0.042221 	16646 
31.050 	0.042647 	16979 
31.117 	0.043074 	16979 
31.183 	0.043500 	17145 
31.267 	0.043927 	17145 
31.317 	0.044353 	17145 
31.400 	0.044780 	17312 
31.467 	0.045206 	17312 
31.533 	0.045633 	17478 
31.617 	0.046059 	17478 
31.683 	0.046485 	17644 
31.783 	0.047019 	17644 
31.883 	0.047445 	17644 
31.967 	0.047872 	17811 
32.083 	0.048298 	17811 
32.200 	0.048724 	18144 
32.300 	0.049151 	18144 
32.417 	0.049577 	18144 
32.517 	0.050004 	18144 
32.633 	0.050430 	18310 
32.750 	0.050857 	18310 
32.867 	0.051283 	18144 
33.000 	0.051710 	18144 
33.100 	0.052136 	18144 
33.217 	0.052563 	18310 
33.333 	0.052989 	18310 
33.450 	0.053416 	18477 
33.567 	0.053842 	18477 
33.700 	0.054269 	18477 
33.817 	0.054695 	18643 
33.933 	0.055122 	18477 
34.050 	0.055548 	18477 
34.183 	0.055975 	18643 
34.283 	0.056401 	18477 
34.433 	0.056827 	18643 
34.550 	0.057254 	18643 
34.683 	0.057680 	18643 
34.800 	0.058107 	18643 
34.933 	0.058533 	18643 
35.050 	0.058960 	18810 
35.167 	0.059386 	18810 
35.300 	0.059813 	18810 
35.417 	0.060239 	18810 
35.517 	0.060666 	18810 
35.650 	0.061092 	18643 
35.767 	0.061519 	18810 
35.883 	0.061945 	18810 
36.000 	0.062372 	18810 
36.100 	0.062798 	18810 
36.233 	0.063225 	18810 
36.333 	0.063651 	18810 
36.467 	0.064077 	18810 
36.600 	0.064504 	18810 
36.717 	0.064930 	18810 
36.850 	0.065357 	18810 