Tempo(s)	Deformação(mm)	Força(N)
0.51667 	0.00010662 	1831.0 
1.0167 	0.00010662 	1997.5 
1.5167 	0.00021324 	2330.4 
2.0167 	0.00031985 	2663.3 
2.5167 	0.00053309 	2829.8 
3.0167 	0.00063971 	3162.7 
3.5167 	0.00085294 	3495.6 
4.0167 	0.00095956 	3662.0 
4.5167 	0.0012794 	4161.4 
4.9833 	0.0015993 	4827.2 
5.4333 	0.0020257 	5326.6 
5.8667 	0.0024522 	5826.0 
6.3000 	0.0027721 	6491.8 
6.6667 	0.0031985 	6824.7 
7.0333 	0.0035184 	7490.6 
7.4333 	0.0039449 	8156.4 
7.8833 	0.0042647 	8822.2 
8.2500 	0.0046912 	8988.7 
8.5500 	0.0049044 	9654.5 
9.0500 	0.0052243 	10154 
9.5167 	0.0055441 	10820 
10.017 	0.0058640 	11319 
10.517 	0.0061839 	11818 
11.017 	0.0065037 	12318 
11.517 	0.0068236 	12817 
12.017 	0.0070368 	13317 
12.483 	0.0073566 	13982 
12.983 	0.0076765 	14315 
13.483 	0.0078897 	14648 
13.983 	0.0081030 	14981 
14.483 	0.0083162 	15480 
14.983 	0.0086361 	16146 
15.417 	0.0090625 	16646 
15.783 	0.0092758 	17312 
16.283 	0.0097022 	17811 
16.783 	0.0099155 	18477 
17.283 	0.010235 	18976 
17.783 	0.010555 	19475 
18.267 	0.010982 	19975 
18.767 	0.011195 	20474 
19.267 	0.011302 	20641 
19.767 	0.011408 	20807 
20.267 	0.011408 	20807 
20.767 	0.011408 	20974 
21.267 	0.011515 	21140 
21.767 	0.011515 	20974 
22.267 	0.011408 	20974 
22.767 	0.011408 	20974 
23.267 	0.011408 	20974 
23.767 	0.011408 	20974 
24.267 	0.011302 	20974 
24.767 	0.011302 	20974 
25.267 	0.011195 	20974 
25.767 	0.011195 	20974 
26.267 	0.011195 	20974 
26.767 	0.011195 	20974 
27.267 	0.011195 	20974 
27.767 	0.011088 	20807 
28.267 	0.011088 	20974 
28.767 	0.011088 	20974 
29.267 	0.010982 	20974 
29.767 	0.010982 	20974 
30.267 	0.010982 	20974 
30.767 	0.010982 	20974 
31.267 	0.010982 	20974 
31.767 	0.010875 	21140 
32.267 	0.010875 	20974 
32.767 	0.010768 	20974 
33.267 	0.010768 	20974 
33.767 	0.010768 	20974 
34.267 	0.010768 	20974 
34.767 	0.010768 	21140 
35.267 	0.010768 	20974 
35.767 	0.010768 	20974 
36.267 	0.010768 	20974 
36.767 	0.010768 	20974 
37.267 	0.010768 	20974 
37.767 	0.010768 	20974 
38.267 	0.010768 	20974 
38.767 	0.010768 	20974 
39.267 	0.010768 	20974 
39.767 	0.010768 	20974 
40.267 	0.010768 	20807 
40.767 	0.010768 	20807 
41.267 	0.010768 	20807 
41.767 	0.010875 	20974 
42.267 	0.010875 	20974 
42.767 	0.010768 	20974 
43.267 	0.010768 	20974 
43.767 	0.010768 	20807 
44.267 	0.010768 	20974 
44.767 	0.010768 	20974 
45.267 	0.010768 	20974 
45.767 	0.010768 	20974 
46.267 	0.010662 	20974 
46.767 	0.010662 	20974 
47.267 	0.010768 	21140 
47.767 	0.010662 	21140 
48.267 	0.010662 	20974 
48.767 	0.010555 	20974 
49.267 	0.010662 	20974 
49.767 	0.010662 	21140 
50.267 	0.010662 	20974 
50.767 	0.010555 	20974 
51.267 	0.010555 	20974 
51.767 	0.010555 	20807 
52.267 	0.010555 	20974 
52.767 	0.010555 	21140 
53.267 	0.010555 	21140 
53.767 	0.010555 	20974 
54.267 	0.010449 	20974 
54.767 	0.010449 	20974 
55.267 	0.010555 	20974 
55.767 	0.010555 	20974 
56.267 	0.010555 	20974 
56.767 	0.010555 	20974 
57.267 	0.010662 	21140 
57.767 	0.010662 	20974 
58.267 	0.010555 	20974 
58.767 	0.010662 	20974 
59.267 	0.010662 	20974 
59.767 	0.010768 	20974 
60.267 	0.010875 	20974 
60.767 	0.010768 	20974 
61.267 	0.010875 	20974 
61.767 	0.010875 	20974 
62.267 	0.010875 	20974 
62.767 	0.010982 	20974 
63.267 	0.010982 	20974 
63.767 	0.011088 	20974 
64.267 	0.011195 	20974 
64.767 	0.011195 	21140 
65.267 	0.011302 	20974 
65.767 	0.011302 	21140 
66.267 	0.011302 	20974 
66.767 	0.011302 	20807 
67.267 	0.011302 	20974 
67.767 	0.011302 	20974 
68.267 	0.011302 	20974 
68.767 	0.011302 	20974 
69.267 	0.011302 	20974 
69.767 	0.011302 	20974 
70.267 	0.011195 	20974 
70.767 	0.011195 	20974 
71.267 	0.011302 	20807 
71.767 	0.011302 	21140 
72.267 	0.011302 	20974 
72.767 	0.011302 	21140 
73.267 	0.011302 	20974 
73.767 	0.011302 	20974 
74.267 	0.011302 	20974 
74.767 	0.011302 	20974 
75.267 	0.011408 	20974 
75.767 	0.011408 	20807 
76.267 	0.011302 	20974 
76.767 	0.011408 	20974 
77.267 	0.011515 	20974 
77.767 	0.011515 	20974 
78.267 	0.011408 	20807 
78.767 	0.011408 	20807 
79.267 	0.011515 	20807 
79.767 	0.011302 	20308 
80.267 	0.010982 	19975 
80.767 	0.010768 	19475 
81.267 	0.010449 	18976 
81.767 	0.010129 	18477 
82.267 	0.0099155 	17811 
82.767 	0.0095956 	17478 
83.267 	0.0093824 	17145 
83.767 	0.0090625 	16646 
84.267 	0.0088493 	16313 
84.767 	0.0086361 	15813 
85.233 	0.0084228 	15148 
85.633 	0.0079964 	14648 
86.133 	0.0076765 	14149 
86.567 	0.0073566 	13483 
87.067 	0.0070368 	12984 
87.567 	0.0067169 	12484 
88.067 	0.0063971 	11985 
88.567 	0.0060772 	11486 
89.050 	0.0056508 	10986 
89.550 	0.0054375 	10320 
90.050 	0.0050111 	9820.9 
90.550 	0.0047978 	9488.0 
90.983 	0.0043713 	8822.2 
91.483 	0.0040515 	8655.8 
91.850 	0.0038383 	7989.9 
92.250 	0.0034118 	7823.5 
92.750 	0.0030919 	7324.1 
93.100 	0.0027721 	6658.3 
93.600 	0.0024522 	6158.9 
94.100 	0.0021324 	5826.0 
94.600 	0.0017059 	5326.6 
95.100 	0.0014927 	4827.2 
95.600 	0.0011728 	4494.3 
96.100 	0.00085294 	3995.0 
96.600 	0.00063971 	3495.6 
97.100 	0.00042647 	3329.1 
97.600 	0.00021324 	2829.8 
98.100 	0.00000 	2663.3 
98.600 	-0.0002136 	2330.4 
99.100 	-0.0003204 	2496.9 
99.600 	-0.0003204 	2330.4 
100.10 	-0.0004273 	2163.9 
100.60 	-0.0005341 	2163.9 
101.10 	-0.0005341 	2163.9 
101.60 	-0.0005341 	1997.5 
102.10 	-0.0005341 	1997.5 
102.60 	-0.0005341 	1997.5 
103.10 	-0.0006409 	1997.5 
103.60 	-0.0006409 	1831.0 
104.10 	-0.0006409 	1831.0 
104.60 	-0.0007478 	1664.6 
105.10 	-0.0007478 	1664.6 
105.60 	-0.0008546 	1664.6 
106.10 	-0.0008546 	1498.1 
106.60 	-0.0008546 	1498.1 
107.10 	-0.0008546 	1498.1 
107.60 	-0.0008546 	1498.1 
108.10 	-0.0009614 	1331.7 
108.60 	-0.0009614 	1331.7 
109.10 	-0.0009614 	1331.7 
109.60 	-0.0009614 	1331.7 
110.10 	-0.0009614 	1331.7 
110.60 	-0.0009614 	1331.7 
111.10 	-0.0009614 	1331.7 
111.60 	-0.0009614 	1331.7 
112.10 	-0.0009614 	1165.2 
112.60 	-0.0009614 	1165.2 
113.10 	-0.0009614 	1331.7 
113.60 	-0.0010683 	1165.2 
114.10 	-0.0010683 	1165.2 
114.60 	-0.0010683 	1165.2 
115.10 	-0.0010683 	1165.2 
115.60 	-0.0010683 	1165.2 
116.10 	-0.0010683 	1165.2 
116.60 	-0.0010683 	1165.2 
117.10 	-0.0010683 	1165.2 
117.60 	-0.0010683 	1165.2 
118.10 	-0.0010683 	1165.2 
118.60 	-0.0010683 	1165.2 
119.10 	-0.0009614 	1165.2 
119.60 	-0.0010683 	1165.2 
120.10 	-0.0010683 	1165.2 
120.60 	-0.0010683 	1165.2 
121.10 	-0.0009614 	1165.2 
121.60 	-0.0011751 	1165.2 
122.10 	-0.0011751 	1165.2 
122.60 	-0.0011751 	1165.2 
123.10 	-0.0011751 	1165.2 
123.60 	-0.0011751 	1165.2 
124.10 	-0.0011751 	1165.2 
124.60 	-0.0011751 	1165.2 
125.10 	-0.0012820 	1165.2 
125.60 	-0.0011751 	1165.2 
126.10 	-0.0012820 	1165.2 
126.60 	-0.0012820 	1165.2 
127.10 	-0.0012820 	1165.2 
127.60 	-0.0012820 	1165.2 
128.10 	-0.0013888 	1165.2 
128.60 	-0.0013888 	1165.2 
129.10 	-0.0013888 	1165.2 
129.60 	-0.0013888 	1165.2 
130.10 	-0.0013888 	1165.2 
130.60 	-0.0014956 	1165.2 
131.10 	-0.0013888 	1165.2 
131.60 	-0.0013888 	1165.2 
132.10 	-0.0014956 	1165.2 
132.60 	-0.0014956 	1165.2 
133.10 	-0.0014956 	1165.2 
133.60 	-0.0014956 	1331.7 
134.10 	-0.0014956 	1165.2 
134.60 	-0.0014956 	1165.2 
135.10 	-0.0014956 	1165.2 
135.60 	-0.0014956 	1331.7 
136.10 	-0.0016025 	1165.2 
136.60 	-0.0016025 	1165.2 
137.10 	-0.0016025 	1165.2 
137.60 	-0.0016025 	1165.2 
138.10 	-0.0016025 	1165.2 
138.60 	-0.0016025 	1165.2 
139.10 	-0.0016025 	1165.2 
139.60 	-0.0016025 	1165.2 
140.10 	-0.0016025 	1165.2 
140.60 	-0.0016025 	1165.2 
141.10 	-0.0016025 	1165.2 
141.60 	-0.0016025 	998.74 
142.10 	-0.0016025 	1165.2 
142.60 	-0.0016025 	1165.2 
143.10 	-0.0016025 	1165.2 
143.60 	-0.0016025 	1165.2 
144.10 	-0.0016025 	1165.2 
144.60 	-0.0016025 	1165.2 
145.10 	-0.0014956 	1165.2 
145.60 	-0.0016025 	1165.2 
146.10 	-0.0016025 	1165.2 
146.60 	-0.0016025 	1165.2 
147.10 	-0.0016025 	1165.2 
147.60 	-0.0016025 	1165.2 
148.10 	-0.0016025 	1165.2 
148.60 	-0.0016025 	1165.2 
149.10 	-0.0016025 	1165.2 
149.60 	-0.0016025 	1165.2 
150.10 	-0.0017093 	1165.2 
150.60 	-0.0016025 	1165.2 
151.10 	-0.0016025 	1165.2 
151.60 	-0.0016025 	1165.2 
152.10 	-0.0016025 	1165.2 
152.60 	-0.0016025 	998.74 
153.10 	-0.0016025 	1165.2 
153.60 	-0.0016025 	1331.7 
154.10 	-0.0016025 	1165.2 
154.60 	-0.0016025 	1165.2 
155.10 	-0.0016025 	1165.2 
155.60 	-0.0016025 	1165.2 
156.10 	-0.0016025 	1165.2 
156.60 	-0.0016025 	1165.2 
157.10 	-0.0016025 	1165.2 
157.60 	-0.0014956 	1165.2 
158.10 	-0.0016025 	1165.2 
158.60 	-0.0016025 	1165.2 
159.10 	-0.0014956 	1165.2 
159.60 	-0.0014956 	1331.7 
160.10 	-0.0016025 	1165.2 
160.60 	-0.0014956 	1165.2 
161.10 	-0.0014956 	1331.7 
161.60 	-0.0014956 	1498.1 
162.10 	-0.0014956 	1664.6 
162.60 	-0.0014956 	1831.0 
163.10 	-0.0012820 	1997.5 
163.60 	-0.0009614 	2496.9 
164.10 	-0.0006409 	2996.2 
164.58 	-0.0004273 	3662.0 
165.08 	-0.0001068 	3828.5 
165.58 	0.00000 	4161.4 
166.08 	0.00021324 	4327.9 
166.58 	0.00042647 	4660.8 
167.00 	0.00074633 	5326.6 
167.32 	0.0011728 	5493.1 
167.55 	0.0014927 	6158.9 
167.85 	0.0019191 	6658.3 
168.17 	0.0023456 	6991.2 
168.35 	0.0025588 	7657.0 
168.70 	0.0029853 	7823.5 
168.98 	0.0033052 	8489.3 
169.28 	0.0037316 	8822.2 
169.68 	0.0041581 	9321.6 
170.02 	0.0044780 	9987.4 
170.47 	0.0049044 	10487 
170.95 	0.0052243 	11153 
171.37 	0.0056508 	11486 
171.80 	0.0060772 	11985 
172.30 	0.0063971 	12484 
172.68 	0.0066103 	13150 
173.12 	0.0070368 	13483 
173.62 	0.0072500 	13816 
174.12 	0.0074633 	14315 
174.62 	0.0076765 	14648 
175.12 	0.0078897 	15148 
175.62 	0.0081030 	15480 
175.88 	0.0083162 	16146 
176.33 	0.0087427 	16812 
176.83 	0.0090625 	17312 
177.32 	0.0093824 	17977 
177.82 	0.0097022 	18477 
178.32 	0.010022 	18976 
178.75 	0.010449 	19475 
179.25 	0.010662 	19975 
179.75 	0.011088 	20474 
180.25 	0.011088 	20641 
180.75 	0.011195 	20641 
181.25 	0.011302 	20807 
181.75 	0.011302 	20974 
182.25 	0.011302 	20974 
182.75 	0.011302 	20974 
183.25 	0.011302 	20974 
183.75 	0.011195 	20974 
184.25 	0.011302 	20974 
184.75 	0.011302 	20974 
185.25 	0.011302 	20974 
185.75 	0.011195 	20974 
186.25 	0.011195 	20974 
186.75 	0.011195 	20974 
187.25 	0.011302 	21140 
187.75 	0.011302 	21140 
188.25 	0.011195 	20974 
188.75 	0.011302 	20807 
189.25 	0.011302 	20807 
189.75 	0.011302 	20974 
190.25 	0.011302 	20974 
190.75 	0.011302 	20974 
191.25 	0.011302 	20974 
191.75 	0.011195 	20974 
192.25 	0.011302 	20974 
192.75 	0.011302 	20974 
193.25 	0.011302 	20974 
193.75 	0.011302 	20974 
194.25 	0.011302 	20974 
194.75 	0.011302 	20974 
195.25 	0.011302 	20974 
195.75 	0.011302 	20974 
196.25 	0.011302 	20974 
196.75 	0.011302 	20974 
197.25 	0.011302 	20807 
197.75 	0.011302 	20974 
198.25 	0.011302 	20974 
198.75 	0.011302 	21140 
199.25 	0.011302 	20974 
199.75 	0.011302 	20974 
200.25 	0.011302 	20974 
200.75 	0.011302 	20974 
201.25 	0.011408 	20974 
201.75 	0.011408 	21140 
202.25 	0.011302 	20974 
202.75 	0.011302 	20974 
203.25 	0.011408 	20974 
203.75 	0.011408 	20974 
204.25 	0.011408 	20974 
204.75 	0.011408 	20974 
205.25 	0.011302 	20807 
205.75 	0.011302 	20974 
206.25 	0.011408 	20974 
206.75 	0.011408 	20974 
207.25 	0.011408 	20974 
207.75 	0.011408 	20974 
208.25 	0.011302 	20974 
208.75 	0.011408 	21140 
209.25 	0.011408 	20974 
209.75 	0.011408 	20974 
210.25 	0.011408 	20807 
210.75 	0.011302 	20974 
211.25 	0.011408 	20974 
211.75 	0.011408 	20974 
212.25 	0.011408 	20974 
212.75 	0.011408 	20974 
213.25 	0.011408 	20807 
213.75 	0.011408 	20807 
214.25 	0.011408 	20974 
214.75 	0.011408 	21140 
215.25 	0.011408 	20974 
215.75 	0.011408 	20974 
216.25 	0.011408 	20807 
216.75 	0.011408 	20974 
217.25 	0.011408 	20974 
217.75 	0.011408 	20974 
218.25 	0.011408 	20974 
218.75 	0.011408 	20974 
219.25 	0.011302 	20807 
219.75 	0.011408 	20974 
220.25 	0.011408 	20974 
220.75 	0.011408 	20974 
221.25 	0.011515 	20974 
221.75 	0.011408 	20974 
222.25 	0.011515 	20974 
222.75 	0.011515 	20974 
223.25 	0.011621 	21140 
223.75 	0.011515 	20974 
224.25 	0.011515 	20974 
224.75 	0.011515 	20974 
225.25 	0.011515 	20974 
225.75 	0.011621 	20974 
226.25 	0.011621 	20974 
226.75 	0.011515 	20974 
227.25 	0.011515 	20974 
227.75 	0.011515 	20974 
228.25 	0.011408 	20807 
228.75 	0.011515 	20974 
229.25 	0.011408 	20974 
229.75 	0.011408 	20974 
230.25 	0.011302 	20974 
230.75 	0.011302 	20974 
231.25 	0.011302 	20974 
231.75 	0.011408 	20974 
232.25 	0.011302 	20974 
232.75 	0.011195 	20974 
233.25 	0.011195 	20807 
233.75 	0.011195 	20974 
234.25 	0.011302 	20974 
234.75 	0.011195 	20974 
235.25 	0.011195 	20974 
235.75 	0.011195 	20807 
236.25 	0.011195 	20974 
236.75 	0.011302 	20974 
237.25 	0.011302 	20974 
237.75 	0.011302 	20974 
238.25 	0.011302 	20974 
238.75 	0.011302 	20807 
239.25 	0.011302 	20974 
239.75 	0.011302 	20974 
240.25 	0.011302 	20807 
240.75 	0.010982 	20308 
241.25 	0.010768 	19975 
241.72 	0.010342 	19475 
242.22 	0.010129 	18976 
242.72 	0.0098089 	18477 
243.15 	0.0093824 	18144 
243.62 	0.0091692 	17478 
244.12 	0.0089559 	17145 
244.60 	0.0085294 	16646 
245.10 	0.0083162 	16313 
245.60 	0.0079964 	15813 
246.10 	0.0077831 	15480 
246.50 	0.0074633 	14815 
246.92 	0.0070368 	14315 
247.38 	0.0067169 	13649 
247.88 	0.0062905 	13317 
248.35 	0.0059706 	12651 
248.85 	0.0056508 	12318 
249.25 	0.0054375 	11652 
249.75 	0.0051177 	11319 
250.20 	0.0049044 	10653 
250.70 	0.0045846 	10320 
251.13 	0.0042647 	9654.5 
251.63 	0.0039449 	9321.6 
252.13 	0.0036250 	8655.8 
252.63 	0.0033052 	8322.8 
253.08 	0.0030919 	7657.0 
253.57 	0.0026655 	7490.6 
253.87 	0.0025588 	6824.7 
254.33 	0.0021324 	6658.3 
254.78 	0.0019191 	5992.4 
255.25 	0.0014927 	5826.0 
255.68 	0.0012794 	5160.2 
256.18 	0.00095956 	4993.7 
256.62 	0.00074633 	4327.9 
257.12 	0.00042647 	3995.0 
257.62 	0.00021324 	3662.0 
258.12 	0.00000 	3162.7 
258.62 	-0.0003204 	2829.8 
259.12 	-0.0005341 	2663.3 
259.62 	-0.0006409 	2496.9 
260.12 	-0.0007478 	2330.4 
260.62 	-0.0007478 	2330.4 
261.12 	-0.0008546 	2330.4 
261.62 	-0.0008546 	2163.9 
262.12 	-0.0009614 	2163.9 
262.62 	-0.0009614 	1997.5 
263.12 	-0.0009614 	1997.5 
263.62 	-0.0009614 	1997.5 
264.12 	-0.0010683 	1997.5 
264.62 	-0.0010683 	1831.0 
265.12 	-0.0011751 	1831.0 
265.62 	-0.0011751 	1664.6 
266.12 	-0.0011751 	1664.6 
266.62 	-0.0011751 	1498.1 
267.12 	-0.0011751 	1498.1 
267.62 	-0.0012820 	1498.1 
268.12 	-0.0012820 	1331.7 
268.62 	-0.0012820 	1331.7 
269.12 	-0.0011751 	1331.7 
269.62 	-0.0012820 	1331.7 
270.12 	-0.0012820 	1331.7 
270.62 	-0.0012820 	1331.7 
271.12 	-0.0011751 	1331.7 
271.62 	-0.0012820 	1331.7 
272.12 	-0.0012820 	1331.7 
272.62 	-0.0012820 	1331.7 
273.12 	-0.0011751 	1331.7 
273.62 	-0.0011751 	1331.7 
274.12 	-0.0011751 	1331.7 
274.62 	-0.0012820 	1331.7 
275.12 	-0.0012820 	1331.7 
275.62 	-0.0012820 	1165.2 
276.12 	-0.0012820 	1165.2 
276.62 	-0.0012820 	1331.7 
277.12 	-0.0012820 	1331.7 
277.62 	-0.0012820 	1165.2 
278.12 	-0.0012820 	1165.2 
278.62 	-0.0012820 	1331.7 
279.12 	-0.0012820 	1331.7 
279.62 	-0.0012820 	1165.2 
280.12 	-0.0012820 	1331.7 
280.62 	-0.0012820 	1331.7 
281.12 	-0.0012820 	1165.2 
281.62 	-0.0012820 	1165.2 
282.12 	-0.0012820 	1165.2 
282.62 	-0.0012820 	1165.2 
283.12 	-0.0012820 	1331.7 
283.62 	-0.0012820 	1331.7 
284.12 	-0.0013888 	1165.2 
284.62 	-0.0012820 	1331.7 
285.12 	-0.0012820 	1165.2 
285.62 	-0.0012820 	1331.7 
286.12 	-0.0013888 	1165.2 
286.62 	-0.0012820 	1165.2 
287.12 	-0.0012820 	1165.2 
287.62 	-0.0013888 	1165.2 
288.12 	-0.0013888 	1165.2 
288.62 	-0.0013888 	1165.2 
289.12 	-0.0013888 	1165.2 
289.62 	-0.0013888 	1165.2 
290.12 	-0.0013888 	1165.2 
290.62 	-0.0013888 	1165.2 
291.12 	-0.0013888 	1331.7 
291.62 	-0.0013888 	1165.2 
292.12 	-0.0014956 	1165.2 
292.62 	-0.0014956 	1165.2 
293.12 	-0.0014956 	1165.2 
293.62 	-0.0014956 	1165.2 
294.12 	-0.0014956 	1165.2 
294.62 	-0.0014956 	1165.2 
295.12 	-0.0016025 	1165.2 
295.62 	-0.0014956 	1165.2 
296.12 	-0.0016025 	1165.2 
296.62 	-0.0016025 	1165.2 
297.12 	-0.0016025 	1331.7 
297.62 	-0.0016025 	1165.2 
298.12 	-0.0017093 	1165.2 
298.62 	-0.0017093 	1165.2 
299.12 	-0.0017093 	1165.2 
299.62 	-0.0017093 	1165.2 
300.12 	-0.0017093 	1165.2 
300.62 	-0.0017093 	1165.2 
301.12 	-0.0017093 	1165.2 
301.62 	-0.0017093 	1165.2 
302.12 	-0.0017093 	1165.2 
302.62 	-0.0017093 	1165.2 
303.12 	-0.0017093 	1165.2 
303.62 	-0.0018161 	1165.2 
304.12 	-0.0017093 	1165.2 
304.62 	-0.0017093 	1165.2 
305.12 	-0.0018161 	1165.2 
305.62 	-0.0018161 	1331.7 
306.12 	-0.0018161 	1165.2 
306.62 	-0.0018161 	1165.2 
307.12 	-0.0018161 	1165.2 
307.62 	-0.0018161 	1165.2 
308.12 	-0.0018161 	1165.2 
308.62 	-0.0018161 	1165.2 
309.12 	-0.0018161 	1165.2 
309.62 	-0.0018161 	1165.2 
310.12 	-0.0018161 	1165.2 
310.62 	-0.0018161 	1165.2 
311.12 	-0.0018161 	1165.2 
311.62 	-0.0018161 	1165.2 
312.12 	-0.0018161 	1165.2 
312.62 	-0.0018161 	1165.2 
313.12 	-0.0018161 	1165.2 
313.62 	-0.0018161 	1331.7 
314.12 	-0.0018161 	1165.2 
314.62 	-0.0019230 	1165.2 
315.12 	-0.0018161 	1165.2 
315.62 	-0.0018161 	1165.2 
316.12 	-0.0019230 	1165.2 
316.62 	-0.0019230 	1165.2 
317.12 	-0.0019230 	1165.2 
317.62 	-0.0019230 	1331.7 
318.12 	-0.0019230 	1165.2 
318.62 	-0.0019230 	1165.2 
319.12 	-0.0019230 	1165.2 
319.62 	-0.0019230 	1165.2 
320.12 	-0.0018161 	1165.2 
320.62 	-0.0019230 	1165.2 
321.12 	-0.0019230 	1165.2 
321.62 	-0.0019230 	1165.2 
322.12 	-0.0019230 	1498.1 
322.62 	-0.0018161 	1664.6 
323.12 	-0.0018161 	1664.6 
323.62 	-0.0018161 	1831.0 
324.12 	-0.0018161 	1997.5 
324.62 	-0.0016025 	2330.4 
325.12 	-0.0012820 	2829.8 
325.62 	-0.0009614 	3329.1 
326.12 	-0.0006409 	3828.5 
326.62 	-0.0006409 	3828.5 
327.12 	-0.0004273 	4327.9 
327.62 	-0.0002136 	4660.8 
328.12 	0.00010662 	5160.2 
328.42 	0.00042647 	5826.0 
328.70 	0.00085294 	6158.9 
328.95 	0.0010662 	6824.7 
329.25 	0.0014927 	7157.6 
329.67 	0.0019191 	7657.0 
329.83 	0.0021324 	8322.8 
330.23 	0.0025588 	8655.8 
330.57 	0.0028787 	9321.6 
330.95 	0.0033052 	9654.5 
331.32 	0.0036250 	10320 
331.77 	0.0040515 	10820 
332.23 	0.0043713 	11486 
332.67 	0.0047978 	11818 
333.15 	0.0051177 	12484 
333.65 	0.0055441 	12984 
334.15 	0.0058640 	13483 
334.65 	0.0061839 	13982 
335.15 	0.0063971 	14315 
335.65 	0.0067169 	14815 
336.15 	0.0070368 	15148 
336.60 	0.0073566 	15813 
337.02 	0.0077831 	16313 
337.48 	0.0081030 	16979 
337.85 	0.0085294 	17312 
338.30 	0.0087427 	17977 
338.70 	0.0091692 	18477 
339.20 	0.0094890 	18976 
339.70 	0.0099155 	19475 
340.20 	0.010235 	19975 
340.70 	0.010555 	20474 
341.20 	0.010662 	20641 
341.70 	0.010768 	20807 
342.20 	0.010875 	20807 
342.70 	0.010875 	20974 
343.20 	0.010982 	20974 
343.70 	0.010982 	20974 
344.20 	0.010982 	20974 
344.70 	0.010982 	20974 
345.20 	0.010982 	20974 
345.70 	0.010982 	20974 
346.20 	0.011088 	20974 
346.70 	0.011088 	20974 
347.20 	0.011088 	20974 
347.70 	0.011088 	20974 
348.20 	0.011088 	20974 
348.70 	0.011088 	20974 
349.20 	0.011195 	20974 
349.70 	0.011088 	20974 
350.20 	0.011088 	20974 
350.70 	0.011088 	20974 
351.20 	0.011195 	20974 
351.70 	0.011195 	20974 
352.20 	0.011195 	21140 
352.70 	0.011195 	20974 
353.20 	0.011195 	20974 
353.70 	0.011195 	20807 
354.20 	0.011195 	20974 
354.70 	0.011195 	20974 
355.20 	0.011302 	20974 
355.70 	0.011195 	20807 
356.20 	0.011195 	20974 
356.70 	0.011302 	20974 
357.20 	0.011302 	20974 
357.70 	0.011302 	20974 
358.20 	0.011302 	20974 
358.70 	0.011302 	20807 
359.20 	0.011302 	20974 
359.70 	0.011302 	20974 
360.20 	0.011408 	20974 
360.70 	0.011302 	20974 
361.20 	0.011302 	20974 
361.70 	0.011302 	20807 
362.20 	0.011408 	20974 
362.70 	0.011408 	20974 
363.20 	0.011408 	20974 
363.70 	0.011408 	20974 
364.20 	0.011302 	20807 
364.70 	0.011408 	20807 
365.20 	0.011408 	20974 
365.70 	0.011515 	20974 
366.20 	0.011408 	21140 
366.70 	0.011408 	20974 
367.20 	0.011408 	20974 
367.70 	0.011408 	20974 
368.20 	0.011515 	20974 
368.70 	0.011515 	21140 
369.20 	0.011408 	21140 
369.70 	0.011408 	20974 
370.20 	0.011408 	20974 
370.70 	0.011515 	20974 
371.20 	0.011515 	20974 
371.70 	0.011515 	20974 
372.20 	0.011515 	20974 
372.70 	0.011515 	20974 
373.20 	0.011408 	20807 
373.70 	0.011515 	20807 
374.20 	0.011515 	20807 
374.70 	0.011515 	21140 
375.20 	0.011621 	20974 
375.70 	0.011515 	20974 
376.20 	0.011515 	20974 
376.70 	0.011515 	20974 
377.20 	0.011515 	20974 
377.70 	0.011515 	20974 
378.20 	0.011515 	20974 
378.70 	0.011515 	20974 
379.20 	0.011515 	20974 
379.70 	0.011621 	20974 
380.20 	0.011621 	20974 
380.70 	0.011621 	20974 
381.20 	0.011515 	20974 
381.70 	0.011621 	20974 
382.20 	0.011621 	20974 
382.70 	0.011621 	21140 
383.20 	0.011621 	20974 
383.70 	0.011621 	20974 
384.20 	0.011621 	20974 
384.70 	0.011621 	20974 
385.20 	0.011728 	20974 
385.70 	0.011621 	20974 
386.20 	0.011621 	20974 
386.70 	0.011621 	20974 
387.20 	0.011621 	20974 
387.70 	0.011621 	20974 
388.20 	0.011728 	21140 
388.70 	0.011621 	20974 
389.20 	0.011621 	20807 
389.70 	0.011728 	20974 
390.20 	0.011728 	20974 
390.70 	0.011728 	20974 
391.20 	0.011728 	20974 
391.70 	0.011728 	20974 
392.20 	0.011728 	20974 
392.70 	0.011728 	20974 
393.20 	0.011728 	21140 
393.70 	0.011835 	20974 
394.20 	0.011728 	20974 
394.70 	0.011728 	20974 
395.20 	0.011728 	20974 
395.70 	0.011728 	20974 
396.20 	0.011728 	21140 
396.70 	0.011835 	21140 
397.20 	0.011835 	20974 
397.70 	0.011728 	20974 
398.20 	0.011728 	20974 
398.70 	0.011835 	20974 
399.20 	0.011835 	20974 
399.70 	0.011835 	20974 
400.20 	0.011941 	20974 
400.70 	0.011835 	20974 
401.20 	0.011835 	20641 
401.70 	0.011621 	20474 
402.18 	0.011302 	19808 
402.68 	0.011088 	19475 
403.13 	0.010662 	18976 
403.63 	0.010449 	18643 
404.07 	0.010235 	17977 
404.52 	0.0098089 	17644 
405.02 	0.0095956 	17312 
405.52 	0.0093824 	16812 
406.02 	0.0091692 	16479 
406.52 	0.0088493 	15980 
407.02 	0.0085294 	15480 
407.40 	0.0081030 	14981 
407.82 	0.0077831 	14315 
408.32 	0.0074633 	13816 
408.82 	0.0071434 	13150 
409.32 	0.0067169 	12651 
409.82 	0.0065037 	12318 
410.22 	0.0061839 	11652 
410.72 	0.0058640 	11319 
411.20 	0.0054375 	10653 
411.70 	0.0051177 	10320 
412.13 	0.0049044 	9654.5 
412.60 	0.0044780 	9321.6 
413.10 	0.0041581 	8822.2 
413.60 	0.0038383 	8322.8 
414.03 	0.0036250 	7657.0 
414.50 	0.0031985 	7490.6 
414.90 	0.0029853 	6824.7 
415.40 	0.0026655 	6325.4 
415.90 	0.0023456 	6158.9 
416.28 	0.0021324 	5493.1 
416.78 	0.0018125 	4993.7 
417.28 	0.0015993 	4660.8 
417.78 	0.0012794 	4327.9 
418.28 	0.0010662 	3828.5 
418.78 	0.00074633 	3495.6 
419.28 	0.00053309 	2996.2 
419.78 	0.00031985 	2663.3 
420.28 	0.00010662 	2496.9 
420.78 	0.00000 	2330.4 
421.28 	0.00000 	2496.9 
421.78 	0.00000 	2496.9 
422.28 	-0.0001068 	2163.9 
422.78 	-0.0001068 	2163.9 
423.28 	-0.0001068 	2163.9 
423.78 	-0.0002136 	2163.9 
424.28 	-0.0002136 	1997.5 
424.78 	-0.0002136 	1997.5 
425.28 	-0.0002136 	1997.5 
425.78 	-0.0003204 	1831.0 
426.28 	-0.0003204 	1664.6 
426.78 	-0.0004273 	1831.0 
427.28 	-0.0004273 	1664.6 
427.78 	-0.0004273 	1498.1 
428.28 	-0.0004273 	1498.1 
428.78 	-0.0005341 	1498.1 
429.28 	-0.0004273 	1498.1 
429.78 	-0.0004273 	1498.1 
430.28 	-0.0005341 	1498.1 
430.78 	-0.0005341 	1331.7 
431.28 	-0.0005341 	1331.7 
431.78 	-0.0005341 	1331.7 
432.28 	-0.0005341 	1331.7 
432.78 	-0.0005341 	1331.7 
433.28 	-0.0005341 	1331.7 
433.78 	-0.0005341 	1331.7 
434.28 	-0.0005341 	1331.7 
434.78 	-0.0005341 	1331.7 
435.28 	-0.0005341 	1331.7 
435.78 	-0.0005341 	1331.7 
436.28 	-0.0005341 	1331.7 
436.78 	-0.0005341 	1331.7 
437.28 	-0.0006409 	1331.7 
437.78 	-0.0005341 	1331.7 
438.28 	-0.0005341 	1331.7 
438.78 	-0.0006409 	1331.7 
439.28 	-0.0006409 	1331.7 
439.78 	-0.0006409 	1331.7 
440.28 	-0.0006409 	1331.7 
440.78 	-0.0006409 	1331.7 
441.28 	-0.0006409 	1331.7 
441.78 	-0.0006409 	1331.7 
442.28 	-0.0006409 	1331.7 
442.78 	-0.0006409 	1165.2 
443.28 	-0.0006409 	1165.2 
443.78 	-0.0006409 	1331.7 
444.28 	-0.0006409 	1165.2 
444.78 	-0.0007478 	1165.2 
445.28 	-0.0006409 	1331.7 
445.78 	-0.0006409 	1331.7 
446.28 	-0.0006409 	1165.2 
446.78 	-0.0006409 	1165.2 
447.28 	-0.0006409 	1165.2 
447.78 	-0.0007478 	1331.7 
448.28 	-0.0007478 	1165.2 
448.78 	-0.0007478 	1165.2 
449.28 	-0.0007478 	1165.2 
449.78 	-0.0007478 	1165.2 
450.28 	-0.0007478 	1331.7 
450.78 	-0.0008546 	1165.2 
451.28 	-0.0007478 	1165.2 
451.78 	-0.0008546 	1165.2 
452.28 	-0.0007478 	1331.7 
452.78 	-0.0008546 	1165.2 
453.28 	-0.0008546 	1165.2 
453.78 	-0.0008546 	1165.2 
454.28 	-0.0008546 	1165.2 
454.78 	-0.0008546 	1165.2 
455.28 	-0.0008546 	1165.2 
455.78 	-0.0008546 	1165.2 
456.28 	-0.0009614 	1165.2 
456.78 	-0.0008546 	1165.2 
457.28 	-0.0009614 	1165.2 
457.78 	-0.0009614 	1165.2 
458.28 	-0.0009614 	1165.2 
458.78 	-0.0009614 	1165.2 
459.28 	-0.0009614 	1165.2 
459.78 	-0.0009614 	1165.2 
460.28 	-0.0009614 	1165.2 
460.78 	-0.0010683 	1165.2 
461.28 	-0.0010683 	1165.2 
461.78 	-0.0010683 	1165.2 
462.28 	-0.0009614 	1165.2 
462.78 	-0.0009614 	1165.2 
463.28 	-0.0010683 	1165.2 
463.78 	-0.0010683 	1165.2 
464.28 	-0.0010683 	1165.2 
464.78 	-0.0010683 	1165.2 
465.28 	-0.0010683 	1165.2 
465.78 	-0.0010683 	1331.7 
466.28 	-0.0010683 	1165.2 
466.78 	-0.0010683 	1165.2 
467.28 	-0.0009614 	1165.2 
467.78 	-0.0010683 	1165.2 
468.28 	-0.0010683 	1165.2 
468.78 	-0.0009614 	1165.2 
469.28 	-0.0010683 	1165.2 
469.78 	-0.0009614 	1165.2 
470.28 	-0.0010683 	1165.2 
470.78 	-0.0009614 	1165.2 
471.28 	-0.0010683 	1165.2 
471.78 	-0.0009614 	1165.2 
472.28 	-0.0010683 	998.74 
472.78 	-0.0010683 	1165.2 
473.28 	-0.0009614 	1165.2 
473.78 	-0.0010683 	1165.2 
474.28 	-0.0010683 	1165.2 
474.78 	-0.0010683 	1165.2 
475.28 	-0.0010683 	1165.2 
475.78 	-0.0009614 	1165.2 
476.28 	-0.0009614 	1331.7 
476.78 	-0.0010683 	1165.2 
477.28 	-0.0010683 	1165.2 
477.78 	-0.0010683 	1165.2 
478.28 	-0.0010683 	1331.7 
478.78 	-0.0010683 	1331.7 
479.28 	-0.0009614 	1165.2 
479.78 	-0.0009614 	998.74 
480.28 	-0.0009614 	1165.2 
480.78 	-0.0009614 	1165.2 
481.28 	-0.0010683 	1165.2 
481.78 	-0.0010683 	1165.2 
482.28 	-0.0009614 	1165.2 
482.32 	-0.0009614 	1165.2 
482.82 	-0.0009614 	1165.2 
483.32 	-0.0009614 	1331.7 
483.82 	-0.0009614 	1165.2 
484.32 	-0.0010683 	1165.2 
484.82 	-0.0010683 	1165.2 
485.32 	-0.0009614 	1165.2 
485.82 	-0.0009614 	1331.7 
486.32 	-0.0009614 	1165.2 
486.82 	-0.0009614 	1165.2 
487.32 	-0.0009614 	1165.2 
487.82 	-0.0009614 	1165.2 
488.32 	-0.0009614 	1165.2 
488.82 	-0.0009614 	1165.2 
489.32 	-0.0009614 	1165.2 
489.82 	-0.0009614 	998.74 
490.32 	-0.0008546 	1165.2 
490.82 	-0.0008546 	1331.7 
491.32 	-0.0008546 	1331.7 
491.82 	-0.0008546 	1165.2 
492.32 	-0.0008546 	1165.2 
492.82 	-0.0008546 	1165.2 
493.32 	-0.0008546 	1165.2 
493.82 	-0.0008546 	1165.2 
494.32 	-0.0008546 	1165.2 
494.82 	-0.0008546 	1165.2 
495.32 	-0.0008546 	1165.2 
495.82 	-0.0007478 	1165.2 
496.32 	-0.0008546 	1331.7 
496.82 	-0.0008546 	1165.2 
497.32 	-0.0008546 	1165.2 
497.82 	-0.0007478 	1165.2 
498.32 	-0.0007478 	1165.2 
498.82 	-0.0008546 	1165.2 
499.32 	-0.0008546 	1165.2 
499.82 	-0.0007478 	1165.2 
500.32 	-0.0007478 	998.74 
500.82 	-0.0007478 	998.74 
501.32 	-0.0008546 	1165.2 
501.82 	-0.0007478 	1331.7 
502.32 	-0.0007478 	1165.2 
502.82 	-0.0007478 	1165.2 
503.32 	-0.0007478 	1165.2 
503.82 	-0.0007478 	1331.7 
504.32 	-0.0007478 	1165.2 
504.82 	-0.0008546 	1165.2 
505.32 	-0.0007478 	1165.2 
505.82 	-0.0008546 	1165.2 
506.32 	-0.0007478 	1331.7 
506.82 	-0.0008546 	1165.2 
507.32 	-0.0008546 	1165.2 
507.82 	-0.0008546 	1331.7 
508.32 	-0.0008546 	1165.2 
508.82 	-0.0008546 	1165.2 
509.32 	-0.0007478 	1165.2 
509.82 	-0.0007478 	1165.2 
510.32 	-0.0008546 	1165.2 
510.82 	-0.0008546 	1165.2 
511.32 	-0.0007478 	1331.7 
511.82 	-0.0007478 	1165.2 
512.30 	-0.0007478 	1165.2 
512.80 	-0.0008546 	1165.2 
513.30 	-0.0008546 	1165.2 
513.80 	-0.0007478 	1331.7 
514.30 	-0.0007478 	1664.6 
514.80 	-0.0006409 	1664.6 
515.30 	-0.0006409 	1831.0 
515.80 	-0.0006409 	1831.0 
516.30 	-0.0005341 	1831.0 
516.80 	-0.0003204 	2496.9 
517.30 	0.00000 	2996.2 
517.80 	0.00031985 	3329.1 
518.08 	0.00053309 	3995.0 
518.58 	0.00063971 	4161.4 
519.08 	0.00085294 	4327.9 
519.58 	0.0010662 	4660.8 
520.08 	0.0013860 	5160.2 
520.45 	0.0018125 	5826.0 
520.75 	0.0022390 	6325.4 
521.08 	0.0026655 	6824.7 
521.38 	0.0029853 	7490.6 
521.68 	0.0034118 	7657.0 
522.02 	0.0037316 	8322.8 
522.32 	0.0041581 	8655.8 
522.60 	0.0043713 	9321.6 
522.92 	0.0047978 	9654.5 
523.30 	0.0051177 	10320 
523.67 	0.0055441 	10653 
524.00 	0.0058640 	11319 
524.50 	0.0061839 	11652 
524.78 	0.0066103 	11985 
525.23 	0.0068236 	12651 
525.68 	0.0072500 	12984 
526.18 	0.0075699 	13483 
526.68 	0.0078897 	14149 
527.18 	0.0081030 	14482 
527.68 	0.0084228 	14648 
528.18 	0.0087427 	15314 
528.68 	0.0091692 	15813 
529.02 	0.0093824 	16479 
529.38 	0.0098089 	16812 
529.85 	0.010129 	17478 
530.27 	0.010555 	17977 
530.77 	0.010875 	18477 
531.25 	0.011302 	18976 
531.75 	0.011621 	19475 
532.22 	0.011941 	20141 
532.72 	0.012261 	20474 
533.22 	0.012474 	20641 
533.72 	0.012581 	20807 
534.22 	0.012581 	20974 
534.72 	0.012688 	20974 
535.22 	0.012688 	20974 
535.72 	0.012794 	20974 
536.22 	0.012688 	20974 
536.72 	0.012688 	20974 
537.22 	0.012688 	20974 
537.72 	0.012794 	20974 
538.22 	0.012688 	20974 
538.72 	0.012688 	20974 
539.22 	0.012688 	20974 
539.72 	0.012794 	20974 
540.22 	0.012794 	20974 
540.72 	0.012688 	20974 
541.22 	0.012688 	20974 
541.72 	0.012688 	20974 
542.22 	0.012688 	20974 
542.72 	0.012688 	20974 
543.22 	0.012688 	20974 
543.72 	0.012581 	20974 
544.22 	0.012688 	20974 
544.72 	0.012794 	20974 
545.22 	0.012688 	20974 
545.72 	0.012688 	20974 
546.22 	0.012688 	20807 
546.72 	0.012581 	20974 
547.22 	0.012688 	20974 
547.72 	0.012688 	20974 
548.22 	0.012688 	20974 
548.72 	0.012688 	20807 
549.22 	0.012688 	20974 
549.72 	0.012688 	20974 
550.22 	0.012688 	20974 
550.72 	0.012688 	20974 
551.22 	0.012688 	20974 
551.72 	0.012688 	20974 
552.22 	0.012688 	20974 
552.72 	0.012794 	20974 
553.22 	0.012794 	20974 
553.72 	0.012688 	20974 
554.22 	0.012688 	20974 
554.72 	0.012688 	20974 
555.22 	0.012688 	20807 
555.72 	0.012688 	20974 
556.22 	0.012794 	20974 
556.72 	0.012794 	20974 
557.22 	0.012688 	20974 
557.72 	0.012688 	20807 
558.22 	0.012688 	20974 
558.72 	0.012688 	20974 
559.22 	0.012688 	20974 
559.72 	0.012688 	21140 
560.22 	0.012688 	20974 
560.72 	0.012581 	20974 
561.22 	0.012581 	20807 
561.72 	0.012688 	20974 
562.22 	0.012581 	20974 
562.72 	0.012581 	20974 
563.22 	0.012581 	20974 
563.72 	0.012581 	20974 
564.22 	0.012581 	20974 
564.72 	0.012581 	20974 
565.22 	0.012474 	20974 
565.72 	0.012581 	20974 
566.22 	0.012474 	20974 
566.72 	0.012581 	20974 
567.22 	0.012474 	20974 
567.72 	0.012474 	20974 
568.22 	0.012474 	20974 
568.72 	0.012474 	20807 
569.22 	0.012474 	20974 
569.72 	0.012474 	20974 
570.22 	0.012474 	20974 
570.72 	0.012368 	20974 
571.22 	0.012368 	20974 
571.72 	0.012368 	20974 
572.22 	0.012368 	20974 
572.72 	0.012368 	20974 
573.22 	0.012368 	20974 
573.72 	0.012368 	20974 
574.22 	0.012368 	20974 
574.72 	0.012368 	20974 
575.22 	0.012368 	20974 
575.72 	0.012261 	20974 
576.22 	0.012261 	20974 
576.72 	0.012368 	20974 
577.22 	0.012261 	20974 
577.72 	0.012261 	20807 
578.22 	0.012261 	20974 
578.72 	0.012261 	20974 
579.22 	0.012261 	20974 
579.72 	0.012261 	20974 
580.22 	0.012261 	20974 
580.72 	0.012154 	20974 
581.22 	0.012154 	20974 
581.72 	0.012154 	20807 
582.22 	0.012154 	20807 
582.72 	0.012261 	20974 
583.22 	0.012154 	21140 
583.72 	0.012261 	20974 
584.22 	0.012154 	20974 
584.72 	0.012261 	20974 
585.22 	0.012154 	20974 
585.72 	0.012261 	21140 
586.22 	0.012261 	20974 
586.72 	0.012261 	20974 
587.22 	0.012154 	20974 
587.72 	0.012154 	20807 
588.22 	0.012261 	20974 
588.72 	0.012261 	20974 
589.22 	0.012154 	20974 
589.72 	0.012154 	20807 
590.22 	0.012154 	20807 
590.72 	0.012154 	20974 
591.22 	0.012261 	20974 
591.72 	0.012261 	20974 
592.22 	0.012261 	20974 
592.65 	0.012261 	20807 
593.15 	0.012154 	20974 
593.65 	0.012261 	20807 
594.15 	0.012261 	21140 
594.65 	0.012261 	20974 
595.15 	0.012261 	20974 
595.65 	0.012261 	20974 
596.15 	0.012261 	20974 
596.65 	0.012261 	20974 
597.15 	0.012261 	20974 
597.65 	0.012261 	20974 
598.15 	0.012261 	20974 
598.65 	0.012154 	20807 
599.15 	0.012261 	20974 
599.65 	0.012261 	20974 
600.15 	0.012261 	20974 
600.65 	0.012368 	20974 
601.15 	0.012261 	20974 
601.65 	0.012261 	20974 
602.15 	0.012261 	20807 
602.65 	0.012261 	20974 
603.15 	0.012368 	21140 
603.65 	0.012261 	20974 
604.15 	0.012261 	20974 
604.65 	0.012261 	20807 
605.15 	0.012261 	20974 
605.65 	0.012261 	20974 
606.15 	0.012368 	20974 
606.65 	0.012261 	21140 
607.15 	0.012261 	20974 
607.65 	0.012154 	20974 
608.15 	0.012261 	20807 
608.65 	0.012261 	20807 
609.15 	0.012261 	20974 
609.65 	0.012368 	20974 
610.15 	0.012368 	21140 
610.65 	0.012261 	20974 
611.15 	0.012261 	20974 
611.65 	0.012261 	20807 
612.15 	0.012261 	20974 
612.65 	0.012261 	20974 
613.15 	0.012261 	20974 
613.65 	0.012261 	20974 
614.15 	0.012261 	20974 
614.65 	0.012261 	20974 
615.15 	0.012368 	20974 
615.65 	0.012261 	20974 
616.15 	0.012261 	20974 
616.65 	0.012261 	20807 
617.15 	0.012261 	20974 
617.65 	0.012261 	20974 
618.15 	0.012261 	20974 
618.65 	0.012368 	21140 
619.15 	0.012261 	20807 
619.65 	0.012261 	20807 
620.15 	0.012261 	20974 
620.65 	0.012261 	20974 
621.15 	0.012261 	20974 
621.65 	0.012261 	20974 
622.15 	0.012261 	20974 
622.65 	0.012261 	20974 
623.15 	0.012368 	20974 
623.65 	0.012368 	20974 
624.15 	0.012368 	20974 
624.65 	0.012368 	20974 
625.15 	0.012368 	20974 
625.65 	0.012368 	20974 
626.15 	0.012368 	20974 
626.65 	0.012368 	20974 
627.15 	0.012368 	20974 
627.65 	0.012368 	20807 
628.15 	0.012368 	20974 
628.65 	0.012368 	20974 
629.15 	0.012368 	20974 
629.65 	0.012368 	20974 
630.15 	0.012368 	20974 
630.65 	0.012368 	20974 
631.15 	0.012368 	20974 
631.65 	0.012368 	20974 
632.15 	0.012368 	21140 
632.65 	0.012368 	20974 
633.15 	0.012368 	20974 
633.65 	0.012368 	20807 
634.15 	0.012368 	20974 
634.65 	0.012368 	21140 
635.15 	0.012368 	21140 
635.65 	0.012368 	20974 
636.15 	0.012368 	20807 
636.65 	0.012368 	20807 
637.15 	0.012368 	20974 
637.65 	0.012368 	20974 
638.15 	0.012368 	20974 
638.65 	0.012368 	20974 
639.15 	0.012368 	20974 
639.65 	0.012368 	20974 
640.15 	0.012368 	20974 
640.65 	0.012368 	21140 
641.15 	0.012368 	20974 
641.65 	0.012368 	20974 
642.15 	0.012368 	20974 
642.65 	0.012368 	20974 
643.15 	0.012368 	20974 
643.65 	0.012368 	20974 
644.15 	0.012368 	20974 
644.65 	0.012368 	20807 
645.15 	0.012368 	20807 
645.65 	0.012368 	20974 
646.15 	0.012368 	20974 
646.65 	0.012368 	20974 
647.15 	0.012368 	20974 
647.65 	0.012368 	20807 
648.15 	0.012368 	20974 
648.65 	0.012368 	20974 
649.15 	0.012368 	20974 
649.65 	0.012368 	20974 
650.15 	0.012368 	20974 
650.65 	0.012368 	20974 
651.15 	0.012368 	20974 
651.65 	0.012368 	20974 
652.15 	0.012368 	20974 
652.65 	0.012368 	20974 
653.15 	0.012368 	20974 
653.65 	0.012368 	20974 
654.15 	0.012368 	20974 
654.65 	0.012368 	20974 
655.15 	0.012368 	20974 
655.65 	0.012368 	20974 
656.15 	0.012368 	20974 
656.65 	0.012368 	20974 
657.15 	0.012368 	20974 
657.65 	0.012368 	20974 
658.15 	0.012368 	20974 
658.65 	0.012368 	20974 
659.15 	0.012368 	20974 
659.65 	0.012368 	20974 
660.15 	0.012368 	20974 
660.65 	0.012368 	20974 
661.15 	0.012368 	20974 
661.65 	0.012368 	20807 
662.15 	0.012368 	20807 
662.65 	0.012368 	20807 
663.15 	0.012368 	20974 
663.65 	0.012368 	20974 
664.15 	0.012368 	20974 
664.65 	0.012368 	20807 
665.15 	0.012368 	20807 
665.65 	0.012368 	20974 
666.15 	0.012368 	21140 
666.65 	0.012368 	21140 
667.15 	0.012368 	20974 
667.65 	0.012368 	20974 
668.15 	0.012368 	20974 
668.65 	0.012368 	20974 
669.15 	0.012368 	20974 
669.65 	0.012368 	20974 
670.15 	0.012368 	20974 
670.65 	0.012368 	20974 
671.15 	0.012368 	20974 
671.65 	0.012368 	20974 
672.15 	0.012368 	20974 
672.65 	0.012368 	20974 
673.15 	0.012368 	20807 
673.65 	0.012368 	20974 
674.15 	0.012368 	20974 
674.65 	0.012368 	20974 
675.15 	0.012368 	20974 
675.65 	0.012368 	20807 
676.15 	0.012368 	20974 
676.65 	0.012368 	20974 
677.15 	0.012368 	20974 
677.65 	0.012368 	20974 
678.15 	0.012368 	20807 
678.65 	0.012368 	20807 
679.15 	0.012368 	20974 
679.65 	0.012368 	20974 
680.15 	0.012368 	20974 
680.65 	0.012368 	20974 
681.15 	0.012368 	20807 
681.65 	0.012368 	20974 
682.15 	0.012368 	20974 
682.65 	0.012368 	20974 
683.15 	0.012368 	20974 
683.65 	0.012368 	20974 
684.15 	0.012368 	20974 
684.65 	0.012368 	20974 
685.15 	0.012368 	21140 
685.65 	0.012368 	21639 
686.15 	0.012368 	21972 
686.65 	0.012368 	22472 
687.15 	0.012368 	22971 
687.65 	0.012368 	23470 
688.15 	0.012368 	23970 
688.65 	0.012368 	24469 
689.15 	0.012368 	24969 
689.60 	0.012368 	25634 
690.10 	0.012368 	25967 
690.58 	0.012368 	26633 
691.08 	0.012368 	26966 
691.58 	0.012368 	27632 
692.08 	0.012368 	27965 
692.58 	0.012368 	28464 
693.00 	0.012368 	29130 
693.50 	0.012368 	29463 
693.98 	0.012368 	30129 
694.48 	0.012368 	30462 
694.98 	0.012368 	30961 
695.48 	0.012368 	31460 
695.98 	0.012368 	31960 
696.48 	0.012368 	32293 
696.98 	0.012368 	32792 
697.47 	0.012368 	33458 
697.97 	0.012368 	33957 
698.47 	0.012368 	34457 
698.85 	0.012368 	35122 
699.25 	0.012368 	35788 
699.75 	0.012368 	36121 
700.22 	0.012368 	36787 
700.72 	0.012368 	37120 
701.17 	0.012368 	37786 
701.67 	0.012368 	38285 
702.17 	0.012368 	38784 
702.67 	0.012368 	39284 
703.17 	0.012368 	39783 
703.67 	0.012368 	40283 
704.15 	0.012368 	40948 
704.65 	0.012368 	41448 
705.15 	0.012368 	41947 
705.65 	0.012368 	42446 
706.15 	0.012368 	42946 
706.65 	0.012368 	43445 
707.15 	0.012368 	43945 
707.63 	0.012368 	44610 
708.13 	0.012368 	45110 
708.63 	0.012368 	45609 
709.13 	0.012368 	46109 
709.63 	0.012368 	46608 
710.13 	0.012368 	47107 
710.63 	0.012368 	47773 
711.13 	0.012368 	48272 
711.63 	0.012368 	48772 
712.13 	0.012368 	49271 
712.63 	0.012368 	49771 
713.13 	0.012368 	50270 
713.63 	0.012368 	50769 
714.12 	0.012368 	51435 
714.62 	0.012368 	51768 
715.05 	0.012368 	52434 
715.55 	0.012368 	52933 
716.05 	0.012368 	53433 
716.55 	0.012368 	53932 
717.05 	0.012368 	54431 
717.55 	0.012368 	54931 
718.05 	0.012368 	55597 
718.55 	0.012368 	55929 
719.00 	0.012368 	56595 
719.50 	0.012368 	57095 
720.00 	0.012368 	57428 
720.43 	0.012368 	58093 
720.93 	0.012368 	58426 
721.43 	0.012368 	59092 
721.93 	0.012368 	59592 
722.43 	0.012368 	60091 
722.93 	0.012368 	60590 
723.43 	0.012368 	61090 
723.93 	0.012368 	61589 
724.43 	0.012368 	62088 
724.93 	0.012368 	62588 
725.40 	0.012368 	63254 
725.90 	0.012368 	63753 
726.40 	0.012368 	64252 
726.90 	0.012368 	64752 
727.40 	0.012368 	65251 
727.90 	0.012368 	65750 
728.40 	0.012368 	66250 
728.90 	0.012368 	66749 
729.40 	0.012368 	67249 
729.90 	0.012368 	67914 
730.40 	0.012368 	68247 
730.85 	0.012368 	68913 
731.35 	0.012368 	69246 
731.85 	0.012368 	69745 
732.35 	0.012368 	69745 
732.73 	0.012368 	70411 
733.20 	0.012368 	71077 
733.70 	0.012368 	71576 
734.17 	0.012368 	72242 
734.67 	0.012368 	72742 
735.17 	0.012368 	73241 
735.67 	0.012368 	73740 
736.17 	0.012368 	74073 
736.67 	0.012368 	73740 
737.12 	0.012368 	74406 
737.62 	0.012368 	74906 
738.12 	0.012368 	75405 
738.62 	0.012368 	75738 
739.05 	0.012368 	76404 
739.55 	0.012368 	76570 
740.02 	0.012368 	77236 
740.42 	0.012368 	77902 
740.68 	0.012368 	76903 
741.18 	0.012368 	77402 
741.60 	0.012368 	78068 
742.10 	0.012368 	77902 
742.60 	0.012368 	77735 
743.07 	0.012368 	77069 
743.57 	0.012368 	76737 
743.93 	0.012368 	76071 
744.05 	0.012368 	75238 
744.13 	0.012368 	74573 
744.25 	0.012368 	73740 
744.32 	0.012368 	73075 
744.35 	0.012368 	71743 
744.37 	0.012368 	64252 
744.38 	0.012368 	44610 
