Tempo(s)	Deformação(mm)	Força(N)
 0.016667 	0.00000 	1165.2 
0.51667 	-0.0001068 	1165.2 
1.0167 	-0.0001068 	1331.7 
1.5167 	-0.0002136 	1498.1 
2.0167 	-0.0001068 	1664.6 
2.5167 	0.00000 	1664.6 
3.0167 	0.00042647 	2163.9 
3.4333 	0.00085294 	2496.9 
3.7667 	0.0012794 	2829.8 
4.2167 	0.0017059 	3329.1 
4.7167 	0.0020257 	3495.6 
5.2167 	0.0022390 	3995.0 
5.7167 	0.0025588 	4327.9 
6.0833 	0.0029853 	4660.8 
6.4000 	0.0034118 	4993.7 
6.7167 	0.0037316 	5826.0 
6.9333 	0.0041581 	5826.0 
7.2333 	0.0045846 	6325.4 
7.5167 	0.0050111 	6491.8 
7.7667 	0.0053309 	7157.6 
8.0333 	0.0057574 	7490.6 
8.3167 	0.0061839 	7989.9 
8.6000 	0.0066103 	8156.4 
8.8500 	0.0070368 	8489.3 
9.1167 	0.0073566 	9155.1 
9.3833 	0.0077831 	9155.1 
9.6000 	0.0081030 	9820.9 
9.9167 	0.0085294 	9987.4 
10.217 	0.0089559 	10320 
10.550 	0.0093824 	10820 
10.883 	0.0098089 	11153 
11.200 	0.010235 	11486 
11.617 	0.010662 	12151 
11.967 	0.011088 	12318 
12.350 	0.011515 	12984 
12.750 	0.011941 	13317 
13.117 	0.012368 	13649 
13.617 	0.012688 	14149 
14.017 	0.013114 	14315 
14.500 	0.013434 	14981 
14.883 	0.013860 	15148 
15.383 	0.014180 	15647 
15.683 	0.014607 	15980 
15.983 	0.015033 	16479 
16.267 	0.015460 	16979 
16.617 	0.015886 	17312 
17.000 	0.016313 	17811 
17.383 	0.016739 	18310 
17.733 	0.017166 	18643 
18.150 	0.017592 	19143 
18.533 	0.018018 	19475 
18.933 	0.018445 	19975 
19.367 	0.018871 	20308 
19.817 	0.019298 	20641 
20.317 	0.019511 	20807 
20.817 	0.019618 	20974 
21.317 	0.019724 	20974 
21.817 	0.019831 	20974 
22.317 	0.020044 	21140 
22.817 	0.020044 	21140 
23.317 	0.020044 	21140 
23.817 	0.020044 	21140 
24.317 	0.020044 	21140 
24.817 	0.020044 	21140 
25.317 	0.020151 	21140 
25.817 	0.020151 	21140 
26.317 	0.020044 	21140 
26.817 	0.020044 	21140 
27.317 	0.020151 	21140 
27.817 	0.020044 	21140 
28.317 	0.020151 	21140 
28.817 	0.020044 	21140 
29.317 	0.020044 	21140 
29.817 	0.020044 	21140 
30.317 	0.020044 	21140 
30.817 	0.020044 	21306 
31.317 	0.020044 	21306 
31.817 	0.020044 	21140 
32.317 	0.020044 	21140 
32.817 	0.020044 	21140 
33.317 	0.020044 	21140 
33.817 	0.020044 	21306 
34.317 	0.020044 	21140 
34.817 	0.020044 	21140 
35.317 	0.020044 	21140 
35.817 	0.020044 	21306 
36.317 	0.020044 	21140 
36.817 	0.020044 	21140 
37.317 	0.020044 	21140 
37.817 	0.020044 	21140 
38.317 	0.020044 	21140 
38.817 	0.020044 	21140 
39.317 	0.020151 	21140 
39.817 	0.020044 	21140 
40.317 	0.019938 	21140 
40.817 	0.020044 	20974 
41.317 	0.020044 	21140 
41.817 	0.020044 	21140 
42.317 	0.020044 	21140 
42.817 	0.020044 	21140 
43.317 	0.019938 	21140 
43.817 	0.019938 	21140 
44.317 	0.019938 	21140 
44.817 	0.020044 	21140 
45.317 	0.020044 	21306 
45.817 	0.019938 	21140 
46.317 	0.019938 	20974 
46.817 	0.019938 	20974 
47.317 	0.019938 	21140 
47.817 	0.019938 	21140 
48.317 	0.019938 	21140 
48.817 	0.019938 	21140 
49.317 	0.019938 	20974 
49.817 	0.019938 	21140 
50.317 	0.019938 	21140 
50.817 	0.019938 	21306 
51.317 	0.019938 	21140 
51.817 	0.019938 	21140 
52.317 	0.019938 	21140 
52.817 	0.019938 	21140 
53.317 	0.019938 	21140 
53.817 	0.019938 	21306 
54.317 	0.019938 	21140 
54.817 	0.019938 	21140 
55.317 	0.019938 	21140 
55.817 	0.019938 	21140 
56.317 	0.019938 	21306 
56.817 	0.019938 	21306 
57.317 	0.019938 	21140 
57.817 	0.019938 	21140 
58.317 	0.019938 	20974 
58.817 	0.019938 	21140 
59.317 	0.019938 	21306 
59.817 	0.019938 	21306 
60.317 	0.019938 	21140 
60.817 	0.019938 	20974 
61.317 	0.019831 	21140 
61.817 	0.019938 	21140 
62.317 	0.019938 	21306 
62.817 	0.019938 	21140 
63.317 	0.019938 	20974 
63.817 	0.019938 	21140 
64.317 	0.019938 	20974 
64.817 	0.019938 	21140 
65.317 	0.019938 	21140 
65.817 	0.019938 	21140 
66.317 	0.019831 	20974 
66.817 	0.019831 	21140 
67.317 	0.019831 	21140 
67.817 	0.019938 	20974 
68.317 	0.019938 	21140 
68.817 	0.019831 	21140 
69.317 	0.019831 	21140 
69.817 	0.019831 	21140 
70.317 	0.019831 	21140 
70.817 	0.019831 	21140 
71.317 	0.019831 	21140 
71.817 	0.019831 	21306 
72.317 	0.019831 	21140 
72.817 	0.019831 	21140 
73.317 	0.019831 	21140 
73.817 	0.019831 	21140 
74.317 	0.019831 	21140 
74.817 	0.019724 	21140 
75.317 	0.019831 	21140 
75.817 	0.019724 	21140 
76.317 	0.019831 	21140 
76.817 	0.019831 	21306 
77.317 	0.019831 	21140 
77.817 	0.019724 	21140 
78.317 	0.019724 	21140 
78.817 	0.019724 	21140 
79.317 	0.019724 	21140 
79.817 	0.019724 	21140 
80.317 	0.019724 	20974 
80.817 	0.019404 	20474 
81.183 	0.018978 	20141 
81.683 	0.018658 	19642 
82.100 	0.018232 	19309 
82.567 	0.017805 	18810 
83.067 	0.017485 	18310 
83.483 	0.017059 	17811 
83.967 	0.016632 	17478 
84.467 	0.016313 	16979 
84.917 	0.015886 	16479 
85.417 	0.015673 	16146 
85.867 	0.015246 	15813 
86.367 	0.014927 	15480 
86.683 	0.014500 	14981 
87.017 	0.014074 	14482 
87.333 	0.013647 	13982 
87.700 	0.013221 	13649 
88.133 	0.012794 	13150 
88.517 	0.012368 	12651 
88.950 	0.011941 	12318 
89.350 	0.011515 	11818 
89.833 	0.011088 	11319 
90.333 	0.010768 	10653 
90.833 	0.010449 	10320 
91.233 	0.010022 	9820.9 
91.733 	0.0097022 	9488.0 
92.083 	0.0092758 	8988.7 
92.517 	0.0088493 	8655.8 
92.983 	0.0087427 	7989.9 
93.483 	0.0083162 	7490.6 
93.883 	0.0078897 	7324.1 
94.167 	0.0075699 	6658.3 
94.517 	0.0071434 	6491.8 
94.867 	0.0067169 	6325.4 
95.233 	0.0063971 	5659.5 
95.567 	0.0059706 	5326.6 
95.967 	0.0055441 	5160.2 
96.400 	0.0051177 	4660.8 
96.817 	0.0046912 	4327.9 
97.183 	0.0042647 	3995.0 
97.633 	0.0038383 	3662.0 
98.033 	0.0034118 	3329.1 
98.450 	0.0029853 	2996.2 
98.900 	0.0025588 	2663.3 
99.400 	0.0022390 	2330.4 
99.900 	0.0019191 	2330.4 
100.40 	0.0019191 	2330.4 
100.90 	0.0018125 	2163.9 
101.40 	0.0015993 	1997.5 
101.90 	0.0015993 	1997.5 
102.40 	0.0014927 	1831.0 
102.90 	0.0013860 	1831.0 
103.40 	0.0013860 	1831.0 
103.90 	0.0012794 	1831.0 
104.40 	0.0011728 	1831.0 
104.90 	0.0011728 	1664.6 
105.40 	0.0010662 	1498.1 
105.90 	0.0010662 	1498.1 
106.40 	0.00095956 	1498.1 
106.90 	0.00095956 	1498.1 
107.40 	0.00085294 	1498.1 
107.90 	0.00085294 	1498.1 
108.40 	0.00085294 	1331.7 
108.90 	0.00085294 	1331.7 
109.40 	0.00085294 	1331.7 
109.90 	0.00074633 	1331.7 
110.40 	0.00074633 	1331.7 
110.90 	0.00074633 	1331.7 
111.40 	0.00074633 	1165.2 
111.90 	0.00074633 	1165.2 
112.40 	0.00074633 	1165.2 
112.90 	0.00074633 	1165.2 
113.40 	0.00063971 	1165.2 
113.90 	0.00063971 	1165.2 
114.40 	0.00063971 	1165.2 
114.90 	0.00031985 	1165.2 
115.40 	0.00031985 	1165.2 
115.90 	0.00031985 	1165.2 
116.40 	0.00031985 	1165.2 
116.90 	0.00031985 	1165.2 
117.40 	0.00021324 	1165.2 
117.90 	0.00021324 	1165.2 
118.40 	0.00031985 	1165.2 
118.90 	0.00021324 	1165.2 
119.40 	0.00021324 	1165.2 
119.90 	0.00021324 	1165.2 
120.40 	0.00031985 	1331.7 
120.90 	0.00021324 	1165.2 
121.40 	0.00021324 	1165.2 
121.90 	0.00021324 	1165.2 
122.40 	0.00031985 	1165.2 
122.90 	0.00031985 	1165.2 
123.40 	0.00021324 	1165.2 
123.90 	0.00031985 	1165.2 
124.40 	0.00021324 	1165.2 
124.90 	0.00021324 	1165.2 
125.40 	0.00021324 	1165.2 
125.90 	0.00021324 	1331.7 
126.40 	0.00021324 	1165.2 
126.90 	0.00021324 	1165.2 
127.40 	0.00021324 	1165.2 
127.90 	0.00021324 	1165.2 
128.40 	0.00010662 	1165.2 
128.90 	0.00021324 	1165.2 
129.40 	0.00021324 	1331.7 
129.90 	0.00021324 	1165.2 
130.40 	0.00021324 	1165.2 
130.90 	0.00010662 	1331.7 
131.40 	0.00021324 	1165.2 
131.90 	0.00021324 	1165.2 
132.40 	0.00010662 	1165.2 
132.90 	0.00010662 	1165.2 
133.40 	0.00021324 	1165.2 
133.90 	0.00010662 	1165.2 
134.40 	0.00021324 	1165.2 
134.90 	0.00021324 	1165.2 
135.40 	0.00010662 	1331.7 
135.90 	0.00021324 	1165.2 
136.40 	0.00010662 	1165.2 
136.90 	0.00021324 	1165.2 
137.40 	0.00010662 	1165.2 
137.90 	0.00010662 	1165.2 
138.40 	0.00021324 	1165.2 
138.90 	0.00010662 	1165.2 
139.40 	0.00010662 	1165.2 
139.90 	0.00010662 	1165.2 
140.40 	0.00010662 	1165.2 
140.90 	0.00010662 	1165.2 
141.40 	0.00010662 	1165.2 
141.90 	0.00010662 	1165.2 
142.40 	0.00010662 	1165.2 
142.90 	0.00010662 	1165.2 
143.40 	0.00021324 	1165.2 
143.90 	0.00010662 	1165.2 
144.40 	0.00010662 	1165.2 
144.90 	0.00021324 	1331.7 
145.40 	0.00010662 	1165.2 
145.90 	0.00010662 	1165.2 
146.40 	0.00021324 	1165.2 
146.90 	0.00010662 	1165.2 
147.40 	0.00010662 	1165.2 
147.90 	0.00010662 	1165.2 
148.40 	0.00010662 	1165.2 
148.90 	0.00010662 	1165.2 
149.40 	0.00021324 	1165.2 
149.90 	0.00010662 	1165.2 
150.40 	0.00010662 	1165.2 
150.90 	0.00010662 	1165.2 
151.40 	0.00010662 	1165.2 
151.90 	0.00010662 	1165.2 
152.40 	0.00010662 	1165.2 
152.90 	0.00010662 	1165.2 
153.40 	0.00021324 	1165.2 
153.90 	0.00010662 	1165.2 
154.40 	0.00010662 	1165.2 
154.90 	0.00010662 	1165.2 
155.40 	0.00010662 	1165.2 
155.90 	0.00010662 	1165.2 
156.40 	0.00010662 	1165.2 
156.90 	0.00010662 	1165.2 
157.40 	0.00010662 	1165.2 
157.90 	0.00010662 	1165.2 
158.40 	0.00010662 	1165.2 
158.90 	0.00010662 	1165.2 
159.40 	0.00010662 	1165.2 
159.90 	0.00010662 	998.74 
160.40 	0.00010662 	1165.2 
160.90 	0.00010662 	1165.2 
161.40 	0.00010662 	1165.2 
161.90 	0.00010662 	1165.2 
162.40 	0.00010662 	1498.1 
162.90 	0.00021324 	1664.6 
163.40 	0.00031985 	1831.0 
163.88 	0.00074633 	2330.4 
164.32 	0.0011728 	2663.3 
164.75 	0.0015993 	2996.2 
165.20 	0.0020257 	3329.1 
165.70 	0.0023456 	3828.5 
166.20 	0.0025588 	3828.5 
166.70 	0.0028787 	4161.4 
167.13 	0.0033052 	4827.2 
167.52 	0.0037316 	5160.2 
167.80 	0.0041581 	5493.1 
168.08 	0.0045846 	5992.4 
168.37 	0.0050111 	6325.4 
168.63 	0.0053309 	6991.2 
168.88 	0.0057574 	6991.2 
169.13 	0.0060772 	7657.0 
169.40 	0.0065037 	7989.9 
169.73 	0.0069302 	8322.8 
170.02 	0.0073566 	8822.2 
170.32 	0.0077831 	9155.1 
170.65 	0.0082096 	9488.0 
170.95 	0.0086361 	9987.4 
171.23 	0.0090625 	10320 
171.58 	0.0094890 	10487 
171.85 	0.0098089 	11153 
172.23 	0.010235 	11319 
172.58 	0.010662 	11652 
172.87 	0.010982 	12318 
173.18 	0.011408 	12484 
173.55 	0.011835 	12984 
173.97 	0.012261 	13483 
174.37 	0.012688 	13816 
174.87 	0.013007 	14315 
175.27 	0.013434 	14482 
175.73 	0.013860 	14981 
176.23 	0.014180 	15480 
176.62 	0.014607 	15647 
176.92 	0.015033 	16313 
177.23 	0.015460 	16646 
177.52 	0.015886 	17145 
177.90 	0.016313 	17478 
178.27 	0.016739 	17977 
178.67 	0.017166 	18310 
179.07 	0.017592 	18976 
179.40 	0.018018 	19143 
179.85 	0.018445 	19808 
180.28 	0.018871 	20141 
180.73 	0.019298 	20641 
181.23 	0.019511 	20807 
181.73 	0.019618 	20807 
182.23 	0.019724 	20974 
182.73 	0.019831 	20974 
183.23 	0.019831 	21140 
183.73 	0.019938 	21140 
184.23 	0.019938 	21140 
184.73 	0.019938 	21140 
185.23 	0.019831 	21140 
185.73 	0.019938 	21140 
186.23 	0.019938 	21140 
186.73 	0.020044 	21140 
187.23 	0.019938 	21140 
187.73 	0.019938 	21140 
188.23 	0.020044 	21140 
188.73 	0.020044 	21140 
189.23 	0.020044 	20974 
189.73 	0.020044 	21140 
190.23 	0.020151 	21140 
190.73 	0.020151 	21140 
191.23 	0.020044 	21140 
191.73 	0.020044 	21140 
192.23 	0.020044 	21140 
192.73 	0.020151 	21140 
193.23 	0.020151 	21140 
193.73 	0.020151 	21140 
194.23 	0.020151 	21140 
194.73 	0.020151 	21140 
195.23 	0.020044 	21140 
195.73 	0.020044 	21140 
196.23 	0.020044 	21140 
196.73 	0.019831 	21140 
197.23 	0.019618 	21140 
197.73 	0.019618 	21140 
198.23 	0.019511 	21140 
198.73 	0.019511 	21140 
199.23 	0.019511 	21140 
199.73 	0.019511 	21140 
200.23 	0.019511 	21140 
200.73 	0.019511 	21140 
201.23 	0.019511 	21140 
201.73 	0.019618 	21140 
202.23 	0.019511 	20974 
202.73 	0.019511 	21140 
203.23 	0.019511 	21140 
203.73 	0.019511 	21140 
204.23 	0.019511 	21140 
204.73 	0.019511 	21140 
205.23 	0.019511 	20974 
205.73 	0.019404 	21140 
206.23 	0.019404 	21140 
206.73 	0.019511 	21140 
207.23 	0.019511 	21140 
207.73 	0.019511 	21140 
208.23 	0.019511 	20974 
208.73 	0.019404 	20974 
209.23 	0.019511 	21140 
209.73 	0.019511 	21140 
210.23 	0.019511 	21140 
210.73 	0.019511 	20974 
211.23 	0.019511 	21140 
211.73 	0.019511 	21140 
212.23 	0.019511 	21140 
212.73 	0.019511 	21306 
213.23 	0.019404 	21140 
213.73 	0.019404 	21140 
214.23 	0.019404 	21140 
214.73 	0.019404 	20974 
215.23 	0.019404 	21140 
215.73 	0.019511 	21306 
216.23 	0.019404 	21306 
216.73 	0.019404 	21140 
217.23 	0.019404 	20974 
217.73 	0.019404 	21140 
218.23 	0.019404 	21140 
218.73 	0.019404 	21306 
219.23 	0.019511 	21140 
219.73 	0.019404 	21306 
220.23 	0.019404 	21140 
220.73 	0.019404 	21140 
221.23 	0.019404 	21140 
221.73 	0.019404 	21140 
222.23 	0.019511 	21306 
222.73 	0.019404 	21306 
223.23 	0.019511 	21140 
223.73 	0.019404 	21140 
224.23 	0.019298 	21140 
224.73 	0.019298 	21140 
225.23 	0.019404 	21140 
225.73 	0.019404 	21140 
226.23 	0.019298 	21140 
226.73 	0.019298 	21140 
227.23 	0.019298 	21140 
227.73 	0.019298 	21140 
228.23 	0.019404 	21306 
228.73 	0.019298 	21306 
229.23 	0.019298 	21140 
229.73 	0.019298 	21140 
230.23 	0.019298 	21140 
230.73 	0.019298 	21140 
231.23 	0.019298 	21140 
231.73 	0.019298 	20974 
232.23 	0.019298 	21140 
232.73 	0.019298 	21140 
233.23 	0.019298 	21306 
233.73 	0.019298 	21306 
234.23 	0.019298 	21140 
234.73 	0.019191 	21140 
235.23 	0.019298 	21140 
235.73 	0.019298 	21140 
236.23 	0.019298 	21140 
236.73 	0.019191 	21140 
237.23 	0.019191 	21140 
237.73 	0.019298 	21140 
238.23 	0.019191 	21140 
238.73 	0.019191 	21140 
239.23 	0.019191 	21306 
239.73 	0.019191 	21140 
240.23 	0.019191 	21140 
240.73 	0.019191 	21140 
241.23 	0.018978 	20807 
241.73 	0.018658 	20474 
242.23 	0.018338 	19975 
242.63 	0.017912 	19475 
243.13 	0.017592 	18976 
243.62 	0.017166 	18643 
244.07 	0.016739 	18144 
244.52 	0.016313 	17644 
244.98 	0.015886 	17145 
245.48 	0.015673 	16646 
245.95 	0.015246 	16313 
246.45 	0.015033 	15980 
246.90 	0.014607 	15480 
247.32 	0.014180 	15148 
247.67 	0.013754 	14648 
248.00 	0.013327 	14315 
248.37 	0.012901 	13816 
248.75 	0.012474 	13317 
249.17 	0.012048 	12984 
249.58 	0.011621 	12484 
250.00 	0.011195 	11985 
250.42 	0.010768 	11652 
250.80 	0.010342 	11153 
251.25 	0.0099155 	10653 
251.67 	0.0094890 	10320 
252.07 	0.0090625 	9987.4 
252.43 	0.0087427 	9321.6 
252.73 	0.0083162 	8988.7 
253.13 	0.0078897 	8822.2 
253.52 	0.0074633 	8322.8 
253.93 	0.0070368 	8156.4 
254.15 	0.0068236 	7490.6 
254.52 	0.0063971 	7490.6 
254.85 	0.0060772 	6824.7 
255.10 	0.0056508 	6824.7 
255.52 	0.0052243 	6158.9 
255.93 	0.0047978 	5826.0 
256.28 	0.0043713 	5493.1 
256.65 	0.0039449 	5326.6 
257.07 	0.0035184 	4827.2 
257.47 	0.0030919 	4494.3 
257.85 	0.0026655 	4161.4 
258.25 	0.0022390 	3828.5 
258.65 	0.0018125 	3495.6 
259.05 	0.0013860 	3162.7 
259.52 	0.00095956 	2663.3 
260.00 	0.00053309 	2496.9 
260.50 	0.00031985 	2330.4 
261.00 	0.00010662 	2330.4 
261.50 	0.00010662 	2163.9 
262.00 	0.00000 	2163.9 
262.50 	-0.0001068 	1997.5 
263.00 	-0.0002136 	1997.5 
263.50 	-0.0003204 	1997.5 
264.00 	-0.0004273 	1997.5 
264.50 	-0.0005341 	1831.0 
265.00 	-0.0005341 	1664.6 
265.50 	-0.0006409 	1664.6 
266.00 	-0.0007478 	1664.6 
266.50 	-0.0007478 	1498.1 
267.00 	-0.0008546 	1498.1 
267.50 	-0.0008546 	1498.1 
268.00 	-0.0008546 	1498.1 
268.50 	-0.0008546 	1498.1 
269.00 	-0.0009614 	1498.1 
269.50 	-0.0009614 	1331.7 
270.00 	-0.0009614 	1331.7 
270.50 	-0.0009614 	1331.7 
271.00 	-0.0010683 	1498.1 
271.50 	-0.0010683 	1331.7 
272.00 	-0.0010683 	1165.2 
272.50 	-0.0010683 	1165.2 
273.00 	-0.0010683 	1331.7 
273.50 	-0.0010683 	1165.2 
274.00 	-0.0010683 	1165.2 
274.50 	-0.0011751 	1165.2 
275.00 	-0.0011751 	1165.2 
275.50 	-0.0011751 	1331.7 
276.00 	-0.0011751 	1165.2 
276.50 	-0.0011751 	1331.7 
277.00 	-0.0011751 	1165.2 
277.50 	-0.0011751 	1165.2 
278.00 	-0.0011751 	1165.2 
278.50 	-0.0011751 	1165.2 
279.00 	-0.0010683 	1165.2 
279.50 	-0.0011751 	1165.2 
280.00 	-0.0011751 	1165.2 
280.50 	-0.0011751 	1165.2 
281.00 	-0.0011751 	1165.2 
281.50 	-0.0011751 	1165.2 
282.00 	-0.0011751 	1331.7 
282.50 	-0.0011751 	1165.2 
283.00 	-0.0011751 	1165.2 
283.50 	-0.0011751 	1165.2 
284.00 	-0.0011751 	1165.2 
284.50 	-0.0011751 	1165.2 
285.00 	-0.0011751 	1165.2 
285.50 	-0.0011751 	1165.2 
286.00 	-0.0011751 	1331.7 
286.50 	-0.0012820 	1165.2 
287.00 	-0.0011751 	1165.2 
287.50 	-0.0011751 	1165.2 
288.00 	-0.0011751 	1165.2 
288.50 	-0.0011751 	1165.2 
289.00 	-0.0011751 	1165.2 
289.50 	-0.0011751 	1165.2 
290.00 	-0.0012820 	1165.2 
290.50 	-0.0011751 	1165.2 
291.00 	-0.0011751 	1165.2 
291.50 	-0.0011751 	1165.2 
292.00 	-0.0012820 	1165.2 
292.50 	-0.0012820 	1165.2 
293.00 	-0.0011751 	1165.2 
293.50 	-0.0012820 	1165.2 
294.00 	-0.0011751 	1165.2 
294.50 	-0.0011751 	1165.2 
295.00 	-0.0011751 	1165.2 
295.50 	-0.0012820 	1165.2 
296.00 	-0.0011751 	1165.2 
296.50 	-0.0011751 	1165.2 
297.00 	-0.0011751 	1165.2 
297.50 	-0.0012820 	1165.2 
298.00 	-0.0012820 	1165.2 
298.50 	-0.0012820 	1165.2 
299.00 	-0.0012820 	1165.2 
299.50 	-0.0012820 	1165.2 
300.00 	-0.0012820 	1165.2 
300.50 	-0.0012820 	1165.2 
301.00 	-0.0012820 	1165.2 
301.50 	-0.0012820 	1165.2 
302.00 	-0.0012820 	1165.2 
302.50 	-0.0012820 	1165.2 
303.00 	-0.0012820 	1165.2 
303.50 	-0.0012820 	1165.2 
304.00 	-0.0012820 	1165.2 
304.50 	-0.0012820 	1165.2 
305.00 	-0.0013888 	1165.2 
305.50 	-0.0012820 	1165.2 
306.00 	-0.0013888 	1331.7 
306.50 	-0.0012820 	1165.2 
307.00 	-0.0012820 	1165.2 
307.50 	-0.0011751 	1165.2 
308.00 	-0.0012820 	1165.2 
308.50 	-0.0012820 	1165.2 
309.00 	-0.0012820 	1165.2 
309.50 	-0.0012820 	1165.2 
310.00 	-0.0012820 	1165.2 
310.50 	-0.0012820 	1165.2 
311.00 	-0.0013888 	1165.2 
311.50 	-0.0012820 	1331.7 
312.00 	-0.0013888 	1165.2 
312.50 	-0.0013888 	1165.2 
313.00 	-0.0012820 	1165.2 
313.50 	-0.0012820 	1165.2 
314.00 	-0.0013888 	1165.2 
314.50 	-0.0013888 	1165.2 
315.00 	-0.0012820 	1165.2 
315.50 	-0.0013888 	1165.2 
316.00 	-0.0013888 	1331.7 
316.50 	-0.0013888 	1165.2 
317.00 	-0.0012820 	1165.2 
317.50 	-0.0013888 	1165.2 
318.00 	-0.0012820 	1165.2 
318.50 	-0.0013888 	1165.2 
319.00 	-0.0014956 	1165.2 
319.50 	-0.0013888 	1331.7 
320.00 	-0.0013888 	1165.2 
320.50 	-0.0013888 	1165.2 
321.00 	-0.0013888 	1165.2 
321.50 	-0.0013888 	1331.7 
322.00 	-0.0013888 	1165.2 
322.50 	-0.0013888 	1165.2 
323.00 	-0.0013888 	1498.1 
323.50 	-0.0013888 	1664.6 
324.00 	-0.0012820 	1664.6 
324.50 	-0.0013888 	1831.0 
325.00 	-0.0011751 	1997.5 
325.50 	-0.0008546 	2330.4 
325.75 	-0.0004273 	2663.3 
326.08 	0.00000 	2996.2 
326.38 	0.00042647 	3329.1 
326.75 	0.00085294 	3662.0 
327.25 	0.0011728 	3995.0 
327.75 	0.0013860 	4161.4 
328.18 	0.0017059 	4827.2 
328.45 	0.0021324 	4993.7 
328.75 	0.0025588 	5493.1 
329.07 	0.0029853 	5826.0 
329.33 	0.0034118 	6491.8 
329.62 	0.0038383 	6658.3 
329.93 	0.0042647 	7157.6 
330.20 	0.0046912 	7490.6 
330.50 	0.0051177 	8156.4 
330.80 	0.0055441 	8322.8 
331.10 	0.0059706 	8822.2 
331.37 	0.0063971 	9321.6 
331.63 	0.0068236 	9654.5 
331.93 	0.0072500 	9820.9 
332.18 	0.0075699 	10487 
332.50 	0.0079964 	10653 
332.85 	0.0084228 	10986 
333.18 	0.0087427 	11652 
333.47 	0.0091692 	11985 
333.85 	0.0095956 	12318 
334.25 	0.010022 	12651 
334.60 	0.010449 	13150 
335.00 	0.010875 	13483 
335.45 	0.011302 	13982 
335.95 	0.011728 	14315 
336.45 	0.012048 	14815 
336.90 	0.012474 	15148 
337.35 	0.012901 	15647 
337.65 	0.013327 	16146 
337.95 	0.013754 	16479 
338.30 	0.014180 	16979 
338.65 	0.014607 	17478 
339.03 	0.015033 	17977 
339.42 	0.015460 	18310 
339.83 	0.015886 	18810 
340.20 	0.016313 	19143 
340.63 	0.016632 	19808 
340.95 	0.017059 	19975 
341.38 	0.017485 	20474 
341.88 	0.017805 	20807 
342.38 	0.018018 	20807 
342.88 	0.018232 	20974 
343.38 	0.018338 	21140 
343.88 	0.018552 	21140 
344.38 	0.018658 	21140 
344.88 	0.018658 	21140 
345.38 	0.018552 	21140 
345.88 	0.018552 	21140 
346.38 	0.018552 	20974 
346.88 	0.018658 	21140 
347.38 	0.018658 	21140 
347.88 	0.018658 	21140 
348.38 	0.018552 	21140 
348.88 	0.018552 	20974 
349.38 	0.018552 	20974 
349.88 	0.018658 	21140 
350.38 	0.018658 	21140 
350.88 	0.018658 	21140 
351.38 	0.018658 	21140 
351.88 	0.018552 	21140 
352.38 	0.018658 	21140 
352.88 	0.018658 	21140 
353.38 	0.018658 	21140 
353.88 	0.018658 	21140 
354.38 	0.018552 	21140 
354.88 	0.018658 	21140 
355.38 	0.018658 	21140 
355.88 	0.018658 	21140 
356.38 	0.018658 	21140 
356.88 	0.018658 	21140 
357.38 	0.018658 	21140 
357.88 	0.018658 	21140 
358.38 	0.018658 	21140 
358.88 	0.018658 	21140 
359.38 	0.018658 	21140 
359.88 	0.018552 	21140 
360.38 	0.018552 	21140 
360.88 	0.018658 	21140 
361.38 	0.018658 	21140 
361.88 	0.018658 	21140 
362.38 	0.018658 	21140 
362.88 	0.018552 	21140 
363.38 	0.018552 	21140 
363.88 	0.018658 	21140 
364.38 	0.018658 	21140 
364.88 	0.018658 	21140 
365.38 	0.018658 	21140 
365.88 	0.018658 	21140 
366.38 	0.018658 	21140 
366.88 	0.018658 	21306 
367.38 	0.018658 	21140 
367.88 	0.018658 	21140 
368.38 	0.018552 	21140 
368.88 	0.018552 	21140 
369.38 	0.018552 	20974 
369.88 	0.018658 	21140 
370.38 	0.018658 	21140 
370.88 	0.018658 	21306 
371.38 	0.018552 	21140 
371.88 	0.018552 	21140 
372.38 	0.018552 	21140 
372.88 	0.018552 	21140 
373.38 	0.018658 	21140 
373.88 	0.018658 	21140 
374.38 	0.018552 	20974 
374.88 	0.018552 	20974 
375.38 	0.018658 	20974 
375.88 	0.018658 	21140 
376.38 	0.018658 	21140 
376.88 	0.018658 	21140 
377.38 	0.018552 	21140 
377.88 	0.018552 	21140 
378.38 	0.018658 	21140 
378.88 	0.018658 	21306 
379.38 	0.018658 	21140 
379.88 	0.018658 	21306 
380.38 	0.018658 	21140 
380.88 	0.018552 	21140 
381.38 	0.018552 	21140 
381.88 	0.018658 	21140 
382.38 	0.018658 	21140 
382.88 	0.018658 	21140 
383.38 	0.018552 	21140 
383.88 	0.018552 	20974 
384.38 	0.018658 	21140 
384.88 	0.018658 	21140 
385.38 	0.018658 	21306 
385.88 	0.018658 	21140 
386.38 	0.018658 	21140 
386.88 	0.018658 	21140 
387.38 	0.018658 	21140 
387.88 	0.018658 	21306 
388.38 	0.018658 	21306 
388.88 	0.018658 	21140 
389.38 	0.018658 	21140 
389.88 	0.018552 	21140 
390.38 	0.018658 	21140 
390.88 	0.018658 	21140 
391.38 	0.018658 	21140 
391.88 	0.018658 	21140 
392.38 	0.018658 	21140 
392.88 	0.018552 	21140 
393.38 	0.018552 	21140 
393.88 	0.018658 	21306 
394.38 	0.018658 	21306 
394.88 	0.018658 	21140 
395.38 	0.018552 	21140 
395.88 	0.018552 	21140 
396.38 	0.018552 	21140 
396.88 	0.018658 	21140 
397.38 	0.018658 	21140 
397.88 	0.018658 	21140 
398.38 	0.018552 	20974 
398.88 	0.018552 	21140 
399.38 	0.018658 	21140 
399.88 	0.018658 	21140 
400.38 	0.018658 	21306 
400.88 	0.018658 	21140 
401.38 	0.018658 	21140 
401.88 	0.018552 	21140 
402.38 	0.018338 	20807 
402.88 	0.018018 	20308 
403.33 	0.017592 	19975 
403.82 	0.017272 	19309 
404.23 	0.016846 	18976 
404.73 	0.016526 	18310 
405.10 	0.016099 	18144 
405.60 	0.015779 	17478 
406.05 	0.015353 	17145 
406.55 	0.015033 	16812 
407.05 	0.014713 	16313 
407.53 	0.014287 	15980 
408.03 	0.013967 	15480 
408.35 	0.013540 	15148 
408.70 	0.013114 	14482 
409.02 	0.012688 	14149 
409.40 	0.012261 	13816 
409.82 	0.011835 	13317 
410.22 	0.011408 	12817 
410.60 	0.010982 	12484 
411.03 	0.010662 	11818 
411.35 	0.010235 	11652 
411.80 	0.0098089 	11319 
412.15 	0.0094890 	10653 
412.55 	0.0090625 	10320 
412.93 	0.0086361 	9987.4 
413.38 	0.0082096 	9488.0 
413.80 	0.0077831 	9321.6 
414.10 	0.0074633 	8655.8 
414.50 	0.0070368 	8322.8 
414.90 	0.0066103 	8156.4 
415.20 	0.0062905 	7490.6 
415.58 	0.0058640 	7157.6 
415.97 	0.0054375 	6824.7 
416.35 	0.0050111 	6658.3 
416.70 	0.0046912 	5992.4 
417.03 	0.0042647 	5659.5 
417.43 	0.0038383 	5493.1 
417.82 	0.0034118 	5160.2 
418.20 	0.0029853 	4660.8 
418.65 	0.0025588 	4327.9 
419.02 	0.0021324 	3995.0 
419.43 	0.0017059 	3828.5 
419.85 	0.0012794 	3329.1 
420.32 	0.00085294 	2829.8 
420.77 	0.00042647 	2663.3 
421.27 	0.00010662 	2330.4 
421.77 	-0.0001068 	2330.4 
422.27 	-0.0001068 	2330.4 
422.77 	-0.0003204 	2163.9 
423.27 	-0.0004273 	2163.9 
423.77 	-0.0005341 	2163.9 
424.27 	-0.0006409 	1997.5 
424.77 	-0.0006409 	1831.0 
425.27 	-0.0008546 	1831.0 
425.77 	-0.0008546 	1831.0 
426.27 	-0.0009614 	1664.6 
426.77 	-0.0010683 	1664.6 
427.27 	-0.0010683 	1664.6 
427.77 	-0.0011751 	1664.6 
428.27 	-0.0011751 	1664.6 
428.77 	-0.0012820 	1498.1 
429.27 	-0.0012820 	1331.7 
429.77 	-0.0012820 	1498.1 
430.27 	-0.0012820 	1331.7 
430.77 	-0.0013888 	1331.7 
431.27 	-0.0012820 	1331.7 
431.77 	-0.0013888 	1331.7 
432.27 	-0.0013888 	1331.7 
432.77 	-0.0012820 	1331.7 
433.27 	-0.0013888 	1331.7 
433.77 	-0.0013888 	1331.7 
434.27 	-0.0013888 	1165.2 
434.77 	-0.0013888 	1165.2 
435.27 	-0.0013888 	1331.7 
435.77 	-0.0013888 	1165.2 
436.27 	-0.0013888 	1165.2 
436.77 	-0.0013888 	1165.2 
437.27 	-0.0013888 	1165.2 
437.77 	-0.0014956 	1331.7 
438.27 	-0.0014956 	1331.7 
438.77 	-0.0013888 	1165.2 
439.27 	-0.0013888 	1331.7 
439.77 	-0.0013888 	1165.2 
440.27 	-0.0014956 	1165.2 
440.77 	-0.0014956 	1165.2 
441.27 	-0.0013888 	1165.2 
441.77 	-0.0014956 	1331.7 
442.27 	-0.0013888 	1331.7 
442.77 	-0.0014956 	1165.2 
443.27 	-0.0013888 	1165.2 
443.77 	-0.0014956 	1165.2 
444.27 	-0.0013888 	1165.2 
444.77 	-0.0014956 	1165.2 
445.27 	-0.0014956 	1165.2 
445.77 	-0.0014956 	1331.7 
446.27 	-0.0013888 	1165.2 
446.77 	-0.0014956 	1165.2 
447.27 	-0.0014956 	1165.2 
447.77 	-0.0014956 	1165.2 
448.27 	-0.0014956 	1165.2 
448.77 	-0.0014956 	1331.7 
449.27 	-0.0014956 	1165.2 
449.77 	-0.0016025 	1165.2 
450.27 	-0.0014956 	1165.2 
450.77 	-0.0014956 	1165.2 
451.27 	-0.0014956 	1165.2 
451.77 	-0.0014956 	1165.2 
452.27 	-0.0016025 	1165.2 
452.77 	-0.0014956 	1165.2 
453.27 	-0.0016025 	1165.2 
453.77 	-0.0014956 	1165.2 
454.27 	-0.0016025 	1165.2 
454.77 	-0.0016025 	1165.2 
455.27 	-0.0016025 	1165.2 
455.77 	-0.0014956 	1165.2 
456.27 	-0.0014956 	1165.2 
456.77 	-0.0016025 	1165.2 
457.27 	-0.0016025 	1165.2 
457.77 	-0.0016025 	1165.2 
458.27 	-0.0016025 	998.74 
458.77 	-0.0016025 	1165.2 
459.27 	-0.0016025 	1331.7 
459.77 	-0.0014956 	1165.2 
460.27 	-0.0014956 	1165.2 
460.77 	-0.0014956 	1165.2 
461.27 	-0.0016025 	1165.2 
461.77 	-0.0016025 	1165.2 
462.27 	-0.0016025 	1165.2 
462.77 	-0.0016025 	1165.2 
463.27 	-0.0016025 	1165.2 
463.77 	-0.0016025 	1165.2 
464.27 	-0.0016025 	1165.2 
464.77 	-0.0016025 	1165.2 
465.27 	-0.0016025 	1165.2 
465.77 	-0.0016025 	1165.2 
466.27 	-0.0016025 	1165.2 
466.77 	-0.0016025 	1165.2 
467.27 	-0.0016025 	1165.2 
467.77 	-0.0016025 	1165.2 
468.27 	-0.0016025 	1165.2 
468.77 	-0.0016025 	1165.2 
469.27 	-0.0016025 	1165.2 
469.77 	-0.0017093 	1165.2 
470.27 	-0.0016025 	1165.2 
470.77 	-0.0017093 	1165.2 
471.27 	-0.0016025 	1165.2 
471.77 	-0.0016025 	1165.2 
472.27 	-0.0017093 	1165.2 
472.77 	-0.0016025 	1165.2 
473.27 	-0.0017093 	1165.2 
473.77 	-0.0017093 	1165.2 
474.27 	-0.0016025 	1165.2 
474.77 	-0.0017093 	1165.2 
475.27 	-0.0016025 	1165.2 
475.77 	-0.0016025 	998.74 
476.27 	-0.0017093 	1165.2 
476.77 	-0.0017093 	1165.2 
477.27 	-0.0016025 	1331.7 
477.77 	-0.0016025 	1165.2 
478.27 	-0.0017093 	1165.2 
478.77 	-0.0017093 	1165.2 
479.27 	-0.0017093 	1165.2 
479.77 	-0.0016025 	1165.2 
480.27 	-0.0016025 	1165.2 
480.77 	-0.0016025 	1165.2 
481.27 	-0.0017093 	1165.2 
481.77 	-0.0017093 	1165.2 
482.27 	-0.0017093 	1165.2 
482.77 	-0.0017093 	1165.2 
483.13 	-0.0017093 	1331.7 
483.63 	-0.0016025 	1165.2 
484.13 	-0.0016025 	1165.2 
484.63 	-0.0017093 	1165.2 
485.13 	-0.0017093 	1165.2 
485.63 	-0.0016025 	1165.2 
486.13 	-0.0017093 	1165.2 
486.63 	-0.0016025 	1165.2 
487.13 	-0.0016025 	1165.2 
487.63 	-0.0017093 	1165.2 
488.13 	-0.0017093 	1165.2 
488.63 	-0.0017093 	998.74 
489.13 	-0.0017093 	1165.2 
489.63 	-0.0017093 	1165.2 
490.13 	-0.0017093 	1165.2 
490.63 	-0.0017093 	1331.7 
491.13 	-0.0017093 	1331.7 
491.63 	-0.0017093 	1165.2 
492.13 	-0.0017093 	1165.2 
492.63 	-0.0017093 	1165.2 
493.13 	-0.0017093 	1331.7 
493.63 	-0.0017093 	1165.2 
494.13 	-0.0017093 	1165.2 
494.63 	-0.0017093 	1165.2 
495.13 	-0.0017093 	1165.2 
495.63 	-0.0017093 	1331.7 
496.13 	-0.0018161 	1165.2 
496.63 	-0.0017093 	1165.2 
497.13 	-0.0017093 	1165.2 
497.63 	-0.0017093 	1165.2 
498.13 	-0.0017093 	1165.2 
498.63 	-0.0017093 	1165.2 
499.13 	-0.0017093 	1165.2 
499.63 	-0.0017093 	1165.2 
500.13 	-0.0017093 	1165.2 
500.63 	-0.0017093 	1165.2 
501.13 	-0.0017093 	1165.2 
501.63 	-0.0018161 	1165.2 
502.13 	-0.0017093 	1165.2 
502.63 	-0.0016025 	1331.7 
503.13 	-0.0017093 	1165.2 
503.63 	-0.0017093 	1165.2 
504.13 	-0.0017093 	1165.2 
504.63 	-0.0017093 	1331.7 
505.13 	-0.0017093 	1165.2 
505.63 	-0.0017093 	1165.2 
506.13 	-0.0017093 	1165.2 
506.63 	-0.0017093 	1331.7 
507.13 	-0.0017093 	1165.2 
507.63 	-0.0017093 	1165.2 
508.13 	-0.0018161 	1165.2 
508.63 	-0.0017093 	1165.2 
509.13 	-0.0017093 	1165.2 
509.63 	-0.0016025 	1165.2 
510.13 	-0.0016025 	1165.2 
510.63 	-0.0017093 	1165.2 
511.13 	-0.0017093 	1331.7 
511.63 	-0.0017093 	1165.2 
512.13 	-0.0017093 	1165.2 
512.63 	-0.0017093 	1165.2 
513.13 	-0.0017093 	1165.2 
513.63 	-0.0017093 	1165.2 
514.13 	-0.0017093 	1165.2 
514.63 	-0.0017093 	1331.7 
515.13 	-0.0017093 	1498.1 
515.63 	-0.0017093 	1664.6 
516.13 	-0.0016025 	1831.0 
516.63 	-0.0016025 	1831.0 
517.13 	-0.0016025 	1997.5 
517.63 	-0.0014956 	2163.9 
518.00 	-0.0010683 	2496.9 
518.30 	-0.0006409 	2996.2 
518.55 	-0.0002136 	3162.7 
518.83 	0.00021324 	3495.6 
519.13 	0.00063971 	3828.5 
519.63 	0.0010662 	4161.4 
520.13 	0.0011728 	4494.3 
520.50 	0.0015993 	4993.7 
520.85 	0.0020257 	5326.6 
521.10 	0.0024522 	5826.0 
521.40 	0.0028787 	6158.9 
521.72 	0.0033052 	6658.3 
521.97 	0.0036250 	7324.1 
522.22 	0.0040515 	7490.6 
522.47 	0.0044780 	7823.5 
522.73 	0.0049044 	8322.8 
523.02 	0.0053309 	8489.3 
523.28 	0.0057574 	8822.2 
523.53 	0.0061839 	9321.6 
523.85 	0.0066103 	9820.9 
524.17 	0.0070368 	10154 
524.43 	0.0074633 	10653 
524.73 	0.0078897 	10820 
525.05 	0.0082096 	11486 
525.33 	0.0086361 	11652 
525.68 	0.0090625 	12151 
526.02 	0.0094890 	12484 
526.40 	0.0099155 	12984 
526.78 	0.010342 	13317 
527.20 	0.010768 	13816 
527.60 	0.011195 	14149 
528.10 	0.011621 	14648 
528.60 	0.011941 	14981 
529.07 	0.012368 	15314 
529.52 	0.012794 	15813 
529.85 	0.013221 	16313 
530.13 	0.013647 	16812 
530.48 	0.014074 	17312 
530.83 	0.014500 	17644 
531.23 	0.014927 	18144 
531.60 	0.015353 	18477 
531.98 	0.015779 	18976 
532.38 	0.016206 	19309 
532.75 	0.016526 	19975 
533.12 	0.016952 	20141 
533.53 	0.017379 	20474 
534.03 	0.017592 	20807 
534.53 	0.017912 	20974 
535.03 	0.018018 	20974 
535.53 	0.018125 	21140 
536.03 	0.018232 	21140 
536.53 	0.018232 	21140 
537.03 	0.018232 	21140 
537.53 	0.018232 	21140 
538.03 	0.018232 	20974 
538.53 	0.018338 	21140 
539.03 	0.018338 	21140 
539.53 	0.018338 	21140 
540.03 	0.018232 	21140 
540.53 	0.018338 	20974 
541.03 	0.018338 	20974 
541.53 	0.018338 	21140 
542.03 	0.018445 	21306 
542.53 	0.018338 	21140 
543.03 	0.018338 	21140 
543.53 	0.018338 	20974 
544.03 	0.018232 	20974 
544.53 	0.018338 	21140 
545.03 	0.018338 	21306 
545.53 	0.018445 	21140 
546.03 	0.018338 	21140 
546.53 	0.018338 	21140 
547.03 	0.018338 	21140 
547.53 	0.018338 	21140 
548.03 	0.018338 	21140 
548.53 	0.018338 	21140 
549.03 	0.018445 	21140 
549.53 	0.018338 	21140 
550.03 	0.018445 	21140 
550.53 	0.018445 	21306 
551.03 	0.018338 	21306 
551.53 	0.018445 	21140 
552.03 	0.018338 	21140 
552.53 	0.018338 	20974 
553.03 	0.018338 	21140 
553.53 	0.018445 	21140 
554.03 	0.018445 	21140 
554.53 	0.018445 	21140 
555.03 	0.018445 	21140 
555.53 	0.018338 	21140 
556.03 	0.018338 	21140 
556.53 	0.018445 	21140 
557.03 	0.018445 	21306 
557.53 	0.018445 	21140 
558.03 	0.018338 	21140 
558.53 	0.018338 	21140 
559.03 	0.018338 	21140 
559.53 	0.018445 	21306 
560.03 	0.018338 	21306 
560.53 	0.018445 	21140 
561.03 	0.018338 	20974 
561.53 	0.018338 	20974 
562.03 	0.018338 	21140 
562.53 	0.018445 	21140 
563.03 	0.018338 	21140 
563.53 	0.018338 	21140 
564.03 	0.018338 	21140 
564.53 	0.018338 	20974 
565.03 	0.018338 	21140 
565.53 	0.018338 	21140 
566.03 	0.018445 	21306 
566.53 	0.018445 	21140 
567.03 	0.018338 	20974 
567.53 	0.018338 	21140 
568.03 	0.018338 	21140 
568.53 	0.018445 	21140 
569.03 	0.018338 	21140 
569.53 	0.018445 	21140 
570.03 	0.018445 	21140 
570.53 	0.018445 	21140 
571.03 	0.018338 	21140 
571.53 	0.018338 	21140 
572.03 	0.018338 	21140 
572.53 	0.018338 	21140 
573.03 	0.018338 	21140 
573.53 	0.018338 	21140 
574.03 	0.018338 	21140 
574.53 	0.018338 	21140 
575.03 	0.018338 	20974 
575.53 	0.018338 	21140 
576.03 	0.018445 	21306 
576.53 	0.018445 	21306 
577.03 	0.018338 	21306 
577.53 	0.018338 	21140 
578.03 	0.018338 	20974 
578.53 	0.018338 	21140 
579.03 	0.018338 	21306 
579.53 	0.018445 	21306 
580.03 	0.018338 	21140 
580.53 	0.018338 	20974 
581.03 	0.018338 	21140 
581.53 	0.018338 	21140 
582.03 	0.018338 	21140 
582.53 	0.018445 	21306 
583.03 	0.018445 	21140 
583.53 	0.018338 	21140 
584.03 	0.018338 	21140 
584.53 	0.018338 	21140 
585.03 	0.018338 	21140 
585.53 	0.018338 	21140 
586.03 	0.018338 	21140 
586.53 	0.018445 	21306 
587.03 	0.018445 	21140 
587.53 	0.018338 	21140 
588.03 	0.018338 	20974 
588.53 	0.018338 	21140 
589.03 	0.018338 	21140 
589.53 	0.018445 	21306 
590.03 	0.018445 	21140 
590.53 	0.018445 	21140 
591.03 	0.018338 	21140 
591.53 	0.018338 	21140 
592.03 	0.018338 	21140 
592.53 	0.018338 	21140 
593.03 	0.018338 	21140 
593.50 	0.018338 	21306 
594.00 	0.018338 	21306 
594.50 	0.018338 	21140 
595.00 	0.018338 	21140 
595.50 	0.018338 	21140 
596.00 	0.018445 	21140 
596.50 	0.018338 	21140 
597.00 	0.018338 	21140 
597.50 	0.018338 	21140 
598.00 	0.018338 	20974 
598.50 	0.018338 	21140 
599.00 	0.018445 	21306 
599.50 	0.018445 	21306 
600.00 	0.018445 	21306 
600.50 	0.018338 	20974 
601.00 	0.018338 	21140 
601.50 	0.018338 	21140 
602.00 	0.018338 	21140 
602.50 	0.018338 	21306 
603.00 	0.018338 	21140 
603.50 	0.018338 	20974 
604.00 	0.018338 	20974 
604.50 	0.018338 	21140 
605.00 	0.018445 	21306 
605.50 	0.018338 	21140 
606.00 	0.018445 	21140 
606.50 	0.018338 	21140 
607.00 	0.018338 	21140 
607.50 	0.018338 	20974 
608.00 	0.018445 	21306 
608.50 	0.018338 	21306 
609.00 	0.018338 	21306 
609.50 	0.018338 	21140 
610.00 	0.018338 	21140 
610.50 	0.018338 	21140 
611.00 	0.018338 	21140 
611.50 	0.018338 	21140 
612.00 	0.018338 	21140 
612.50 	0.018338 	21140 
613.00 	0.018338 	21140 
613.50 	0.018338 	20974 
614.00 	0.018338 	21140 
614.50 	0.018338 	21140 
615.00 	0.018338 	21140 
615.50 	0.018338 	21140 
616.00 	0.018338 	20974 
616.50 	0.018338 	21140 
617.00 	0.018338 	21140 
617.50 	0.018338 	21140 
618.00 	0.018445 	21140 
618.50 	0.018338 	20974 
619.00 	0.018338 	21140 
619.50 	0.018338 	20974 
620.00 	0.018338 	21140 
620.50 	0.018445 	21140 
621.00 	0.018445 	21140 
621.50 	0.018338 	21140 
622.00 	0.018338 	20974 
622.50 	0.018338 	21140 
623.00 	0.018338 	21140 
623.50 	0.018338 	21140 
624.00 	0.018338 	21140 
624.50 	0.018338 	21140 
625.00 	0.018338 	21140 
625.50 	0.018338 	21140 
626.00 	0.018338 	21140 
626.50 	0.018338 	21140 
627.00 	0.018338 	21140 
627.50 	0.018338 	21140 
628.00 	0.018338 	21140 
628.50 	0.018338 	21140 
629.00 	0.018338 	21140 
629.50 	0.018338 	21140 
630.00 	0.018338 	21140 
630.50 	0.018338 	21140 
631.00 	0.018338 	21140 
631.50 	0.018338 	21140 
632.00 	0.018338 	21140 
632.50 	0.018338 	21140 
633.00 	0.018338 	21140 
633.50 	0.018338 	21140 
634.00 	0.018338 	21140 
634.50 	0.018338 	20974 
635.00 	0.018338 	21140 
635.50 	0.018338 	21306 
636.00 	0.018338 	21140 
636.50 	0.018338 	21140 
637.00 	0.018338 	21140 
637.50 	0.018338 	21140 
638.00 	0.018338 	21306 
638.50 	0.018338 	21140 
639.00 	0.018338 	21140 
639.50 	0.018338 	21306 
640.00 	0.018338 	21140 
640.50 	0.018338 	21140 
641.00 	0.018338 	21140 
641.50 	0.018338 	21140 
642.00 	0.018338 	21140 
642.50 	0.018338 	21140 
643.00 	0.018338 	21140 
643.50 	0.018338 	21140 
644.00 	0.018338 	21140 
644.50 	0.018338 	21306 
645.00 	0.018338 	21140 
645.50 	0.018338 	21140 
646.00 	0.018338 	21140 
646.50 	0.018338 	21140 
647.00 	0.018338 	21140 
647.50 	0.018338 	21306 
648.00 	0.018338 	21140 
648.50 	0.018338 	21140 
649.00 	0.018338 	20974 
649.50 	0.018338 	21140 
650.00 	0.018338 	21140 
650.50 	0.018338 	21140 
651.00 	0.018338 	21140 
651.50 	0.018338 	21306 
652.00 	0.018338 	21140 
652.50 	0.018338 	21140 
653.00 	0.018338 	21140 
653.50 	0.018338 	21140 
654.00 	0.018338 	21306 
654.50 	0.018338 	21140 
655.00 	0.018338 	20974 
655.50 	0.018338 	21140 
656.00 	0.018338 	21140 
656.50 	0.018338 	21140 
657.00 	0.018338 	21140 
657.50 	0.018338 	20974 
658.00 	0.018338 	20974 
658.50 	0.018338 	21140 
659.00 	0.018338 	21140 
659.50 	0.018338 	21140 
660.00 	0.018338 	21140 
660.50 	0.018338 	21140 
661.00 	0.018338 	21140 
661.50 	0.018338 	21140 
662.00 	0.018338 	21306 
662.50 	0.018338 	21140 
663.00 	0.018338 	21140 
663.50 	0.018338 	20974 
664.00 	0.018338 	21140 
664.50 	0.018338 	21140 
665.00 	0.018338 	21140 
665.50 	0.018338 	21140 
666.00 	0.018338 	21140 
666.50 	0.018338 	20974 
667.00 	0.018338 	21140 
667.50 	0.018338 	21306 
668.00 	0.018338 	21140 
668.50 	0.018338 	21140 
669.00 	0.018338 	20974 
669.50 	0.018338 	20974 
670.00 	0.018338 	21140 
670.50 	0.018338 	21140 
671.00 	0.018338 	21306 
671.50 	0.018338 	20974 
672.00 	0.018338 	21140 
672.50 	0.018338 	21140 
673.00 	0.018338 	21140 
673.50 	0.018338 	21140 
674.00 	0.018338 	21140 
674.50 	0.018338 	21140 
675.00 	0.018338 	21140 
675.50 	0.018338 	20974 
676.00 	0.018338 	21140 
676.50 	0.018338 	21140 
677.00 	0.018338 	21306 
677.50 	0.018338 	21306 
678.00 	0.018338 	21140 
678.50 	0.018338 	21140 
679.00 	0.018338 	21140 
679.50 	0.018338 	21140 
680.00 	0.018338 	21140 
680.50 	0.018338 	21306 
681.00 	0.018338 	21140 
681.50 	0.018338 	21140 
682.00 	0.018338 	21140 
682.50 	0.018338 	21140 
683.00 	0.018338 	21473 
683.50 	0.018338 	21806 
683.98 	0.018338 	22472 
684.48 	0.018338 	22638 
684.98 	0.018338 	23137 
685.48 	0.018338 	23637 
685.97 	0.018338 	24303 
686.47 	0.018338 	24636 
686.95 	0.018338 	25301 
687.45 	0.018338 	25634 
687.93 	0.018338 	26300 
688.43 	0.018338 	26800 
688.93 	0.018338 	27299 
689.43 	0.018338 	27798 
689.93 	0.018338 	28131 
690.27 	0.018338 	28797 
690.77 	0.018338 	29130 
691.25 	0.018338 	29796 
691.75 	0.018338 	30129 
692.25 	0.018338 	30628 
692.75 	0.018338 	31127 
693.25 	0.018338 	31627 
693.75 	0.018338 	32126 
694.25 	0.018338 	32626 
694.75 	0.018338 	33125 
695.25 	0.018338 	33624 
695.75 	0.018338 	34290 
696.20 	0.018338 	34956 
696.70 	0.018338 	35455 
697.17 	0.018338 	36121 
697.67 	0.018338 	36620 
698.17 	0.018338 	37120 
698.67 	0.018338 	37619 
699.12 	0.018338 	38285 
699.62 	0.018338 	38784 
700.12 	0.018338 	39117 
700.52 	0.018338 	39783 
701.02 	0.018338 	40116 
701.50 	0.018338 	40782 
702.00 	0.018338 	41281 
702.50 	0.018338 	41781 
703.00 	0.018338 	42280 
703.50 	0.018338 	42779 
703.98 	0.018338 	43445 
704.48 	0.018338 	43945 
704.98 	0.018338 	44278 
705.43 	0.018338 	44943 
705.93 	0.018338 	45443 
706.43 	0.018338 	45776 
706.88 	0.018338 	46441 
707.38 	0.018338 	46941 
707.88 	0.018338 	47440 
708.38 	0.018338 	48106 
708.88 	0.018338 	48439 
709.35 	0.018338 	49105 
709.85 	0.018338 	49604 
710.35 	0.018338 	50103 
710.85 	0.018338 	50603 
711.35 	0.018338 	51269 
711.85 	0.018338 	51768 
712.35 	0.018338 	52101 
712.78 	0.018338 	52767 
713.28 	0.018338 	53266 
713.78 	0.018338 	53599 
714.27 	0.018338 	54265 
714.77 	0.018338 	54764 
715.27 	0.018338 	55430 
715.77 	0.018338 	55929 
716.27 	0.018338 	56262 
716.77 	0.018338 	56928 
717.27 	0.018338 	57428 
717.77 	0.018338 	58093 
718.27 	0.018338 	58593 
718.77 	0.018338 	58926 
719.27 	0.018338 	59592 
719.77 	0.018338 	60091 
720.27 	0.018338 	60590 
720.77 	0.018338 	61090 
721.27 	0.018338 	61755 
721.77 	0.018338 	62255 
722.27 	0.018338 	62754 
722.77 	0.018338 	63254 
723.27 	0.018338 	63753 
723.77 	0.018338 	64252 
724.25 	0.018338 	64918 
724.75 	0.018338 	65251 
725.23 	0.018338 	65917 
725.73 	0.018338 	66416 
726.23 	0.018338 	66916 
726.73 	0.018338 	67415 
727.23 	0.018338 	67914 
727.73 	0.018338 	68414 
728.17 	0.018338 	69080 
728.67 	0.018338 	69412 
729.13 	0.018338 	70078 
729.63 	0.018338 	70578 
730.13 	0.018338 	71077 
730.63 	0.018338 	71576 
731.13 	0.018338 	72076 
731.63 	0.018338 	72575 
732.13 	0.018338 	73075 
732.62 	0.018338 	73740 
733.12 	0.018338 	74073 
733.62 	0.018338 	74573 
734.10 	0.018338 	75238 
734.60 	0.018338 	75571 
735.05 	0.018338 	76237 
735.55 	0.018338 	76570 
736.05 	0.018338 	77236 
736.55 	0.018338 	77735 
737.05 	0.018338 	78068 
737.48 	0.018338 	78734 
737.98 	0.018338 	79233 
738.48 	0.018338 	79233 
738.98 	0.018338 	79733 
739.48 	0.018338 	80232 
739.98 	0.018338 	80565 
740.30 	0.018338 	79733 
740.35 	0.018338 	79067 
740.42 	0.018338 	78401 
740.45 	0.018338 	76903 
740.47 	0.018338 	70911 
740.48 	0.018338 	62421 
740.50 	0.018338 	57927 
740.53 	0.018338 	59259 
740.55 	0.018338 	58593 
740.57 	0.018338 	57428 
740.60 	0.018338 	56762 
740.72 	0.018338 	57428 
740.78 	0.018338 	58093 
740.87 	0.018338 	57261 
740.88 	0.018338 	56595 
740.90 	0.018338 	55264 
