Tempo(s)	Deformação(mm)	Força(N)
 0.016667 	0.00000 	166.46 
0.51667 	0.00000 	166.46 
1.0167 	0.00000 	499.37 
1.5167 	0.00021324 	832.28 
2.0167 	0.00031985 	998.74 
2.5167 	0.00053309 	1331.7 
3.0167 	0.00074633 	1664.6 
3.5167 	0.00095956 	1831.0 
4.0167 	0.0011728 	2163.9 
4.5167 	0.0013860 	2496.9 
5.0167 	0.0017059 	2829.8 
5.5167 	0.0020257 	3495.6 
6.0167 	0.0023456 	3995.0 
6.3000 	0.0026655 	4660.8 
6.5500 	0.0030919 	4993.7 
6.7833 	0.0033052 	5659.5 
7.2000 	0.0037316 	6158.9 
7.4667 	0.0038383 	6824.7 
7.8333 	0.0042647 	7157.6 
8.2333 	0.0043713 	7823.5 
8.7000 	0.0047978 	8156.4 
9.0167 	0.0049044 	8822.2 
9.5167 	0.0053309 	9321.6 
10.017 	0.0055441 	9654.5 
10.367 	0.0058640 	10320 
10.867 	0.0060772 	10820 
11.367 	0.0063971 	11319 
11.867 	0.0067169 	11818 
12.367 	0.0069302 	12151 
12.867 	0.0072500 	12651 
13.367 	0.0074633 	13150 
13.867 	0.0076765 	13483 
14.367 	0.0078897 	13982 
14.767 	0.0083162 	14648 
15.183 	0.0086361 	15314 
15.683 	0.0089559 	15813 
16.183 	0.0092758 	16479 
16.683 	0.0095956 	16979 
17.183 	0.010022 	17478 
17.683 	0.010235 	17977 
18.167 	0.010555 	18643 
18.667 	0.010875 	19143 
19.167 	0.011088 	19642 
19.667 	0.011408 	19975 
20.133 	0.011621 	20641 
20.617 	0.012048 	21140 
21.117 	0.012368 	21639 
21.617 	0.012688 	22139 
22.117 	0.012901 	22638 
22.617 	0.013114 	22971 
23.117 	0.013221 	23137 
23.617 	0.013221 	23137 
24.117 	0.013221 	23137 
24.617 	0.013327 	23137 
25.117 	0.013327 	23137 
25.617 	0.013327 	22971 
26.117 	0.013327 	23137 
26.617 	0.013327 	23137 
27.117 	0.013327 	23137 
27.617 	0.013327 	23137 
28.117 	0.013327 	23137 
28.617 	0.013327 	23137 
29.117 	0.013327 	23137 
29.617 	0.013434 	23137 
30.117 	0.013327 	23137 
30.617 	0.013434 	23137 
31.117 	0.013327 	23137 
31.617 	0.013327 	23137 
32.117 	0.013327 	22971 
32.617 	0.013434 	22971 
33.117 	0.013327 	23137 
33.617 	0.013434 	23137 
34.117 	0.013434 	23137 
34.617 	0.013327 	23137 
35.117 	0.013434 	23304 
35.617 	0.013434 	23137 
36.117 	0.013434 	23137 
36.617 	0.013434 	23137 
37.117 	0.013434 	23137 
37.617 	0.013434 	23304 
38.117 	0.013434 	23137 
38.617 	0.013434 	23137 
39.117 	0.013434 	23137 
39.617 	0.013434 	23137 
40.117 	0.013434 	23137 
40.617 	0.013434 	23137 
41.117 	0.013540 	22971 
41.617 	0.013434 	23137 
42.117 	0.013434 	23137 
42.617 	0.013434 	23304 
43.117 	0.013434 	23137 
43.617 	0.013434 	22971 
44.117 	0.013434 	23137 
44.617 	0.013434 	23137 
45.117 	0.013540 	23304 
45.617 	0.013434 	23137 
46.117 	0.013434 	23137 
46.617 	0.013434 	23137 
47.117 	0.013434 	23137 
47.617 	0.013434 	23137 
48.117 	0.013434 	22971 
48.617 	0.013434 	22971 
49.117 	0.013434 	23137 
49.617 	0.013434 	23137 
50.117 	0.013434 	23137 
50.617 	0.013434 	23137 
51.117 	0.013434 	23137 
51.617 	0.013434 	23304 
52.117 	0.013540 	23137 
52.617 	0.013540 	23137 
53.117 	0.013434 	22971 
53.617 	0.013540 	23137 
54.117 	0.013540 	23304 
54.617 	0.013434 	23137 
55.117 	0.013540 	23137 
55.617 	0.013540 	23137 
56.117 	0.013434 	23137 
56.617 	0.013540 	23137 
57.117 	0.013540 	23137 
57.617 	0.013540 	23137 
58.117 	0.013540 	23137 
58.617 	0.013540 	23137 
59.117 	0.013540 	23137 
59.617 	0.013540 	23137 
60.117 	0.013540 	22971 
60.617 	0.013540 	23137 
61.117 	0.013540 	23137 
61.617 	0.013540 	23137 
62.117 	0.013540 	23137 
62.617 	0.013540 	23137 
63.117 	0.013540 	23137 
63.617 	0.013540 	23304 
64.117 	0.013540 	23137 
64.617 	0.013434 	23137 
65.117 	0.013540 	23137 
65.617 	0.013540 	23137 
66.117 	0.013540 	23137 
66.617 	0.013540 	23304 
67.117 	0.013540 	23137 
67.617 	0.013540 	23137 
68.117 	0.013540 	22971 
68.617 	0.013540 	23137 
69.117 	0.013540 	23137 
69.617 	0.013540 	23137 
70.117 	0.013540 	23137 
70.617 	0.013540 	23137 
71.117 	0.013540 	23304 
71.617 	0.013540 	23137 
72.117 	0.013540 	23137 
72.617 	0.013540 	23137 
73.117 	0.013540 	23137 
73.617 	0.013540 	23304 
74.117 	0.013540 	23137 
74.617 	0.013540 	23137 
75.117 	0.013540 	23137 
75.617 	0.013540 	23137 
76.117 	0.013540 	23137 
76.617 	0.013540 	23137 
77.117 	0.013540 	23137 
77.617 	0.013540 	23137 
78.117 	0.013434 	22971 
78.617 	0.013434 	23137 
79.117 	0.013540 	23137 
79.617 	0.013434 	23304 
80.117 	0.013434 	23137 
80.617 	0.013434 	23137 
81.117 	0.013434 	23137 
81.617 	0.013434 	23137 
82.117 	0.013434 	23137 
82.617 	0.013434 	23137 
83.117 	0.013327 	22638 
83.567 	0.013327 	21972 
84.067 	0.013221 	21639 
84.517 	0.013114 	20974 
85.017 	0.012901 	20641 
85.500 	0.012688 	19975 
86.000 	0.012474 	19642 
86.483 	0.012261 	18976 
86.983 	0.012048 	18477 
87.483 	0.011728 	18144 
87.983 	0.011515 	17478 
88.483 	0.011195 	16979 
88.983 	0.010875 	16479 
89.483 	0.010662 	16146 
89.983 	0.010449 	15647 
90.483 	0.010235 	15314 
90.983 	0.010022 	14981 
91.483 	0.0097022 	14482 
91.800 	0.0094890 	13816 
92.250 	0.0090625 	13317 
92.733 	0.0088493 	12651 
93.200 	0.0084228 	12151 
93.700 	0.0082096 	11652 
94.183 	0.0077831 	11319 
94.583 	0.0076765 	10653 
95.017 	0.0072500 	10320 
95.500 	0.0070368 	9654.5 
95.983 	0.0066103 	9321.6 
96.483 	0.0063971 	8655.8 
96.983 	0.0060772 	8489.3 
97.300 	0.0058640 	7823.5 
97.750 	0.0054375 	7490.6 
98.233 	0.0051177 	6824.7 
98.733 	0.0049044 	6658.3 
99.133 	0.0045846 	5992.4 
99.633 	0.0041581 	5659.5 
100.12 	0.0038383 	4993.7 
100.62 	0.0035184 	4660.8 
101.12 	0.0031985 	4161.4 
101.55 	0.0027721 	3662.0 
102.05 	0.0025588 	3329.1 
102.48 	0.0022390 	2663.3 
102.93 	0.0018125 	2496.9 
103.43 	0.0015993 	1997.5 
103.93 	0.0013860 	1997.5 
104.43 	0.0012794 	1997.5 
104.93 	0.0011728 	1664.6 
105.43 	0.0010662 	1664.6 
105.93 	0.00095956 	1498.1 
106.43 	0.00095956 	1498.1 
106.93 	0.00085294 	1498.1 
107.43 	0.00085294 	1498.1 
107.93 	0.00074633 	1331.7 
108.43 	0.00074633 	1331.7 
108.93 	0.00063971 	1331.7 
109.43 	0.00063971 	1331.7 
109.93 	0.00063971 	1331.7 
110.43 	0.00063971 	1331.7 
110.93 	0.00063971 	1331.7 
111.43 	0.00063971 	1165.2 
111.93 	0.00053309 	1165.2 
112.43 	0.00053309 	1331.7 
112.93 	0.00053309 	1165.2 
113.43 	0.00053309 	1165.2 
113.93 	0.00042647 	1331.7 
114.43 	0.00042647 	1165.2 
114.93 	0.00042647 	1165.2 
115.43 	0.00042647 	1165.2 
115.93 	0.00042647 	1165.2 
116.43 	0.00042647 	1165.2 
116.93 	0.00042647 	1165.2 
117.43 	0.00042647 	1165.2 
117.93 	0.00042647 	1165.2 
118.43 	0.00042647 	1165.2 
118.93 	0.00042647 	1165.2 
119.43 	0.00031985 	1165.2 
119.93 	0.00031985 	1165.2 
120.43 	0.00031985 	1165.2 
120.93 	0.00031985 	1165.2 
121.43 	0.00031985 	1165.2 
121.93 	0.00031985 	1165.2 
122.43 	0.00031985 	1165.2 
122.93 	0.00031985 	1165.2 
123.43 	0.00042647 	1165.2 
123.93 	0.00031985 	1165.2 
124.43 	0.00031985 	1165.2 
124.93 	0.00042647 	1165.2 
125.43 	0.00031985 	1165.2 
125.93 	0.00031985 	1165.2 
126.43 	0.00021324 	1165.2 
126.93 	0.00031985 	1165.2 
127.43 	0.00031985 	1165.2 
127.93 	0.00031985 	998.74 
128.43 	0.00031985 	1165.2 
128.93 	0.00031985 	1165.2 
129.43 	0.00031985 	1165.2 
129.93 	0.00021324 	1165.2 
130.43 	0.00021324 	1331.7 
130.93 	0.00031985 	1165.2 
131.43 	0.00031985 	1165.2 
131.93 	0.00021324 	1165.2 
132.43 	0.00031985 	1165.2 
132.93 	0.00031985 	1165.2 
133.43 	0.00031985 	1165.2 
133.93 	0.00031985 	1165.2 
134.43 	0.00021324 	998.74 
134.93 	0.00031985 	1165.2 
135.43 	0.00031985 	1165.2 
135.93 	0.00031985 	1165.2 
136.43 	0.00031985 	1165.2 
136.93 	0.00021324 	1165.2 
137.43 	0.00021324 	1165.2 
137.93 	0.00021324 	1165.2 
138.43 	0.00021324 	998.74 
138.93 	0.00021324 	1165.2 
139.43 	0.00021324 	1165.2 
139.93 	0.00021324 	1165.2 
140.43 	0.00021324 	1165.2 
140.93 	0.00021324 	1165.2 
141.43 	0.00021324 	1165.2 
141.93 	0.00021324 	1165.2 
142.43 	0.00021324 	1165.2 
142.93 	0.00021324 	1165.2 
143.43 	0.00021324 	1165.2 
143.93 	0.00021324 	1165.2 
144.43 	0.00021324 	1165.2 
144.93 	0.00021324 	1165.2 
145.43 	0.00021324 	1165.2 
145.93 	0.00021324 	1165.2 
146.43 	0.00021324 	1165.2 
146.93 	0.00021324 	1165.2 
147.43 	0.00021324 	1165.2 
147.93 	0.00021324 	1165.2 
148.43 	0.00021324 	1165.2 
148.93 	0.00021324 	1165.2 
149.43 	0.00021324 	1165.2 
149.93 	0.00021324 	1331.7 
150.43 	0.00021324 	1165.2 
150.93 	0.00021324 	1331.7 
151.43 	0.00021324 	1165.2 
151.93 	0.00021324 	1165.2 
152.43 	0.00021324 	1331.7 
152.93 	0.00021324 	1165.2 
153.43 	0.00021324 	1165.2 
153.93 	0.00021324 	1165.2 
154.43 	0.00021324 	1165.2 
154.93 	0.00021324 	1165.2 
155.43 	0.00021324 	1165.2 
155.93 	0.00031985 	1165.2 
156.43 	0.00031985 	1165.2 
156.93 	0.00031985 	1165.2 
157.43 	0.00021324 	1165.2 
157.93 	0.00031985 	1165.2 
158.43 	0.00031985 	1165.2 
158.93 	0.00031985 	1165.2 
159.43 	0.00031985 	1165.2 
159.93 	0.00031985 	1165.2 
160.43 	0.00031985 	1165.2 
160.93 	0.00031985 	1165.2 
161.43 	0.00031985 	1165.2 
161.93 	0.00031985 	1165.2 
162.43 	0.00031985 	1165.2 
162.93 	0.00031985 	1165.2 
163.43 	0.00031985 	1165.2 
163.93 	0.00031985 	1165.2 
164.43 	0.00031985 	1165.2 
164.93 	0.00031985 	1165.2 
165.43 	0.00031985 	1165.2 
165.93 	0.00031985 	1165.2 
166.43 	0.00042647 	1498.1 
166.93 	0.00053309 	1664.6 
167.43 	0.00063971 	1831.0 
167.93 	0.00085294 	2163.9 
168.43 	0.0011728 	2496.9 
168.90 	0.0014927 	3162.7 
169.40 	0.0018125 	3495.6 
169.72 	0.0020257 	4161.4 
170.12 	0.0024522 	4660.8 
170.52 	0.0027721 	5326.6 
170.95 	0.0030919 	5992.4 
171.43 	0.0035184 	6491.8 
171.93 	0.0038383 	6991.2 
172.27 	0.0039449 	7657.0 
172.75 	0.0043713 	8156.4 
173.25 	0.0045846 	8489.3 
173.57 	0.0047978 	9155.1 
174.07 	0.0051177 	9488.0 
174.52 	0.0053309 	10154 
175.02 	0.0056508 	10653 
175.52 	0.0059706 	11153 
176.02 	0.0061839 	11652 
176.52 	0.0065037 	12151 
177.02 	0.0068236 	12484 
177.52 	0.0069302 	12984 
178.02 	0.0072500 	13483 
178.52 	0.0074633 	13816 
178.98 	0.0077831 	14482 
179.37 	0.0082096 	14981 
179.82 	0.0085294 	15647 
180.25 	0.0087427 	16313 
180.75 	0.0090625 	16646 
181.25 	0.0093824 	17312 
181.73 	0.0098089 	17811 
182.23 	0.010022 	18310 
182.73 	0.010342 	18810 
183.22 	0.010555 	19475 
183.68 	0.010982 	19808 
184.18 	0.011195 	20308 
184.68 	0.011515 	20807 
185.18 	0.011728 	21306 
185.67 	0.012048 	21972 
186.15 	0.012474 	22472 
186.65 	0.012688 	22638 
187.15 	0.012794 	22971 
187.65 	0.012901 	22971 
188.15 	0.012901 	23304 
188.65 	0.012901 	22971 
189.15 	0.013007 	23137 
189.65 	0.012901 	22971 
190.15 	0.013007 	23137 
190.65 	0.012901 	23137 
191.15 	0.012901 	23137 
191.65 	0.012901 	23137 
192.15 	0.012901 	23137 
192.65 	0.012901 	23304 
193.15 	0.013007 	23137 
193.65 	0.013007 	23137 
194.15 	0.012901 	23304 
194.65 	0.013007 	23137 
195.15 	0.013007 	22971 
195.65 	0.013007 	23137 
196.15 	0.013007 	23137 
196.65 	0.013007 	23137 
197.15 	0.013007 	23137 
197.65 	0.013007 	23137 
198.15 	0.013007 	22971 
198.65 	0.013007 	23137 
199.15 	0.013114 	23137 
199.65 	0.013007 	23304 
200.15 	0.013007 	23137 
200.65 	0.013007 	23137 
201.15 	0.013007 	23304 
201.65 	0.013007 	23137 
202.15 	0.013007 	23137 
202.65 	0.013007 	23137 
203.15 	0.013007 	23137 
203.65 	0.013007 	23137 
204.15 	0.013007 	23137 
204.65 	0.013007 	23137 
205.15 	0.013007 	23137 
205.65 	0.013007 	23137 
206.15 	0.013007 	23137 
206.65 	0.013114 	23137 
207.15 	0.013007 	23137 
207.65 	0.013007 	23137 
208.15 	0.013007 	23137 
208.65 	0.013007 	23137 
209.15 	0.013007 	23137 
209.65 	0.013007 	23137 
210.15 	0.013007 	23137 
210.65 	0.013007 	23137 
211.15 	0.013007 	23137 
211.65 	0.013007 	23137 
212.15 	0.013007 	23304 
212.65 	0.013007 	23137 
213.15 	0.013007 	22971 
213.65 	0.013007 	23137 
214.15 	0.013007 	23137 
214.65 	0.013114 	23304 
215.15 	0.013007 	23137 
215.65 	0.013007 	23137 
216.15 	0.013007 	23137 
216.65 	0.013007 	23137 
217.15 	0.013007 	23304 
217.65 	0.013007 	23137 
218.15 	0.013007 	23137 
218.65 	0.013007 	23137 
219.15 	0.013007 	23137 
219.65 	0.013007 	23137 
220.15 	0.013007 	23137 
220.65 	0.013007 	23137 
221.15 	0.013007 	23137 
221.65 	0.013007 	23137 
222.15 	0.013007 	23137 
222.65 	0.013007 	23137 
223.15 	0.013007 	23137 
223.65 	0.013007 	23137 
224.15 	0.013007 	23137 
224.65 	0.013114 	23137 
225.15 	0.013007 	23137 
225.65 	0.013114 	23137 
226.15 	0.013114 	23137 
226.65 	0.013114 	23137 
227.15 	0.013114 	23137 
227.65 	0.013007 	23137 
228.15 	0.013007 	23137 
228.65 	0.013007 	23137 
229.15 	0.013114 	23137 
229.65 	0.013114 	23304 
230.15 	0.013114 	23304 
230.65 	0.013114 	23137 
231.15 	0.013007 	23137 
231.65 	0.013114 	23137 
232.15 	0.013007 	23137 
232.65 	0.013007 	23137 
233.15 	0.013007 	23137 
233.65 	0.013007 	23137 
234.15 	0.013007 	23137 
234.65 	0.013114 	23137 
235.15 	0.013114 	23137 
235.65 	0.013114 	23137 
236.15 	0.013007 	23137 
236.65 	0.013007 	23137 
237.15 	0.013114 	23137 
237.65 	0.013007 	23137 
238.15 	0.013007 	23137 
238.65 	0.013007 	23137 
239.15 	0.013007 	22971 
239.65 	0.013007 	23137 
240.15 	0.013007 	23137 
240.65 	0.013007 	23137 
241.15 	0.013007 	23137 
241.65 	0.013007 	22971 
242.15 	0.013007 	23137 
242.65 	0.013007 	23137 
243.15 	0.013007 	22971 
243.65 	0.013007 	23137 
244.15 	0.013007 	23137 
244.65 	0.013007 	23137 
245.15 	0.013007 	23304 
245.65 	0.013007 	22971 
246.15 	0.013007 	23137 
246.65 	0.013007 	23137 
247.15 	0.013007 	22971 
247.43 	0.013007 	22305 
247.93 	0.013007 	21972 
248.43 	0.012794 	21473 
248.87 	0.012688 	20807 
249.37 	0.012581 	20474 
249.87 	0.012368 	19975 
250.37 	0.012154 	19642 
250.75 	0.011941 	18976 
251.25 	0.011728 	18643 
251.73 	0.011515 	17977 
252.23 	0.011195 	17478 
252.73 	0.010982 	16979 
253.23 	0.010662 	16479 
253.73 	0.010449 	16146 
254.23 	0.010235 	15647 
254.73 	0.010022 	15314 
255.23 	0.0098089 	14981 
255.73 	0.0095956 	14648 
256.00 	0.0093824 	13982 
256.45 	0.0090625 	13317 
256.90 	0.0086361 	12817 
257.40 	0.0083162 	12318 
257.90 	0.0079964 	11818 
258.35 	0.0077831 	11153 
258.85 	0.0074633 	10653 
259.35 	0.0071434 	10154 
259.85 	0.0068236 	9820.9 
260.30 	0.0065037 	9155.1 
260.80 	0.0061839 	8822.2 
261.30 	0.0058640 	8156.4 
261.80 	0.0055441 	7823.5 
262.18 	0.0052243 	7157.6 
262.68 	0.0049044 	6824.7 
263.18 	0.0046912 	6491.8 
263.58 	0.0043713 	5826.0 
264.05 	0.0039449 	5659.5 
264.33 	0.0038383 	4993.7 
264.83 	0.0035184 	4660.8 
265.30 	0.0030919 	4161.4 
265.80 	0.0028787 	3662.0 
266.22 	0.0024522 	3329.1 
266.72 	0.0021324 	2829.8 
267.22 	0.0018125 	2496.9 
267.72 	0.0015993 	1997.5 
268.22 	0.0013860 	1997.5 
268.72 	0.0012794 	1831.0 
269.22 	0.0012794 	1831.0 
269.72 	0.0010662 	1664.6 
270.22 	0.0010662 	1664.6 
270.72 	0.00095956 	1664.6 
271.22 	0.00085294 	1498.1 
271.72 	0.00085294 	1498.1 
272.22 	0.00074633 	1331.7 
272.72 	0.00074633 	1498.1 
273.22 	0.00063971 	1498.1 
273.72 	0.00063971 	1331.7 
274.22 	0.00063971 	1331.7 
274.72 	0.00063971 	1331.7 
275.22 	0.00063971 	1331.7 
275.72 	0.00063971 	1331.7 
276.22 	0.00063971 	1331.7 
276.72 	0.00063971 	1331.7 
277.22 	0.00053309 	1331.7 
277.72 	0.00053309 	1331.7 
278.22 	0.00053309 	1331.7 
278.72 	0.00053309 	1331.7 
279.22 	0.00042647 	1165.2 
279.72 	0.00053309 	1165.2 
280.22 	0.00053309 	1331.7 
280.72 	0.00042647 	1165.2 
281.22 	0.00042647 	1165.2 
281.72 	0.00042647 	1165.2 
282.22 	0.00042647 	1165.2 
282.72 	0.00042647 	1165.2 
283.22 	0.00042647 	1165.2 
283.72 	0.00042647 	1331.7 
284.22 	0.00042647 	1165.2 
284.72 	0.00042647 	1165.2 
285.22 	0.00042647 	1165.2 
285.72 	0.00042647 	1165.2 
286.22 	0.00042647 	1165.2 
286.72 	0.00042647 	1165.2 
287.22 	0.00042647 	1331.7 
287.72 	0.00031985 	1165.2 
288.22 	0.00031985 	1165.2 
288.72 	0.00042647 	1165.2 
289.22 	0.00042647 	1165.2 
289.72 	0.00042647 	1165.2 
290.22 	0.00042647 	1165.2 
290.72 	0.00042647 	1165.2 
291.22 	0.00031985 	1165.2 
291.72 	0.00031985 	1165.2 
292.22 	0.00031985 	1165.2 
292.72 	0.00031985 	1331.7 
293.22 	0.00021324 	1165.2 
293.72 	0.00031985 	1165.2 
294.22 	0.00021324 	1165.2 
294.72 	0.00021324 	1165.2 
295.22 	0.00021324 	1165.2 
295.72 	0.00021324 	1165.2 
296.22 	0.00021324 	1165.2 
296.72 	0.00021324 	1165.2 
297.22 	0.00021324 	1165.2 
297.72 	0.00021324 	1165.2 
298.22 	0.00021324 	1165.2 
298.72 	0.00021324 	1165.2 
299.22 	0.00021324 	1165.2 
299.72 	0.00021324 	1165.2 
300.22 	0.00021324 	1165.2 
300.72 	0.00021324 	1165.2 
301.22 	0.00021324 	1165.2 
301.72 	0.00010662 	1165.2 
302.22 	0.00010662 	1165.2 
302.72 	0.00021324 	1165.2 
303.22 	0.00021324 	1165.2 
303.72 	0.00021324 	998.74 
304.22 	0.00021324 	1165.2 
304.72 	0.00021324 	1165.2 
305.22 	0.00021324 	1165.2 
305.72 	0.00021324 	1165.2 
306.22 	0.00021324 	1165.2 
306.72 	0.00021324 	1165.2 
307.22 	0.00021324 	1331.7 
307.72 	0.00021324 	1165.2 
308.22 	0.00021324 	1165.2 
308.72 	0.00021324 	1165.2 
309.22 	0.00021324 	1165.2 
309.72 	0.00021324 	1165.2 
310.22 	0.00021324 	1165.2 
310.72 	0.00021324 	1331.7 
311.22 	0.00031985 	1165.2 
311.72 	0.00021324 	1165.2 
312.22 	0.00031985 	1165.2 
312.72 	0.00021324 	1165.2 
313.22 	0.00021324 	1165.2 
313.72 	0.00031985 	1331.7 
314.22 	0.00031985 	1165.2 
314.72 	0.00031985 	1165.2 
315.22 	0.00031985 	1165.2 
315.72 	0.00031985 	1165.2 
316.22 	0.00021324 	1165.2 
316.72 	0.00031985 	1165.2 
317.22 	0.00031985 	1165.2 
317.72 	0.00031985 	1165.2 
318.22 	0.00031985 	1165.2 
318.72 	0.00031985 	1165.2 
319.22 	0.00031985 	1165.2 
319.72 	0.00031985 	1165.2 
320.22 	0.00031985 	1165.2 
320.72 	0.00031985 	1165.2 
321.22 	0.00031985 	1165.2 
321.72 	0.00031985 	1165.2 
322.22 	0.00042647 	1165.2 
322.72 	0.00042647 	1331.7 
323.22 	0.00031985 	1165.2 
323.72 	0.00042647 	1165.2 
324.22 	0.00042647 	1165.2 
324.72 	0.00042647 	1165.2 
325.22 	0.00042647 	1165.2 
325.72 	0.00031985 	1165.2 
326.22 	0.00042647 	1165.2 
326.72 	0.00042647 	1165.2 
327.22 	0.00042647 	1165.2 
327.72 	0.00042647 	1165.2 
328.22 	0.00042647 	1165.2 
328.72 	0.00042647 	1165.2 
329.22 	0.00042647 	1165.2 
329.72 	0.00042647 	1165.2 
330.22 	0.00042647 	1165.2 
330.72 	0.00053309 	1498.1 
331.22 	0.00074633 	1664.6 
331.72 	0.00095956 	1997.5 
332.22 	0.0011728 	2330.4 
332.72 	0.0013860 	2496.9 
333.22 	0.0015993 	2829.8 
333.72 	0.0019191 	3329.1 
334.22 	0.0022390 	3828.5 
334.58 	0.0026655 	4494.3 
334.95 	0.0029853 	5160.2 
335.33 	0.0033052 	5826.0 
335.73 	0.0037316 	6325.4 
336.13 	0.0040515 	6991.2 
336.63 	0.0043713 	7657.0 
337.13 	0.0045846 	8156.4 
337.57 	0.0049044 	8822.2 
338.07 	0.0052243 	9321.6 
338.57 	0.0055441 	9654.5 
338.97 	0.0057574 	10320 
339.47 	0.0060772 	10820 
339.97 	0.0062905 	11319 
340.45 	0.0067169 	11652 
340.92 	0.0069302 	12318 
341.42 	0.0071434 	12651 
341.92 	0.0073566 	12984 
342.42 	0.0076765 	13483 
342.92 	0.0078897 	13982 
343.37 	0.0082096 	14648 
343.78 	0.0085294 	15314 
344.20 	0.0089559 	15647 
344.65 	0.0091692 	16313 
345.15 	0.0094890 	16812 
345.65 	0.0098089 	17312 
346.12 	0.010129 	17977 
346.62 	0.010342 	18310 
347.08 	0.010555 	18976 
347.57 	0.010982 	19475 
348.07 	0.011195 	19975 
348.57 	0.011515 	20308 
349.07 	0.011728 	20807 
349.55 	0.012048 	21473 
350.05 	0.012368 	21972 
350.48 	0.012581 	22638 
350.98 	0.012901 	22805 
351.48 	0.013007 	22971 
351.98 	0.013114 	23137 
352.48 	0.013114 	23137 
352.98 	0.013114 	23137 
353.48 	0.013114 	22971 
353.98 	0.013221 	23137 
354.48 	0.013221 	23137 
354.98 	0.013221 	23137 
355.48 	0.013221 	23304 
355.98 	0.013221 	23137 
356.48 	0.013221 	23137 
356.98 	0.013221 	22971 
357.48 	0.013221 	23137 
357.98 	0.013221 	23137 
358.48 	0.013221 	22971 
358.98 	0.013221 	22971 
359.48 	0.013221 	23137 
359.98 	0.013221 	23137 
360.48 	0.013221 	23137 
360.98 	0.013221 	23137 
361.48 	0.013221 	23137 
361.98 	0.013221 	23304 
362.48 	0.013221 	23137 
362.98 	0.013221 	22971 
363.48 	0.013327 	22971 
363.98 	0.013327 	23137 
364.48 	0.013327 	23304 
364.98 	0.013327 	23137 
365.48 	0.013327 	23137 
365.98 	0.013327 	23137 
366.48 	0.013327 	23137 
366.98 	0.013327 	22971 
367.48 	0.013434 	23304 
367.98 	0.013327 	23137 
368.48 	0.013327 	23137 
368.98 	0.013327 	23137 
369.48 	0.013327 	23137 
369.98 	0.013327 	23304 
370.48 	0.013327 	23137 
370.98 	0.013434 	23137 
371.48 	0.013434 	23137 
371.98 	0.013327 	23137 
372.48 	0.013434 	23137 
372.98 	0.013434 	23137 
373.48 	0.013434 	23137 
373.98 	0.013434 	23304 
374.48 	0.013434 	23137 
374.98 	0.013434 	23137 
375.48 	0.013434 	23137 
375.98 	0.013434 	23137 
376.48 	0.013434 	23137 
376.98 	0.013327 	23137 
377.48 	0.013434 	23137 
377.98 	0.013434 	23137 
378.48 	0.013434 	23137 
378.98 	0.013434 	23304 
379.48 	0.013434 	23137 
379.98 	0.013434 	23137 
380.48 	0.013434 	23137 
380.98 	0.013434 	23304 
381.48 	0.013434 	23137 
381.98 	0.013434 	23137 
382.48 	0.013434 	23137 
382.98 	0.013434 	23137 
383.48 	0.013434 	23137 
383.98 	0.013434 	23137 
384.48 	0.013434 	23304 
384.98 	0.013434 	23137 
385.48 	0.013434 	23137 
385.98 	0.013434 	23137 
386.48 	0.013434 	23137 
386.98 	0.013434 	23137 
387.48 	0.013434 	23137 
387.98 	0.013434 	23137 
388.48 	0.013434 	23137 
388.98 	0.013434 	22971 
389.48 	0.013434 	23137 
389.98 	0.013434 	23137 
390.48 	0.013434 	23137 
390.98 	0.013434 	23137 
391.48 	0.013434 	23137 
391.98 	0.013434 	23137 
392.48 	0.013434 	23137 
392.98 	0.013434 	23137 
393.48 	0.013434 	23137 
393.98 	0.013434 	23137 
394.48 	0.013434 	23137 
394.98 	0.013434 	23304 
395.48 	0.013434 	23304 
395.98 	0.013434 	23137 
396.48 	0.013434 	23137 
396.98 	0.013540 	23137 
397.48 	0.013434 	23137 
397.98 	0.013540 	23137 
398.48 	0.013434 	23137 
398.98 	0.013540 	23304 
399.48 	0.013434 	23137 
399.98 	0.013540 	23137 
400.48 	0.013540 	23137 
400.98 	0.013434 	23137 
401.48 	0.013540 	22971 
401.98 	0.013540 	23137 
402.48 	0.013540 	23137 
402.98 	0.013540 	23137 
403.48 	0.013540 	23137 
403.98 	0.013540 	23137 
404.48 	0.013540 	23137 
404.98 	0.013540 	23137 
405.48 	0.013540 	23137 
405.98 	0.013540 	23137 
406.48 	0.013647 	23137 
406.98 	0.013647 	23137 
407.48 	0.013540 	23304 
407.98 	0.013540 	23137 
408.48 	0.013540 	23137 
408.98 	0.013647 	22971 
409.48 	0.013540 	23137 
409.98 	0.013540 	23137 
410.48 	0.013540 	23137 
410.98 	0.013540 	23137 
411.48 	0.013540 	22805 
411.98 	0.013540 	22305 
412.48 	0.013434 	21806 
412.82 	0.013434 	21140 
413.32 	0.013327 	20807 
413.82 	0.013114 	20474 
414.27 	0.012901 	19808 
414.77 	0.012688 	19475 
415.27 	0.012368 	18810 
415.77 	0.012154 	18477 
416.20 	0.011941 	17811 
416.70 	0.011728 	17478 
417.17 	0.011515 	16812 
417.67 	0.011195 	16313 
418.17 	0.011088 	16146 
418.67 	0.010768 	15647 
419.17 	0.010555 	15314 
419.67 	0.010449 	14981 
420.03 	0.010129 	14315 
420.50 	0.0098089 	13649 
420.98 	0.0094890 	12984 
421.48 	0.0090625 	12651 
421.90 	0.0088493 	11985 
422.40 	0.0085294 	11486 
422.90 	0.0082096 	10986 
423.40 	0.0078897 	10487 
423.90 	0.0075699 	9987.4 
424.40 	0.0072500 	9654.5 
424.70 	0.0071434 	8988.7 
425.18 	0.0067169 	8655.8 
425.68 	0.0063971 	8322.8 
426.00 	0.0062905 	7657.0 
426.47 	0.0058640 	7324.1 
426.97 	0.0056508 	6658.3 
427.47 	0.0053309 	6491.8 
427.90 	0.0050111 	5826.0 
428.40 	0.0046912 	5493.1 
428.85 	0.0043713 	4827.2 
429.35 	0.0040515 	4327.9 
429.85 	0.0036250 	3995.0 
430.35 	0.0034118 	3662.0 
430.80 	0.0029853 	2996.2 
431.30 	0.0026655 	2663.3 
431.80 	0.0023456 	2163.9 
432.30 	0.0021324 	2163.9 
432.80 	0.0021324 	1997.5 
433.30 	0.0019191 	1831.0 
433.80 	0.0019191 	1664.6 
434.30 	0.0017059 	1664.6 
434.80 	0.0017059 	1498.1 
435.30 	0.0015993 	1664.6 
435.80 	0.0015993 	1498.1 
436.30 	0.0014927 	1498.1 
436.80 	0.0015993 	1498.1 
437.30 	0.0014927 	1331.7 
437.80 	0.0014927 	1498.1 
438.30 	0.0013860 	1498.1 
438.80 	0.0014927 	1331.7 
439.30 	0.0013860 	1498.1 
439.80 	0.0013860 	1331.7 
440.30 	0.0013860 	1331.7 
440.80 	0.0013860 	1165.2 
441.30 	0.0013860 	1331.7 
441.80 	0.0013860 	1165.2 
442.30 	0.0013860 	1331.7 
442.80 	0.0013860 	1331.7 
443.30 	0.0013860 	1165.2 
443.80 	0.0012794 	1331.7 
444.30 	0.0012794 	1331.7 
444.80 	0.0012794 	1331.7 
445.30 	0.0012794 	1331.7 
445.80 	0.0012794 	1165.2 
446.30 	0.0012794 	1165.2 
446.80 	0.0012794 	1165.2 
447.30 	0.0012794 	1165.2 
447.80 	0.0012794 	1165.2 
448.30 	0.0012794 	1331.7 
448.80 	0.0012794 	1165.2 
449.30 	0.0012794 	1165.2 
449.80 	0.0012794 	1165.2 
450.30 	0.0012794 	1165.2 
450.80 	0.0012794 	1165.2 
451.30 	0.0012794 	1165.2 
451.80 	0.0012794 	1165.2 
452.30 	0.0012794 	1165.2 
452.80 	0.0012794 	1165.2 
453.30 	0.0011728 	1165.2 
453.80 	0.0012794 	1165.2 
454.30 	0.0011728 	1165.2 
454.80 	0.0012794 	1165.2 
455.30 	0.0012794 	1165.2 
455.80 	0.0012794 	1165.2 
456.30 	0.0012794 	1165.2 
456.80 	0.0012794 	1165.2 
457.30 	0.0013860 	1165.2 
457.80 	0.0012794 	1331.7 
458.30 	0.0012794 	1165.2 
458.80 	0.0012794 	1165.2 
459.30 	0.0012794 	1165.2 
459.80 	0.0012794 	1165.2 
460.30 	0.0012794 	1165.2 
460.80 	0.0012794 	1165.2 
461.30 	0.0013860 	1165.2 
461.80 	0.0013860 	1165.2 
462.30 	0.0012794 	1165.2 
462.80 	0.0013860 	1165.2 
463.30 	0.0013860 	1165.2 
463.80 	0.0013860 	1165.2 
464.30 	0.0014927 	1165.2 
464.80 	0.0013860 	1165.2 
465.30 	0.0013860 	1331.7 
465.80 	0.0013860 	1165.2 
466.30 	0.0014927 	1165.2 
466.80 	0.0014927 	1165.2 
467.30 	0.0014927 	1165.2 
467.80 	0.0014927 	1165.2 
468.30 	0.0014927 	1165.2 
468.80 	0.0014927 	1165.2 
469.30 	0.0014927 	1165.2 
469.80 	0.0014927 	998.74 
470.30 	0.0014927 	1165.2 
470.80 	0.0015993 	1165.2 
471.30 	0.0015993 	1165.2 
471.80 	0.0014927 	1165.2 
472.30 	0.0015993 	998.74 
472.80 	0.0015993 	1165.2 
473.30 	0.0015993 	1165.2 
473.80 	0.0017059 	1165.2 
474.30 	0.0015993 	1165.2 
474.80 	0.0017059 	1331.7 
475.30 	0.0017059 	1165.2 
475.80 	0.0017059 	1165.2 
476.30 	0.0017059 	1165.2 
476.80 	0.0017059 	1331.7 
477.30 	0.0017059 	1165.2 
477.80 	0.0017059 	1165.2 
478.30 	0.0017059 	1165.2 
478.80 	0.0017059 	1165.2 
479.30 	0.0017059 	1165.2 
479.80 	0.0018125 	1165.2 
480.30 	0.0018125 	1165.2 
480.80 	0.0018125 	1165.2 
481.30 	0.0017059 	1165.2 
481.80 	0.0017059 	1165.2 
482.30 	0.0017059 	1165.2 
482.80 	0.0017059 	1165.2 
483.30 	0.0018125 	1165.2 
483.80 	0.0018125 	1165.2 
484.30 	0.0018125 	1165.2 
484.80 	0.0018125 	1165.2 
485.30 	0.0018125 	1331.7 
485.80 	0.0019191 	1165.2 
486.30 	0.0018125 	1165.2 
486.80 	0.0018125 	1165.2 
487.30 	0.0019191 	1165.2 
487.80 	0.0019191 	1165.2 
488.30 	0.0019191 	1165.2 
488.80 	0.0020257 	1165.2 
489.30 	0.0020257 	1165.2 
489.80 	0.0020257 	1331.7 
490.30 	0.0020257 	1165.2 
490.80 	0.0020257 	1165.2 
491.30 	0.0020257 	1165.2 
491.80 	0.0020257 	1165.2 
492.30 	0.0020257 	1165.2 
492.80 	0.0020257 	1165.2 
493.30 	0.0020257 	1165.2 
493.80 	0.0020257 	1165.2 
493.88 	0.0020257 	1165.2 
494.38 	0.0021324 	1165.2 
494.88 	0.0021324 	1165.2 
495.38 	0.0020257 	1165.2 
495.88 	0.0022390 	1165.2 
496.38 	0.0021324 	1165.2 
496.88 	0.0021324 	998.74 
497.38 	0.0021324 	1165.2 
497.88 	0.0022390 	1165.2 
498.38 	0.0022390 	1331.7 
498.88 	0.0021324 	1165.2 
499.38 	0.0021324 	1165.2 
499.88 	0.0021324 	1165.2 
500.38 	0.0022390 	1165.2 
500.88 	0.0022390 	1165.2 
501.38 	0.0022390 	1331.7 
501.88 	0.0022390 	1165.2 
502.38 	0.0022390 	1165.2 
502.88 	0.0022390 	1165.2 
503.38 	0.0022390 	1165.2 
503.88 	0.0023456 	1165.2 
504.38 	0.0023456 	1165.2 
504.88 	0.0022390 	1331.7 
505.38 	0.0023456 	1165.2 
505.88 	0.0023456 	1165.2 
506.38 	0.0023456 	1165.2 
506.88 	0.0022390 	1165.2 
507.38 	0.0023456 	1165.2 
507.88 	0.0023456 	1165.2 
508.38 	0.0023456 	1331.7 
508.88 	0.0023456 	1165.2 
509.38 	0.0023456 	998.74 
509.88 	0.0023456 	1165.2 
510.38 	0.0024522 	1331.7 
510.88 	0.0024522 	1165.2 
511.38 	0.0024522 	1165.2 
511.88 	0.0024522 	1165.2 
512.38 	0.0024522 	1165.2 
512.88 	0.0024522 	1165.2 
513.38 	0.0024522 	1165.2 
513.88 	0.0024522 	1165.2 
514.38 	0.0025588 	1331.7 
514.88 	0.0025588 	1165.2 
515.38 	0.0025588 	1165.2 
515.88 	0.0025588 	1165.2 
516.38 	0.0025588 	1165.2 
516.88 	0.0026655 	1165.2 
517.38 	0.0026655 	1331.7 
517.88 	0.0026655 	1165.2 
518.38 	0.0026655 	1165.2 
518.88 	0.0026655 	998.74 
519.38 	0.0027721 	1165.2 
519.88 	0.0026655 	1331.7 
520.38 	0.0027721 	1165.2 
520.88 	0.0027721 	1165.2 
521.38 	0.0027721 	1165.2 
521.88 	0.0027721 	1165.2 
522.38 	0.0027721 	1165.2 
522.88 	0.0027721 	1331.7 
523.38 	0.0027721 	1331.7 
523.88 	0.0027721 	1165.2 
524.38 	0.0027721 	1165.2 
524.88 	0.0027721 	1165.2 
525.38 	0.0027721 	1331.7 
525.88 	0.0028787 	1498.1 
526.38 	0.0029853 	1831.0 
526.88 	0.0031985 	1831.0 
527.38 	0.0034118 	2163.9 
527.88 	0.0036250 	2496.9 
528.38 	0.0038383 	2663.3 
528.82 	0.0040515 	3329.1 
529.32 	0.0043713 	3495.6 
529.72 	0.0046912 	4161.4 
530.08 	0.0051177 	4327.9 
530.27 	0.0052243 	4993.7 
530.62 	0.0055441 	5659.5 
530.92 	0.0059706 	6158.9 
531.40 	0.0062905 	6824.7 
531.82 	0.0066103 	7490.6 
532.32 	0.0070368 	7823.5 
532.55 	0.0071434 	8489.3 
533.05 	0.0073566 	8655.8 
533.35 	0.0075699 	9321.6 
533.85 	0.0078897 	9820.9 
534.35 	0.0081030 	10320 
534.85 	0.0084228 	10820 
535.35 	0.0086361 	11319 
535.73 	0.0089559 	11985 
536.23 	0.0090625 	12151 
536.73 	0.0092758 	12651 
537.23 	0.0094890 	12984 
537.73 	0.0097022 	13483 
538.23 	0.010022 	13982 
538.68 	0.010342 	14648 
539.13 	0.010662 	15314 
539.63 	0.010982 	15813 
540.07 	0.011302 	16479 
540.57 	0.011515 	16979 
541.07 	0.011941 	17478 
541.57 	0.012154 	17977 
542.07 	0.012474 	18477 
542.53 	0.012794 	19143 
543.03 	0.013114 	19642 
543.53 	0.013327 	20141 
544.03 	0.013647 	20474 
544.53 	0.013754 	20807 
544.78 	0.013967 	21473 
545.28 	0.014287 	21972 
545.78 	0.014500 	22472 
546.28 	0.014713 	22805 
546.78 	0.014820 	22971 
547.28 	0.014927 	23137 
547.78 	0.015033 	23137 
548.28 	0.015033 	23137 
548.78 	0.015033 	23137 
549.28 	0.015033 	22971 
549.78 	0.015033 	23137 
550.28 	0.015033 	23137 
550.78 	0.014927 	23137 
551.28 	0.015033 	23137 
551.78 	0.014927 	23137 
552.28 	0.014927 	23137 
552.78 	0.014820 	23137 
553.28 	0.014927 	23137 
553.78 	0.014927 	23137 
554.28 	0.014927 	23137 
554.78 	0.014927 	23304 
555.28 	0.014927 	23137 
555.78 	0.014927 	23137 
556.28 	0.014927 	23137 
556.78 	0.014820 	23137 
557.28 	0.014927 	23304 
557.78 	0.014820 	23137 
558.28 	0.014820 	23137 
558.78 	0.014820 	22971 
559.28 	0.014820 	23137 
559.78 	0.014713 	23137 
560.28 	0.014713 	23137 
560.78 	0.014820 	23137 
561.28 	0.014713 	23137 
561.78 	0.014713 	23137 
562.28 	0.014713 	23304 
562.78 	0.014820 	23137 
563.28 	0.014820 	23137 
563.78 	0.014713 	23137 
564.28 	0.014820 	23137 
564.78 	0.014713 	23137 
565.28 	0.014820 	23304 
565.78 	0.014713 	23304 
566.28 	0.014820 	23137 
566.78 	0.014713 	23137 
567.28 	0.014713 	23137 
567.78 	0.014713 	23137 
568.28 	0.014713 	23137 
568.78 	0.014607 	23137 
569.28 	0.014607 	23137 
569.78 	0.014607 	23137 
570.28 	0.014607 	23304 
570.78 	0.014607 	23137 
571.28 	0.014607 	23137 
571.78 	0.014607 	23137 
572.28 	0.014607 	23137 
572.78 	0.014607 	23304 
573.28 	0.014607 	23304 
573.78 	0.014607 	23137 
574.28 	0.014607 	23137 
574.78 	0.014607 	23137 
575.28 	0.014607 	23137 
575.78 	0.014607 	23137 
576.28 	0.014607 	23137 
576.78 	0.014500 	23137 
577.28 	0.014607 	23137 
577.78 	0.014607 	23137 
578.28 	0.014500 	23137 
578.78 	0.014607 	23137 
579.28 	0.014500 	23304 
579.78 	0.014607 	23137 
580.28 	0.014607 	23137 
580.78 	0.014607 	23137 
581.28 	0.014500 	23137 
581.78 	0.014607 	23137 
582.28 	0.014500 	23137 
582.78 	0.014500 	23137 
583.28 	0.014500 	23137 
583.78 	0.014500 	22971 
584.28 	0.014500 	23137 
584.78 	0.014500 	23137 
585.28 	0.014500 	23137 
585.78 	0.014500 	23137 
586.28 	0.014500 	23137 
586.78 	0.014500 	23137 
587.28 	0.014500 	23137 
587.78 	0.014500 	23137 
588.28 	0.014500 	23137 
588.78 	0.014500 	23137 
589.28 	0.014500 	23137 
589.78 	0.014500 	23137 
590.28 	0.014500 	23304 
590.78 	0.014500 	23304 
591.28 	0.014500 	23137 
591.78 	0.014500 	23137 
592.28 	0.014393 	23137 
592.78 	0.014500 	23137 
593.28 	0.014393 	23137 
593.78 	0.014393 	23137 
594.28 	0.014500 	23137 
594.78 	0.014393 	23137 
595.28 	0.014393 	23137 
595.78 	0.014393 	22971 
596.28 	0.014393 	23137 
596.78 	0.014393 	23304 
597.28 	0.014393 	23137 
597.78 	0.014393 	23137 
598.28 	0.014287 	23137 
598.78 	0.014393 	23137 
599.28 	0.014287 	23137 
599.78 	0.014287 	23304 
600.28 	0.014287 	23137 
600.78 	0.014287 	23137 
601.28 	0.014287 	23137 
601.78 	0.014287 	23137 
602.28 	0.014287 	23137 
602.78 	0.014287 	23137 
603.28 	0.014180 	23137 
603.78 	0.014287 	23137 
604.28 	0.014287 	23137 
604.78 	0.014287 	22971 
605.28 	0.014180 	23137 
605.78 	0.014180 	23137 
606.13 	0.014287 	23137 
606.63 	0.014180 	23137 
607.13 	0.014287 	23137 
607.63 	0.014180 	23137 
608.13 	0.014180 	23137 
608.63 	0.014180 	23137 
609.13 	0.014180 	23304 
609.63 	0.014180 	23137 
610.13 	0.014180 	23137 
610.63 	0.014180 	23137 
611.13 	0.014180 	23137 
611.63 	0.014180 	23137 
612.13 	0.014180 	23137 
612.63 	0.014180 	23137 
613.13 	0.014180 	23137 
613.63 	0.014180 	23137 
614.13 	0.014180 	23304 
614.63 	0.014074 	23137 
615.13 	0.014180 	22971 
615.63 	0.014074 	23137 
616.13 	0.014180 	23137 
616.63 	0.014180 	23137 
617.13 	0.014074 	23137 
617.63 	0.014074 	22971 
618.13 	0.014074 	23137 
618.63 	0.014074 	23137 
619.13 	0.014074 	23137 
619.63 	0.013967 	23304 
620.13 	0.013967 	23137 
620.63 	0.013967 	23137 
621.13 	0.013967 	23137 
621.63 	0.013967 	23137 
622.13 	0.013967 	22971 
622.63 	0.013967 	23137 
623.13 	0.014074 	23137 
623.63 	0.013967 	23304 
624.13 	0.013967 	23137 
624.63 	0.013967 	23137 
625.13 	0.013967 	22971 
625.63 	0.013967 	23137 
626.13 	0.013967 	23304 
626.63 	0.013967 	23137 
627.13 	0.013967 	23137 
627.63 	0.013967 	23137 
628.13 	0.013860 	23137 
628.63 	0.013860 	23137 
629.13 	0.013860 	23137 
629.63 	0.013860 	23137 
630.13 	0.013860 	23137 
630.63 	0.013860 	23137 
631.13 	0.013754 	22971 
631.63 	0.013754 	23137 
632.13 	0.013860 	23137 
632.63 	0.013860 	23137 
633.13 	0.013754 	23137 
633.63 	0.013754 	23137 
634.13 	0.013754 	23137 
634.63 	0.013754 	23137 
635.13 	0.013860 	23137 
635.63 	0.013754 	23137 
636.12 	0.013754 	23137 
636.62 	0.013754 	23137 
637.12 	0.013754 	22971 
637.62 	0.013754 	22971 
638.12 	0.013754 	23137 
638.62 	0.013754 	23137 
639.12 	0.013754 	23137 
639.62 	0.013754 	23137 
640.12 	0.013754 	23137 
640.62 	0.013754 	23137 
641.12 	0.013754 	23137 
641.62 	0.013754 	23137 
642.12 	0.013754 	23137 
642.62 	0.013754 	23137 
643.12 	0.013754 	23137 
643.62 	0.013754 	23137 
644.12 	0.013754 	23137 
644.62 	0.013754 	23137 
645.12 	0.013754 	23137 
645.62 	0.013754 	23137 
646.12 	0.013754 	23137 
646.62 	0.013754 	23137 
647.12 	0.013754 	22971 
647.62 	0.013754 	23137 
648.12 	0.013754 	23137 
648.62 	0.013754 	23304 
649.12 	0.013754 	23137 
649.62 	0.013754 	23137 
650.12 	0.013754 	23137 
650.62 	0.013754 	23137 
651.12 	0.013754 	23137 
651.62 	0.013754 	23137 
652.12 	0.013754 	23137 
652.62 	0.013754 	23137 
653.12 	0.013754 	23137 
653.62 	0.013754 	23304 
654.12 	0.013754 	23137 
654.62 	0.013754 	23137 
655.12 	0.013754 	22971 
655.62 	0.013754 	23137 
656.12 	0.013754 	23137 
656.62 	0.013754 	23137 
657.12 	0.013754 	23137 
657.62 	0.013754 	23137 
658.12 	0.013754 	23137 
658.62 	0.013754 	23137 
659.12 	0.013754 	23137 
659.62 	0.013754 	23137 
660.12 	0.013754 	23137 
660.62 	0.013754 	22971 
661.12 	0.013754 	23137 
661.62 	0.013754 	23137 
662.12 	0.013754 	23137 
662.62 	0.013754 	23137 
663.12 	0.013754 	23137 
663.62 	0.013754 	23137 
664.12 	0.013754 	23137 
664.62 	0.013754 	23304 
665.12 	0.013754 	23137 
665.62 	0.013754 	23137 
666.12 	0.013754 	23137 
666.62 	0.013754 	23137 
667.12 	0.013754 	23137 
667.62 	0.013754 	23137 
668.12 	0.013754 	23304 
668.62 	0.013754 	23137 
669.12 	0.013754 	22971 
669.62 	0.013754 	23137 
670.12 	0.013754 	23137 
670.62 	0.013754 	23304 
671.12 	0.013754 	23137 
671.62 	0.013754 	23137 
672.12 	0.013754 	23137 
672.62 	0.013754 	23137 
673.12 	0.013754 	23137 
673.62 	0.013754 	23304 
674.12 	0.013754 	23137 
674.62 	0.013754 	23137 
675.12 	0.013754 	23137 
675.62 	0.013754 	23137 
676.12 	0.013754 	23304 
676.62 	0.013754 	23137 
677.12 	0.013754 	23137 
677.62 	0.013754 	23137 
678.12 	0.013754 	23137 
678.62 	0.013754 	23304 
679.12 	0.013754 	23137 
679.62 	0.013754 	23137 
680.12 	0.013754 	23137 
680.62 	0.013754 	23137 
681.12 	0.013754 	23137 
681.62 	0.013754 	23137 
682.12 	0.013754 	22971 
682.62 	0.013754 	23137 
683.12 	0.013754 	23137 
683.62 	0.013754 	23137 
684.12 	0.013754 	23137 
684.62 	0.013754 	23137 
685.12 	0.013754 	23137 
685.62 	0.013754 	23137 
686.12 	0.013754 	23137 
686.62 	0.013754 	23137 
687.12 	0.013754 	23137 
687.62 	0.013754 	23137 
688.12 	0.013754 	23137 
688.62 	0.013754 	23137 
689.12 	0.013754 	23137 
689.62 	0.013754 	23137 
690.12 	0.013754 	23137 
690.62 	0.013754 	23137 
691.12 	0.013754 	22971 
691.62 	0.013754 	23137 
692.12 	0.013754 	23137 
692.62 	0.013754 	23137 
693.12 	0.013754 	23137 
693.62 	0.013754 	23137 
694.12 	0.013754 	23304 
694.62 	0.013754 	23304 
695.12 	0.013754 	23803 
695.62 	0.013754 	24303 
696.08 	0.013754 	24969 
696.58 	0.013754 	25301 
697.08 	0.013754 	25801 
697.57 	0.013754 	26467 
698.07 	0.013754 	26800 
698.57 	0.013754 	27299 
699.07 	0.013754 	27632 
699.48 	0.013754 	28298 
699.98 	0.013754 	28631 
700.48 	0.013754 	29130 
700.98 	0.013754 	29629 
701.48 	0.013754 	30129 
701.98 	0.013754 	30462 
702.45 	0.013754 	31127 
702.95 	0.013754 	31627 
703.45 	0.013754 	31960 
703.80 	0.013754 	32626 
704.22 	0.013754 	33291 
704.72 	0.013754 	33791 
705.15 	0.013754 	34457 
705.65 	0.013754 	34956 
706.15 	0.013754 	35455 
706.65 	0.013754 	35955 
707.12 	0.013754 	36620 
707.62 	0.013754 	37120 
708.12 	0.013754 	37453 
708.58 	0.013754 	38119 
709.08 	0.013754 	38618 
709.58 	0.013754 	39117 
710.08 	0.013754 	39617 
710.57 	0.013754 	40283 
711.07 	0.013754 	40782 
711.57 	0.013754 	41115 
712.03 	0.013754 	41781 
712.53 	0.013754 	42280 
713.03 	0.013754 	42779 
713.53 	0.013754 	43445 
714.03 	0.013754 	43778 
714.48 	0.013754 	44444 
714.98 	0.013754 	44777 
715.45 	0.013754 	45443 
715.95 	0.013754 	45776 
716.43 	0.013754 	46441 
716.93 	0.013754 	46941 
717.43 	0.013754 	47440 
717.93 	0.013754 	47940 
718.43 	0.013754 	48439 
718.92 	0.013754 	49105 
719.42 	0.013754 	49438 
719.88 	0.013754 	50103 
720.38 	0.013754 	50603 
720.88 	0.013754 	51102 
721.38 	0.013754 	51602 
721.87 	0.013754 	52267 
722.37 	0.013754 	52767 
722.87 	0.013754 	53100 
723.30 	0.013754 	53766 
723.80 	0.013754 	54265 
724.30 	0.013754 	54764 
724.80 	0.013754 	55097 
725.18 	0.013754 	55763 
725.68 	0.013754 	56096 
726.12 	0.013754 	56762 
726.62 	0.013754 	57095 
727.08 	0.013754 	57761 
727.58 	0.013754 	58260 
728.08 	0.013754 	58759 
728.58 	0.013754 	59259 
729.08 	0.013754 	59924 
729.58 	0.013754 	60424 
730.08 	0.013754 	60923 
730.58 	0.013754 	61256 
730.98 	0.013754 	61922 
731.48 	0.013754 	62421 
731.98 	0.013754 	62921 
732.48 	0.013754 	63420 
732.98 	0.013754 	63919 
733.48 	0.013754 	64419 
733.97 	0.013754 	65085 
734.47 	0.013754 	65584 
734.97 	0.013754 	65917 
735.38 	0.013754 	66583 
735.88 	0.013754 	66916 
736.37 	0.013754 	67581 
736.87 	0.013754 	68081 
737.37 	0.013754 	68580 
737.87 	0.013754 	69080 
738.37 	0.013754 	69579 
738.87 	0.013754 	70078 
739.33 	0.013754 	70744 
739.83 	0.013754 	71244 
740.33 	0.013754 	71743 
740.83 	0.013754 	72242 
741.33 	0.013754 	72742 
741.83 	0.013754 	73241 
742.33 	0.013754 	73907 
742.83 	0.013754 	74406 
743.33 	0.013754 	74906 
743.83 	0.013754 	75238 
744.22 	0.013754 	75904 
744.72 	0.013754 	76404 
745.22 	0.013754 	76903 
745.72 	0.013754 	77402 
746.22 	0.013754 	77902 
746.72 	0.013754 	78401 
747.20 	0.013754 	79067 
747.70 	0.013754 	79566 
748.20 	0.013754 	80066 
748.70 	0.013754 	80565 
749.20 	0.013754 	81064 
749.68 	0.013754 	81730 
750.18 	0.013754 	82230 
750.68 	0.013754 	82563 
751.15 	0.013754 	83228 
751.65 	0.013754 	83728 
752.15 	0.013754 	84227 
752.65 	0.013754 	84727 
753.13 	0.013754 	85392 
753.63 	0.013754 	85725 
754.12 	0.013754 	86391 
754.62 	0.013754 	86890 
755.12 	0.013754 	87390 
755.62 	0.013754 	87889 
756.12 	0.013754 	88389 
756.62 	0.013754 	89054 
757.12 	0.013754 	89387 
757.58 	0.013754 	90053 
758.08 	0.013754 	90552 
758.58 	0.013754 	91052 
759.08 	0.013754 	91551 
759.58 	0.013754 	92051 
760.08 	0.013754 	92550 
760.58 	0.013754 	93216 
761.08 	0.013754 	93715 
761.58 	0.013754 	94215 
762.08 	0.013754 	94714 
762.58 	0.013754 	95213 
763.08 	0.013754 	95713 
763.57 	0.013754 	96378 
764.07 	0.013754 	96878 
764.57 	0.013754 	97377 
765.07 	0.013754 	97877 
765.57 	0.013754 	98376 
766.07 	0.013754 	98875 
766.53 	0.013754 	99541 
767.03 	0.013754 	100040 
767.53 	0.013754 	100540 
768.03 	0.013754 	101040 
768.52 	0.013754 	101710 
769.02 	0.013754 	102040 
769.52 	0.013754 	102540 
770.00 	0.013754 	103200 
770.50 	0.013754 	103700 
771.00 	0.013754 	104200 
771.50 	0.013754 	104700 
772.00 	0.013754 	105200 
772.45 	0.013754 	105870 
772.95 	0.013754 	106200 
773.38 	0.013754 	106870 
773.88 	0.013754 	107200 
774.38 	0.013754 	107700 
774.88 	0.013754 	108200 
775.38 	0.013754 	108700 
775.82 	0.013754 	109360 
776.32 	0.013754 	109860 
776.82 	0.013754 	110360 
777.32 	0.013754 	110860 
777.77 	0.013754 	111530 
778.27 	0.013754 	111860 
778.77 	0.013754 	112360 
779.23 	0.013754 	113020 
779.73 	0.013754 	113360 
780.23 	0.013754 	113860 
780.72 	0.013754 	114520 
781.22 	0.013754 	114860 
781.65 	0.013754 	115520 
782.15 	0.013754 	116020 
782.65 	0.013754 	116520 
783.15 	0.013754 	117020 
783.65 	0.013754 	117680 
784.15 	0.013754 	118020 
784.63 	0.013754 	118680 
785.13 	0.013754 	119180 
785.63 	0.013754 	119680 
786.13 	0.013754 	120180 
786.63 	0.013754 	120680 
787.13 	0.013754 	121180 
787.63 	0.013754 	121680 
788.08 	0.013754 	122350 
788.58 	0.013754 	122850 
789.08 	0.013754 	123340 
789.58 	0.013754 	123840 
790.08 	0.013754 	124340 
790.58 	0.013754 	124840 
791.05 	0.013754 	125510 
791.55 	0.013754 	125840 
792.05 	0.013754 	126340 
792.53 	0.013754 	127010 
793.03 	0.013754 	127510 
793.53 	0.013754 	128010 
794.03 	0.013754 	128500 
794.53 	0.013754 	129170 
795.03 	0.013754 	129670 
795.53 	0.013754 	130170 
796.03 	0.013754 	130670 
796.53 	0.013754 	131170 
797.03 	0.013754 	131670 
797.53 	0.013754 	132170 
798.03 	0.013754 	132830 
798.53 	0.013754 	133330 
799.03 	0.013754 	133830 
799.53 	0.013754 	134330 
800.03 	0.013754 	134830 
800.53 	0.013754 	135330 
801.03 	0.013754 	136000 
801.53 	0.013754 	136490 
802.03 	0.013754 	136990 
802.53 	0.013754 	137490 
803.03 	0.013754 	138160 
803.53 	0.013754 	138490 
804.03 	0.013754 	139160 
804.53 	0.013754 	139660 
805.03 	0.013754 	140160 
805.53 	0.013754 	140660 
806.03 	0.013754 	141320 
806.53 	0.013754 	141820 
807.03 	0.013754 	142320 
807.53 	0.013754 	142990 
808.03 	0.013754 	143320 
808.53 	0.013754 	143820 
809.03 	0.013754 	144320 
809.53 	0.013754 	144980 
810.03 	0.013754 	145480 
810.53 	0.013754 	145980 
811.03 	0.013754 	146650 
811.53 	0.013754 	146980 
812.03 	0.013754 	147650 
812.53 	0.013754 	147980 
813.03 	0.013754 	148650 
813.53 	0.013754 	149150 
814.03 	0.013754 	149640 
814.53 	0.013754 	150140 
815.03 	0.013754 	150810 
815.53 	0.013754 	151310 
816.03 	0.013754 	151810 
816.53 	0.013754 	152310 
817.03 	0.013754 	152810 
817.53 	0.013754 	153470 
818.03 	0.013754 	153810 
818.53 	0.013754 	154470 
819.03 	0.013754 	154970 
819.53 	0.013754 	155470 
820.03 	0.013754 	155970 
820.53 	0.013754 	156640 
821.03 	0.013754 	157140 
821.53 	0.013754 	157630 
822.03 	0.013754 	158130 
822.53 	0.013754 	158630 
823.03 	0.013754 	159300 
823.53 	0.013754 	159630 
824.03 	0.013754 	160300 
824.53 	0.013754 	160800 
825.03 	0.013754 	161300 
825.53 	0.013754 	161800 
826.03 	0.013754 	162460 
826.53 	0.013754 	162960 
827.03 	0.013754 	163460 
827.53 	0.013754 	163960 
828.03 	0.013754 	164460 
828.53 	0.013754 	164960 
829.03 	0.013754 	165460 
829.53 	0.013754 	166120 
830.03 	0.013754 	166620 
830.53 	0.013754 	167120 
831.03 	0.013754 	167620 
831.53 	0.013754 	168290 
832.03 	0.013754 	168620 
832.53 	0.013754 	169290 
833.03 	0.013754 	169790 
833.53 	0.013754 	170290 
834.03 	0.013754 	170780 
834.53 	0.013754 	171450 
835.03 	0.013754 	171950 
835.53 	0.013754 	172450 
836.03 	0.013754 	172950 
836.53 	0.013754 	173450 
837.03 	0.013754 	173950 
837.53 	0.013754 	174450 
838.03 	0.013754 	175110 
838.53 	0.013754 	175610 
839.03 	0.013754 	176110 
839.53 	0.013754 	176610 
840.03 	0.013754 	177110 
840.53 	0.013754 	177780 
841.03 	0.013754 	178110 
841.53 	0.013754 	178610 
842.03 	0.013754 	179270 
842.53 	0.013754 	179770 
843.03 	0.013754 	180440 
843.53 	0.013754 	180940 
844.03 	0.013754 	181270 
844.53 	0.013754 	181940 
845.03 	0.013754 	182440 
845.53 	0.013754 	182940 
846.03 	0.013754 	183440 
846.53 	0.013754 	183930 
847.03 	0.013754 	184600 
847.53 	0.013754 	185100 
848.03 	0.013754 	185600 
848.53 	0.013754 	186100 
849.03 	0.013754 	186600 
849.53 	0.013754 	187260 
850.03 	0.013754 	187930 
850.53 	0.013754 	188260 
851.03 	0.013754 	188760 
851.53 	0.013754 	189260 
852.03 	0.013754 	189760 
852.53 	0.013754 	190260 
853.03 	0.013754 	190930 
853.53 	0.013754 	191430 
854.03 	0.013754 	191920 
854.53 	0.013754 	192420 
855.03 	0.013754 	192920 
855.53 	0.013754 	193590 
856.03 	0.013754 	194090 
856.53 	0.013754 	194590 
857.03 	0.013754 	195250 
857.53 	0.013754 	195590 
858.03 	0.013754 	196250 
858.53 	0.013754 	196750 
859.03 	0.013754 	197250 
859.53 	0.013754 	197750 
860.03 	0.013754 	198250 
860.53 	0.013754 	198750 
861.03 	0.013754 	199420 
861.53 	0.013754 	199910 
862.03 	0.013754 	200410 
862.53 	0.013754 	200910 
863.03 	0.013754 	201410 
863.53 	0.013754 	202080 
864.03 	0.013754 	202410 
864.53 	0.013754 	203080 
865.03 	0.013754 	203580 
865.53 	0.013754 	204080 
866.03 	0.013754 	204580 
866.53 	0.013754 	205240 
867.03 	0.013754 	205740 
867.53 	0.013754 	206240 
868.03 	0.013754 	206740 
868.53 	0.013754 	207410 
869.03 	0.013754 	207900 
869.53 	0.013754 	208400 
870.03 	0.013754 	208900 
870.53 	0.013754 	209400 
871.03 	0.013754 	209900 
871.53 	0.013754 	210400 
872.03 	0.013754 	210900 
872.53 	0.013754 	211400 
873.03 	0.013754 	212070 
873.53 	0.013754 	212570 
874.03 	0.013754 	213060 
874.53 	0.013754 	213560 
875.03 	0.013754 	214060 
875.53 	0.013754 	214560 
876.03 	0.013754 	215230 
876.53 	0.013754 	215730 
877.03 	0.013754 	216230 
877.53 	0.013754 	216730 
878.03 	0.013754 	217230 
878.53 	0.013754 	217730 
879.03 	0.013754 	218220 
879.53 	0.013754 	218560 
880.03 	0.013754 	218390 
880.13 	0.013754 	215560 
880.15 	0.013754 	201910 
880.17 	0.013754 	179940 
880.18 	0.013754 	162460 
880.20 	0.013754 	137490 
