Tempo(s)	Deformação(mm)	Força(N)
 0.016667 	0.00000 	0.00000 
0.51667 	0.00000 	0.00000 
1.0167 	0.00010662 	499.37 
1.5167 	0.00010662 	665.83 
2.0167 	0.00021324 	998.74 
2.5167 	0.00031985 	1498.1 
3.0167 	0.00042647 	1831.0 
3.4667 	0.00053309 	2496.9 
3.9667 	0.00053309 	2663.3 
4.4667 	0.00053309 	2829.8 
4.9667 	0.00063971 	2829.8 
5.4667 	0.00053309 	2996.2 
5.9667 	0.00063971 	3162.7 
6.4667 	0.00063971 	3495.6 
6.8167 	0.00085294 	4161.4 
7.2167 	0.00085294 	4827.2 
7.7167 	0.00095956 	5160.2 
8.2167 	0.0010662 	5493.1 
8.7167 	0.0011728 	5992.4 
9.0667 	0.0012794 	6658.3 
9.5667 	0.0014927 	7157.6 
9.9000 	0.0015993 	7823.5 
10.167 	0.0017059 	8489.3 
10.633 	0.0019191 	9155.1 
11.017 	0.0020257 	9820.9 
11.483 	0.0022390 	10487 
11.983 	0.0024522 	10986 
12.350 	0.0025588 	11652 
12.850 	0.0027721 	12151 
13.250 	0.0028787 	12817 
13.750 	0.0029853 	13317 
14.250 	0.0031985 	13816 
14.750 	0.0033052 	14482 
15.250 	0.0034118 	14815 
15.750 	0.0034118 	15148 
16.250 	0.0035184 	15647 
16.750 	0.0036250 	16146 
17.250 	0.0038383 	16479 
17.650 	0.0038383 	17145 
18.100 	0.0040515 	17811 
18.600 	0.0041581 	18310 
19.100 	0.0042647 	18810 
19.483 	0.0043713 	19475 
19.983 	0.0045846 	19808 
20.483 	0.0045846 	20308 
20.983 	0.0045846 	20474 
21.483 	0.0046912 	20641 
21.983 	0.0046912 	20641 
22.483 	0.0046912 	20641 
22.983 	0.0046912 	20641 
23.483 	0.0046912 	20641 
23.983 	0.0046912 	20474 
24.483 	0.0046912 	20474 
24.983 	0.0046912 	20641 
25.483 	0.0046912 	20641 
25.983 	0.0046912 	20641 
26.483 	0.0046912 	20641 
26.983 	0.0046912 	20641 
27.483 	0.0046912 	20641 
27.983 	0.0046912 	20474 
28.483 	0.0046912 	20641 
28.983 	0.0046912 	20641 
29.483 	0.0046912 	20641 
29.983 	0.0046912 	20474 
30.483 	0.0046912 	20641 
30.983 	0.0046912 	20641 
31.483 	0.0045846 	20641 
31.983 	0.0046912 	20641 
32.483 	0.0046912 	20641 
32.983 	0.0046912 	20641 
33.483 	0.0046912 	20641 
33.983 	0.0046912 	20641 
34.483 	0.0046912 	20641 
34.983 	0.0046912 	20641 
35.483 	0.0045846 	20641 
35.983 	0.0046912 	20641 
36.483 	0.0046912 	20641 
36.983 	0.0046912 	20641 
37.483 	0.0046912 	20474 
37.983 	0.0045846 	20641 
38.483 	0.0046912 	20641 
38.983 	0.0046912 	20641 
39.483 	0.0045846 	20641 
39.983 	0.0046912 	20474 
40.483 	0.0045846 	20641 
40.983 	0.0045846 	20641 
41.483 	0.0046912 	20641 
41.983 	0.0045846 	20641 
42.483 	0.0046912 	20641 
42.983 	0.0045846 	20641 
43.483 	0.0045846 	20641 
43.983 	0.0046912 	20807 
44.483 	0.0045846 	20807 
44.983 	0.0045846 	20641 
45.483 	0.0045846 	20641 
45.983 	0.0045846 	20641 
46.483 	0.0045846 	20641 
46.983 	0.0045846 	20641 
47.483 	0.0045846 	20641 
47.983 	0.0045846 	20641 
48.483 	0.0045846 	20641 
48.983 	0.0045846 	20641 
49.483 	0.0045846 	20641 
49.983 	0.0045846 	20641 
50.483 	0.0045846 	20641 
50.983 	0.0045846 	20641 
51.483 	0.0045846 	20807 
51.983 	0.0046912 	20641 
52.483 	0.0045846 	20641 
52.983 	0.0045846 	20807 
53.483 	0.0045846 	20641 
53.983 	0.0045846 	20641 
54.483 	0.0045846 	20641 
54.983 	0.0045846 	20641 
55.483 	0.0045846 	20641 
55.983 	0.0045846 	20641 
56.483 	0.0045846 	20641 
56.983 	0.0045846 	20641 
57.483 	0.0045846 	20641 
57.983 	0.0046912 	20641 
58.483 	0.0045846 	20641 
58.983 	0.0045846 	20474 
59.483 	0.0045846 	20807 
59.983 	0.0045846 	20641 
60.483 	0.0045846 	20641 
60.983 	0.0045846 	20641 
61.483 	0.0045846 	20641 
61.983 	0.0045846 	20641 
62.483 	0.0045846 	20641 
62.983 	0.0045846 	20641 
63.483 	0.0045846 	20641 
63.983 	0.0045846 	20641 
64.483 	0.0045846 	20641 
64.983 	0.0045846 	20641 
65.483 	0.0045846 	20807 
65.983 	0.0045846 	20641 
66.483 	0.0045846 	20474 
66.983 	0.0045846 	20641 
67.483 	0.0045846 	20641 
67.983 	0.0045846 	20641 
68.483 	0.0045846 	20641 
68.983 	0.0045846 	20641 
69.483 	0.0045846 	20474 
69.983 	0.0045846 	20474 
70.483 	0.0045846 	20641 
70.983 	0.0045846 	20641 
71.483 	0.0045846 	20641 
71.983 	0.0045846 	20641 
72.483 	0.0045846 	20641 
72.983 	0.0045846 	20641 
73.483 	0.0046912 	20641 
73.983 	0.0045846 	20641 
74.483 	0.0045846 	20641 
74.983 	0.0045846 	20474 
75.483 	0.0045846 	20641 
75.983 	0.0045846 	20641 
76.483 	0.0045846 	20641 
76.983 	0.0046912 	20641 
77.483 	0.0045846 	20474 
77.983 	0.0045846 	20474 
78.483 	0.0046912 	20474 
78.983 	0.0045846 	20807 
79.483 	0.0046912 	20641 
79.983 	0.0045846 	20807 
80.483 	0.0046912 	20641 
80.983 	0.0045846 	20474 
81.483 	0.0044780 	19975 
81.983 	0.0043713 	19475 
82.483 	0.0042647 	18976 
82.983 	0.0040515 	18643 
83.450 	0.0039449 	17977 
83.950 	0.0039449 	17644 
84.450 	0.0037316 	17312 
84.950 	0.0036250 	16812 
85.450 	0.0035184 	16479 
85.917 	0.0034118 	15813 
86.417 	0.0033052 	15148 
86.900 	0.0030919 	14482 
87.400 	0.0029853 	14149 
87.900 	0.0028787 	13483 
88.400 	0.0027721 	12984 
88.900 	0.0026655 	12651 
89.333 	0.0025588 	11985 
89.833 	0.0024522 	11652 
90.317 	0.0023456 	10986 
90.817 	0.0022390 	10653 
91.267 	0.0022390 	9987.4 
91.767 	0.0021324 	9820.9 
92.100 	0.0020257 	9155.1 
92.600 	0.0019191 	8655.8 
93.100 	0.0018125 	8322.8 
93.550 	0.0017059 	7657.0 
94.050 	0.0015993 	7490.6 
94.417 	0.0014927 	6824.7 
94.917 	0.0013860 	6491.8 
95.400 	0.0012794 	5826.0 
95.900 	0.0011728 	5659.5 
96.400 	0.0011728 	5326.6 
96.900 	0.0010662 	4827.2 
97.400 	0.00095956 	4660.8 
97.783 	0.00085294 	3995.0 
98.283 	0.00085294 	3828.5 
98.783 	0.00063971 	3329.1 
99.283 	0.00063971 	2996.2 
99.783 	0.00063971 	2829.8 
100.28 	0.00063971 	2829.8 
100.78 	0.00053309 	2663.3 
101.28 	0.00063971 	2829.8 
101.78 	0.00053309 	2663.3 
102.28 	0.00053309 	2330.4 
102.78 	0.00063971 	2330.4 
103.28 	0.00063971 	2330.4 
103.78 	0.00063971 	2163.9 
104.28 	0.00063971 	2163.9 
104.78 	0.00053309 	2163.9 
105.28 	0.00063971 	2163.9 
105.78 	0.00063971 	1997.5 
106.28 	0.00063971 	2163.9 
106.78 	0.00053309 	1997.5 
107.28 	0.00053309 	1997.5 
107.78 	0.00042647 	1664.6 
108.28 	0.00031985 	1498.1 
108.78 	0.00031985 	1331.7 
109.28 	0.00031985 	1165.2 
109.78 	0.00031985 	1165.2 
110.28 	0.00031985 	1165.2 
110.78 	0.00031985 	1165.2 
111.28 	0.00021324 	1165.2 
111.78 	0.00031985 	1165.2 
112.28 	0.00021324 	998.74 
112.78 	0.00031985 	998.74 
113.28 	0.00021324 	998.74 
113.78 	0.00031985 	998.74 
114.28 	0.00021324 	998.74 
114.78 	0.00031985 	998.74 
115.28 	0.00021324 	998.74 
115.78 	0.00031985 	998.74 
116.28 	0.00021324 	998.74 
116.78 	0.00021324 	998.74 
117.28 	0.00021324 	998.74 
117.78 	0.00031985 	832.28 
118.28 	0.00031985 	998.74 
118.78 	0.00021324 	998.74 
119.28 	0.00031985 	998.74 
119.78 	0.00031985 	998.74 
120.28 	0.00021324 	998.74 
120.78 	0.00021324 	998.74 
121.28 	0.00021324 	832.28 
121.78 	0.00031985 	998.74 
122.28 	0.00031985 	998.74 
122.78 	0.00021324 	998.74 
123.28 	0.00021324 	1165.2 
123.78 	0.00021324 	832.28 
124.28 	0.00021324 	1165.2 
124.78 	0.00031985 	998.74 
125.28 	0.00021324 	832.28 
125.78 	0.00031985 	998.74 
126.28 	0.00021324 	998.74 
126.78 	0.00021324 	998.74 
127.28 	0.00021324 	998.74 
127.78 	0.00021324 	998.74 
128.28 	0.00021324 	998.74 
128.78 	0.00021324 	1165.2 
129.28 	0.00021324 	1165.2 
129.78 	0.00021324 	998.74 
130.28 	0.00021324 	998.74 
130.78 	0.00021324 	998.74 
131.28 	0.00021324 	998.74 
131.78 	0.00021324 	998.74 
132.28 	0.00021324 	998.74 
132.78 	0.00021324 	998.74 
133.28 	0.00021324 	832.28 
133.78 	0.00021324 	998.74 
134.28 	0.00021324 	998.74 
134.78 	0.00021324 	998.74 
135.28 	0.00021324 	998.74 
135.78 	0.00021324 	998.74 
136.28 	0.00021324 	998.74 
136.78 	0.00021324 	1165.2 
137.28 	0.00021324 	1165.2 
137.78 	0.00021324 	998.74 
138.28 	0.00021324 	998.74 
138.78 	0.00021324 	998.74 
139.28 	0.00021324 	998.74 
139.78 	0.00021324 	1165.2 
140.28 	0.00021324 	998.74 
140.78 	0.00021324 	998.74 
141.28 	0.00021324 	1165.2 
141.78 	0.00021324 	998.74 
142.28 	0.00021324 	998.74 
142.78 	0.00021324 	998.74 
143.28 	0.00021324 	998.74 
143.78 	0.00021324 	998.74 
144.28 	0.00021324 	998.74 
144.78 	0.00021324 	1165.2 
145.28 	0.00021324 	998.74 
145.78 	0.00021324 	832.28 
146.28 	0.00021324 	832.28 
146.78 	0.00021324 	998.74 
147.28 	0.00010662 	998.74 
147.78 	0.00010662 	998.74 
148.28 	0.00021324 	998.74 
148.78 	0.00021324 	998.74 
149.28 	0.00010662 	998.74 
149.78 	0.00010662 	998.74 
150.28 	0.00010662 	832.28 
150.78 	0.00021324 	998.74 
151.28 	0.00021324 	1165.2 
151.78 	0.00021324 	998.74 
152.28 	0.00021324 	998.74 
152.78 	0.00021324 	998.74 
153.28 	0.00021324 	998.74 
153.78 	0.00021324 	1165.2 
154.28 	0.00010662 	998.74 
154.78 	0.00010662 	998.74 
155.28 	0.00021324 	832.28 
155.78 	0.00021324 	998.74 
156.28 	0.00021324 	998.74 
156.78 	0.00021324 	998.74 
157.28 	0.00021324 	998.74 
157.78 	0.00021324 	998.74 
158.28 	0.00021324 	1165.2 
158.78 	0.00010662 	998.74 
159.28 	0.00010662 	998.74 
159.78 	0.00021324 	998.74 
160.28 	0.00010662 	998.74 
160.78 	0.00010662 	998.74 
161.28 	0.00010662 	998.74 
161.78 	0.00010662 	832.28 
162.28 	0.00010662 	998.74 
162.78 	0.00010662 	832.28 
163.28 	0.00021324 	1331.7 
163.78 	0.00021324 	1498.1 
164.28 	0.00031985 	1831.0 
164.78 	0.00031985 	2163.9 
165.28 	0.00042647 	2663.3 
165.78 	0.00053309 	2829.8 
166.28 	0.00053309 	2829.8 
166.78 	0.00053309 	2829.8 
167.28 	0.00053309 	2996.2 
167.78 	0.00053309 	3329.1 
168.27 	0.00063971 	3995.0 
168.72 	0.00085294 	4660.8 
169.22 	0.00085294 	5160.2 
169.72 	0.00095956 	5326.6 
170.22 	0.0010662 	5826.0 
170.53 	0.0011728 	6491.8 
171.03 	0.0013860 	7157.6 
171.37 	0.0014927 	7823.5 
171.85 	0.0017059 	8489.3 
172.25 	0.0018125 	9155.1 
172.73 	0.0020257 	9820.9 
173.15 	0.0021324 	10487 
173.65 	0.0023456 	10986 
174.08 	0.0024522 	11652 
174.58 	0.0026655 	12318 
175.08 	0.0027721 	12817 
175.55 	0.0028787 	13483 
176.05 	0.0030919 	13982 
176.55 	0.0031985 	14482 
177.05 	0.0033052 	14815 
177.55 	0.0034118 	15314 
178.05 	0.0035184 	15647 
178.55 	0.0036250 	16146 
179.05 	0.0038383 	16646 
179.40 	0.0039449 	17312 
179.88 	0.0040515 	17977 
180.38 	0.0041581 	18477 
180.88 	0.0043713 	18976 
181.38 	0.0044780 	19642 
181.88 	0.0045846 	20141 
182.38 	0.0045846 	20308 
182.88 	0.0045846 	20474 
183.38 	0.0046912 	20641 
183.88 	0.0046912 	20641 
184.38 	0.0046912 	20641 
184.88 	0.0046912 	20641 
185.38 	0.0046912 	20641 
185.88 	0.0046912 	20474 
186.38 	0.0047978 	20641 
186.88 	0.0046912 	20641 
187.38 	0.0046912 	20807 
187.88 	0.0046912 	20474 
188.38 	0.0046912 	20474 
188.88 	0.0046912 	20641 
189.38 	0.0046912 	20641 
189.88 	0.0046912 	20641 
190.38 	0.0046912 	20474 
190.88 	0.0046912 	20641 
191.38 	0.0046912 	20474 
191.88 	0.0046912 	20641 
192.38 	0.0046912 	20641 
192.88 	0.0046912 	20641 
193.38 	0.0046912 	20641 
193.88 	0.0046912 	20641 
194.38 	0.0046912 	20641 
194.88 	0.0046912 	20641 
195.38 	0.0046912 	20807 
195.88 	0.0046912 	20641 
196.38 	0.0046912 	20641 
196.88 	0.0046912 	20474 
197.38 	0.0046912 	20474 
197.88 	0.0047978 	20807 
198.38 	0.0046912 	20641 
198.88 	0.0047978 	20641 
199.38 	0.0047978 	20641 
199.88 	0.0046912 	20474 
200.38 	0.0046912 	20641 
200.88 	0.0047978 	20807 
201.38 	0.0046912 	20474 
201.88 	0.0046912 	20641 
202.38 	0.0046912 	20474 
202.88 	0.0046912 	20641 
203.38 	0.0047978 	20807 
203.88 	0.0046912 	20641 
204.38 	0.0047978 	20641 
204.88 	0.0046912 	20474 
205.38 	0.0046912 	20641 
205.88 	0.0046912 	20474 
206.38 	0.0047978 	20641 
206.88 	0.0047978 	20807 
207.38 	0.0047978 	20641 
207.88 	0.0046912 	20641 
208.38 	0.0046912 	20641 
208.88 	0.0046912 	20807 
209.38 	0.0046912 	20641 
209.88 	0.0046912 	20641 
210.38 	0.0046912 	20474 
210.88 	0.0046912 	20474 
211.38 	0.0046912 	20641 
211.88 	0.0047978 	20641 
212.38 	0.0046912 	20641 
212.88 	0.0046912 	20641 
213.38 	0.0046912 	20807 
213.88 	0.0046912 	20641 
214.38 	0.0046912 	20474 
214.88 	0.0046912 	20474 
215.38 	0.0047978 	20641 
215.88 	0.0046912 	20641 
216.38 	0.0046912 	20807 
216.88 	0.0047978 	20641 
217.38 	0.0046912 	20641 
217.88 	0.0046912 	20641 
218.38 	0.0046912 	20641 
218.88 	0.0047978 	20807 
219.38 	0.0046912 	20641 
219.88 	0.0046912 	20474 
220.38 	0.0046912 	20474 
220.88 	0.0046912 	20641 
221.38 	0.0046912 	20641 
221.88 	0.0046912 	20641 
222.38 	0.0046912 	20641 
222.88 	0.0046912 	20474 
223.38 	0.0046912 	20474 
223.88 	0.0046912 	20641 
224.38 	0.0046912 	20641 
224.88 	0.0046912 	20807 
225.38 	0.0046912 	20641 
225.88 	0.0046912 	20641 
226.38 	0.0046912 	20641 
226.88 	0.0046912 	20641 
227.38 	0.0046912 	20641 
227.88 	0.0046912 	20641 
228.38 	0.0046912 	20474 
228.88 	0.0046912 	20641 
229.38 	0.0046912 	20807 
229.88 	0.0046912 	20641 
230.38 	0.0046912 	20807 
230.88 	0.0046912 	20641 
231.38 	0.0046912 	20474 
231.88 	0.0046912 	20641 
232.38 	0.0046912 	20641 
232.88 	0.0046912 	20641 
233.38 	0.0046912 	20641 
233.88 	0.0046912 	20641 
234.38 	0.0046912 	20641 
234.88 	0.0046912 	20641 
235.38 	0.0046912 	20807 
235.88 	0.0046912 	20641 
236.38 	0.0046912 	20641 
236.88 	0.0046912 	20641 
237.38 	0.0046912 	20474 
237.88 	0.0046912 	20641 
238.38 	0.0046912 	20641 
238.88 	0.0046912 	20641 
239.38 	0.0046912 	20641 
239.88 	0.0046912 	20641 
240.38 	0.0046912 	20641 
240.88 	0.0046912 	20641 
241.38 	0.0046912 	20641 
241.88 	0.0046912 	20641 
242.38 	0.0046912 	20641 
242.88 	0.0045846 	20308 
243.38 	0.0044780 	19808 
243.88 	0.0043713 	19309 
244.38 	0.0042647 	18810 
244.88 	0.0040515 	18310 
245.38 	0.0040515 	17977 
245.88 	0.0039449 	17478 
246.38 	0.0037316 	17145 
246.88 	0.0036250 	16812 
247.38 	0.0036250 	16313 
247.68 	0.0035184 	15647 
248.17 	0.0033052 	14981 
248.67 	0.0031985 	14482 
249.17 	0.0030919 	13982 
249.67 	0.0029853 	13483 
250.17 	0.0028787 	12984 
250.67 	0.0027721 	12484 
251.17 	0.0026655 	12151 
251.57 	0.0025588 	11486 
252.07 	0.0024522 	10986 
252.57 	0.0023456 	10487 
253.07 	0.0022390 	10154 
253.48 	0.0021324 	9488.0 
253.98 	0.0020257 	9321.6 
254.33 	0.0019191 	8655.8 
254.83 	0.0018125 	8489.3 
255.25 	0.0018125 	7823.5 
255.75 	0.0015993 	7657.0 
256.05 	0.0015993 	6991.2 
256.55 	0.0013860 	6824.7 
256.83 	0.0013860 	6158.9 
257.33 	0.0012794 	5826.0 
257.83 	0.0012794 	5659.5 
258.33 	0.0010662 	4993.7 
258.83 	0.0010662 	4660.8 
259.33 	0.00095956 	4327.9 
259.83 	0.00085294 	3828.5 
260.33 	0.00074633 	3662.0 
260.83 	0.00074633 	3162.7 
261.33 	0.00063971 	2996.2 
261.83 	0.00063971 	2829.8 
262.33 	0.00063971 	2663.3 
262.83 	0.00063971 	2829.8 
263.33 	0.00063971 	2663.3 
263.83 	0.00063971 	2496.9 
264.33 	0.00063971 	2330.4 
264.83 	0.00074633 	2330.4 
265.33 	0.00074633 	2163.9 
265.83 	0.00074633 	2163.9 
266.33 	0.00063971 	2163.9 
266.83 	0.00063971 	2163.9 
267.33 	0.00063971 	2163.9 
267.83 	0.00063971 	1997.5 
268.33 	0.00063971 	1997.5 
268.83 	0.00053309 	1831.0 
269.33 	0.00042647 	1664.6 
269.83 	0.00042647 	1331.7 
270.33 	0.00042647 	1331.7 
270.83 	0.00042647 	1165.2 
271.33 	0.00031985 	1165.2 
271.83 	0.00031985 	1165.2 
272.33 	0.00031985 	1165.2 
272.83 	0.00031985 	998.74 
273.33 	0.00031985 	998.74 
273.83 	0.00031985 	832.28 
274.33 	0.00031985 	998.74 
274.83 	0.00031985 	998.74 
275.33 	0.00031985 	998.74 
275.83 	0.00031985 	998.74 
276.33 	0.00031985 	998.74 
276.83 	0.00031985 	998.74 
277.33 	0.00031985 	998.74 
277.83 	0.00031985 	998.74 
278.33 	0.00031985 	998.74 
278.83 	0.00031985 	1165.2 
279.33 	0.00031985 	1165.2 
279.83 	0.00031985 	998.74 
280.33 	0.00031985 	998.74 
280.83 	0.00031985 	998.74 
281.33 	0.00042647 	998.74 
281.83 	0.00031985 	998.74 
282.33 	0.00031985 	998.74 
282.83 	0.00031985 	998.74 
283.33 	0.00021324 	832.28 
283.83 	0.00031985 	998.74 
284.33 	0.00031985 	998.74 
284.83 	0.00031985 	998.74 
285.33 	0.00031985 	998.74 
285.83 	0.00031985 	1165.2 
286.33 	0.00031985 	1165.2 
286.83 	0.00031985 	998.74 
287.33 	0.00021324 	998.74 
287.83 	0.00021324 	998.74 
288.33 	0.00021324 	998.74 
288.83 	0.00031985 	832.28 
289.33 	0.00031985 	998.74 
289.83 	0.00021324 	998.74 
290.33 	0.00021324 	998.74 
290.83 	0.00021324 	998.74 
291.33 	0.00031985 	832.28 
291.83 	0.00031985 	998.74 
292.33 	0.00021324 	998.74 
292.83 	0.00021324 	832.28 
293.33 	0.00031985 	998.74 
293.83 	0.00021324 	998.74 
294.33 	0.00031985 	998.74 
294.83 	0.00031985 	998.74 
295.33 	0.00021324 	998.74 
295.83 	0.00021324 	998.74 
296.33 	0.00021324 	998.74 
296.83 	0.00021324 	998.74 
297.33 	0.00021324 	832.28 
297.83 	0.00021324 	998.74 
298.33 	0.00021324 	998.74 
298.83 	0.00021324 	998.74 
299.33 	0.00021324 	832.28 
299.83 	0.00021324 	998.74 
300.33 	0.00021324 	998.74 
300.83 	0.00021324 	998.74 
301.33 	0.00021324 	1165.2 
301.83 	0.00021324 	998.74 
302.33 	0.00021324 	998.74 
302.83 	0.00021324 	998.74 
303.33 	0.00021324 	998.74 
303.83 	0.00021324 	998.74 
304.33 	0.00021324 	1165.2 
304.83 	0.00021324 	1165.2 
305.33 	0.00021324 	998.74 
305.83 	0.00021324 	998.74 
306.33 	0.00021324 	998.74 
306.83 	0.00021324 	998.74 
307.33 	0.00021324 	998.74 
307.83 	0.00021324 	998.74 
308.33 	0.00021324 	998.74 
308.83 	0.00021324 	998.74 
309.33 	0.00021324 	998.74 
309.83 	0.00031985 	1165.2 
310.33 	0.00010662 	998.74 
310.83 	0.00021324 	998.74 
311.33 	0.00021324 	998.74 
311.83 	0.00021324 	998.74 
312.33 	0.00021324 	998.74 
312.83 	0.00021324 	998.74 
313.33 	0.00021324 	998.74 
313.83 	0.00021324 	998.74 
314.33 	0.00021324 	998.74 
314.83 	0.00021324 	832.28 
315.33 	0.00021324 	998.74 
315.83 	0.00010662 	998.74 
316.33 	0.00021324 	1165.2 
316.83 	0.00021324 	998.74 
317.33 	0.00021324 	832.28 
317.83 	0.00021324 	998.74 
318.33 	0.00021324 	832.28 
318.83 	0.00021324 	1165.2 
319.33 	0.00021324 	1165.2 
319.83 	0.00021324 	1165.2 
320.33 	0.00021324 	832.28 
320.83 	0.00021324 	998.74 
321.33 	0.00021324 	998.74 
321.83 	0.00021324 	1165.2 
322.33 	0.00021324 	998.74 
322.83 	0.00021324 	998.74 
323.33 	0.00021324 	998.74 
323.83 	0.00021324 	1165.2 
324.33 	0.00021324 	1165.2 
324.83 	0.00021324 	1165.2 
325.33 	0.00021324 	1331.7 
325.83 	0.00031985 	1831.0 
326.33 	0.00042647 	2163.9 
326.83 	0.00053309 	2496.9 
327.33 	0.00053309 	2829.8 
327.83 	0.00053309 	2996.2 
328.33 	0.00053309 	2996.2 
328.83 	0.00053309 	3162.7 
329.33 	0.00053309 	3162.7 
329.83 	0.00074633 	3828.5 
330.27 	0.00085294 	4494.3 
330.72 	0.00095956 	5160.2 
331.22 	0.00095956 	5326.6 
331.72 	0.0010662 	5659.5 
332.13 	0.0011728 	6325.4 
332.57 	0.0013860 	6991.2 
332.92 	0.0014927 	7657.0 
333.42 	0.0017059 	8156.4 
333.72 	0.0018125 	8822.2 
334.10 	0.0020257 	9488.0 
334.60 	0.0021324 	9987.4 
334.97 	0.0022390 	10653 
335.47 	0.0024522 	11153 
335.85 	0.0025588 	11818 
336.35 	0.0026655 	12318 
336.83 	0.0028787 	12984 
337.33 	0.0029853 	13483 
337.83 	0.0030919 	13982 
338.33 	0.0031985 	14482 
338.83 	0.0034118 	14981 
339.33 	0.0034118 	15314 
339.83 	0.0035184 	15813 
340.33 	0.0036250 	16313 
340.83 	0.0037316 	16646 
341.23 	0.0038383 	17312 
341.62 	0.0039449 	17977 
342.12 	0.0041581 	18477 
342.62 	0.0042647 	19143 
343.12 	0.0043713 	19475 
343.57 	0.0045846 	20141 
344.07 	0.0046912 	20308 
344.57 	0.0046912 	20474 
345.07 	0.0046912 	20641 
345.57 	0.0046912 	20641 
346.07 	0.0046912 	20641 
346.57 	0.0046912 	20641 
347.07 	0.0047978 	20641 
347.57 	0.0047978 	20641 
348.07 	0.0047978 	20641 
348.57 	0.0047978 	20641 
349.07 	0.0047978 	20474 
349.57 	0.0047978 	20641 
350.07 	0.0047978 	20641 
350.57 	0.0047978 	20641 
351.07 	0.0047978 	20641 
351.57 	0.0047978 	20807 
352.07 	0.0047978 	20641 
352.57 	0.0047978 	20641 
353.07 	0.0047978 	20474 
353.57 	0.0047978 	20474 
354.07 	0.0047978 	20641 
354.57 	0.0047978 	20641 
355.07 	0.0047978 	20641 
355.57 	0.0047978 	20641 
356.07 	0.0047978 	20641 
356.57 	0.0047978 	20641 
357.07 	0.0047978 	20641 
357.57 	0.0047978 	20641 
358.07 	0.0047978 	20641 
358.57 	0.0049044 	20641 
359.07 	0.0047978 	20474 
359.57 	0.0047978 	20641 
360.07 	0.0047978 	20641 
360.57 	0.0049044 	20641 
361.07 	0.0047978 	20641 
361.57 	0.0047978 	20474 
362.07 	0.0047978 	20641 
362.57 	0.0047978 	20641 
363.07 	0.0049044 	20807 
363.57 	0.0047978 	20807 
364.07 	0.0047978 	20641 
364.57 	0.0047978 	20641 
365.07 	0.0047978 	20474 
365.57 	0.0047978 	20641 
366.07 	0.0047978 	20641 
366.57 	0.0049044 	20641 
367.07 	0.0049044 	20641 
367.57 	0.0047978 	20641 
368.07 	0.0047978 	20641 
368.57 	0.0049044 	20474 
369.07 	0.0049044 	20641 
369.57 	0.0047978 	20641 
370.07 	0.0047978 	20641 
370.57 	0.0047978 	20641 
371.07 	0.0047978 	20641 
371.57 	0.0049044 	20641 
372.07 	0.0049044 	20641 
372.57 	0.0047978 	20641 
373.07 	0.0047978 	20641 
373.57 	0.0047978 	20641 
374.07 	0.0049044 	20641 
374.57 	0.0049044 	20807 
375.07 	0.0047978 	20641 
375.57 	0.0047978 	20474 
376.07 	0.0047978 	20641 
376.57 	0.0049044 	20641 
377.07 	0.0049044 	20641 
377.57 	0.0049044 	20641 
378.07 	0.0049044 	20641 
378.57 	0.0047978 	20641 
379.07 	0.0047978 	20641 
379.57 	0.0047978 	20641 
380.07 	0.0049044 	20641 
380.57 	0.0047978 	20807 
381.07 	0.0047978 	20641 
381.57 	0.0047978 	20474 
382.07 	0.0047978 	20641 
382.57 	0.0047978 	20807 
383.07 	0.0047978 	20641 
383.57 	0.0047978 	20641 
384.07 	0.0047978 	20474 
384.57 	0.0047978 	20474 
385.07 	0.0047978 	20641 
385.57 	0.0047978 	20641 
386.07 	0.0047978 	20641 
386.57 	0.0047978 	20641 
387.07 	0.0047978 	20641 
387.57 	0.0047978 	20641 
388.07 	0.0047978 	20641 
388.57 	0.0047978 	20474 
389.07 	0.0047978 	20641 
389.57 	0.0047978 	20641 
390.07 	0.0047978 	20641 
390.57 	0.0049044 	20641 
391.07 	0.0049044 	20641 
391.57 	0.0047978 	20641 
392.07 	0.0047978 	20641 
392.57 	0.0049044 	20641 
393.07 	0.0047978 	20641 
393.57 	0.0047978 	20641 
394.07 	0.0047978 	20641 
394.57 	0.0047978 	20641 
395.07 	0.0049044 	20641 
395.57 	0.0049044 	20641 
396.07 	0.0047978 	20641 
396.57 	0.0047978 	20641 
397.07 	0.0047978 	20641 
397.57 	0.0049044 	20641 
398.07 	0.0049044 	20641 
398.57 	0.0047978 	20474 
399.07 	0.0047978 	20641 
399.57 	0.0047978 	20641 
400.07 	0.0047978 	20641 
400.57 	0.0047978 	20807 
401.07 	0.0049044 	20641 
401.57 	0.0047978 	20474 
402.07 	0.0047978 	20474 
402.57 	0.0047978 	20641 
403.07 	0.0049044 	20641 
403.57 	0.0049044 	20807 
404.07 	0.0047978 	20807 
404.57 	0.0046912 	20141 
405.07 	0.0045846 	19642 
405.57 	0.0044780 	19309 
406.07 	0.0043713 	18810 
406.57 	0.0042647 	18310 
407.07 	0.0041581 	17977 
407.57 	0.0040515 	17478 
408.07 	0.0039449 	17145 
408.57 	0.0038383 	16812 
409.07 	0.0037316 	16313 
409.40 	0.0036250 	15647 
409.85 	0.0034118 	14981 
410.35 	0.0033052 	14482 
410.85 	0.0031985 	13982 
411.35 	0.0030919 	13483 
411.85 	0.0029853 	12984 
412.35 	0.0028787 	12484 
412.85 	0.0027721 	11818 
413.35 	0.0026655 	11319 
413.85 	0.0025588 	10820 
414.35 	0.0024522 	10487 
414.82 	0.0023456 	9820.9 
415.32 	0.0022390 	9488.0 
415.82 	0.0021324 	8988.7 
416.25 	0.0020257 	8322.8 
416.75 	0.0019191 	8156.4 
417.22 	0.0018125 	7490.6 
417.72 	0.0017059 	7157.6 
418.17 	0.0015993 	6491.8 
418.67 	0.0014927 	6325.4 
419.15 	0.0013860 	5659.5 
419.65 	0.0012794 	5493.1 
420.13 	0.0012794 	4827.2 
420.63 	0.0011728 	4494.3 
421.13 	0.0010662 	4327.9 
421.63 	0.00095956 	3828.5 
422.13 	0.00085294 	3495.6 
422.63 	0.00085294 	3162.7 
423.13 	0.00074633 	2829.8 
423.63 	0.00074633 	2829.8 
424.13 	0.00074633 	2663.3 
424.63 	0.00074633 	2829.8 
425.13 	0.00074633 	2663.3 
425.63 	0.00074633 	2330.4 
426.13 	0.00085294 	2330.4 
426.63 	0.00085294 	2330.4 
427.13 	0.00085294 	2330.4 
427.63 	0.00085294 	2163.9 
428.13 	0.00074633 	2163.9 
428.63 	0.00085294 	2163.9 
429.13 	0.00085294 	2163.9 
429.63 	0.00085294 	1997.5 
430.13 	0.00085294 	1831.0 
430.63 	0.00063971 	1664.6 
431.13 	0.00063971 	1498.1 
431.63 	0.00063971 	1331.7 
432.13 	0.00053309 	1498.1 
432.63 	0.00053309 	1165.2 
433.13 	0.00053309 	1331.7 
433.63 	0.00053309 	1165.2 
434.13 	0.00053309 	998.74 
434.63 	0.00053309 	998.74 
435.13 	0.00053309 	998.74 
435.63 	0.00053309 	998.74 
436.13 	0.00042647 	832.28 
436.63 	0.00053309 	998.74 
437.13 	0.00042647 	998.74 
437.63 	0.00053309 	998.74 
438.13 	0.00053309 	998.74 
438.63 	0.00042647 	998.74 
439.13 	0.00042647 	832.28 
439.63 	0.00042647 	998.74 
440.13 	0.00053309 	998.74 
440.63 	0.00042647 	1165.2 
441.13 	0.00042647 	1165.2 
441.63 	0.00042647 	998.74 
442.13 	0.00053309 	998.74 
442.63 	0.00042647 	998.74 
443.13 	0.00042647 	998.74 
443.63 	0.00042647 	998.74 
444.13 	0.00053309 	998.74 
444.63 	0.00042647 	998.74 
445.13 	0.00042647 	998.74 
445.63 	0.00042647 	998.74 
446.13 	0.00053309 	998.74 
446.63 	0.00053309 	998.74 
447.13 	0.00042647 	998.74 
447.63 	0.00042647 	998.74 
448.13 	0.00042647 	998.74 
448.63 	0.00042647 	998.74 
449.13 	0.00042647 	998.74 
449.63 	0.00042647 	998.74 
450.13 	0.00042647 	998.74 
450.63 	0.00053309 	998.74 
451.13 	0.00042647 	998.74 
451.63 	0.00042647 	998.74 
452.13 	0.00042647 	998.74 
452.63 	0.00042647 	998.74 
453.13 	0.00053309 	998.74 
453.63 	0.00042647 	998.74 
454.13 	0.00042647 	1165.2 
454.63 	0.00042647 	998.74 
455.13 	0.00042647 	998.74 
455.63 	0.00042647 	998.74 
456.13 	0.00042647 	998.74 
456.63 	0.00042647 	998.74 
457.13 	0.00042647 	832.28 
457.63 	0.00053309 	1165.2 
458.13 	0.00042647 	998.74 
458.63 	0.00042647 	832.28 
459.13 	0.00042647 	998.74 
459.63 	0.00042647 	998.74 
460.13 	0.00042647 	1165.2 
460.63 	0.00053309 	998.74 
461.13 	0.00042647 	998.74 
461.63 	0.00042647 	998.74 
462.13 	0.00053309 	998.74 
462.63 	0.00042647 	998.74 
463.13 	0.00042647 	998.74 
463.63 	0.00042647 	998.74 
464.13 	0.00042647 	998.74 
464.63 	0.00042647 	998.74 
465.13 	0.00042647 	998.74 
465.63 	0.00042647 	998.74 
466.13 	0.00042647 	998.74 
466.63 	0.00053309 	998.74 
467.13 	0.00053309 	998.74 
467.63 	0.00042647 	1165.2 
468.13 	0.00042647 	998.74 
468.63 	0.00042647 	832.28 
469.13 	0.00042647 	832.28 
469.63 	0.00042647 	998.74 
470.13 	0.00053309 	1165.2 
470.63 	0.00042647 	1165.2 
471.13 	0.00042647 	998.74 
471.63 	0.00042647 	998.74 
472.13 	0.00042647 	998.74 
472.63 	0.00053309 	1165.2 
473.13 	0.00042647 	998.74 
473.63 	0.00042647 	832.28 
474.13 	0.00042647 	998.74 
474.63 	0.00053309 	998.74 
475.13 	0.00042647 	998.74 
475.63 	0.00042647 	998.74 
476.13 	0.00042647 	998.74 
476.63 	0.00042647 	998.74 
477.13 	0.00042647 	998.74 
477.63 	0.00042647 	998.74 
478.13 	0.00042647 	998.74 
478.63 	0.00042647 	998.74 
479.13 	0.00042647 	998.74 
479.63 	0.00042647 	998.74 
480.13 	0.00042647 	1165.2 
480.63 	0.00042647 	998.74 
481.13 	0.00042647 	832.28 
481.63 	0.00042647 	998.74 
482.13 	0.00042647 	1165.2 
482.63 	0.00042647 	998.74 
483.13 	0.00042647 	832.28 
483.63 	0.00042647 	998.74 
484.13 	0.00042647 	998.74 
484.63 	0.00042647 	998.74 
485.13 	0.00042647 	998.74 
485.63 	0.00042647 	998.74 
486.05 	0.00042647 	832.28 
486.55 	0.00042647 	832.28 
487.05 	0.00042647 	1165.2 
487.55 	0.00042647 	1165.2 
488.05 	0.00042647 	998.74 
488.55 	0.00042647 	998.74 
489.05 	0.00042647 	998.74 
489.55 	0.00042647 	998.74 
490.05 	0.00042647 	1165.2 
490.55 	0.00042647 	998.74 
491.05 	0.00042647 	832.28 
491.55 	0.00042647 	998.74 
492.05 	0.00042647 	1165.2 
492.55 	0.00042647 	1165.2 
493.05 	0.00042647 	998.74 
493.55 	0.00042647 	832.28 
494.05 	0.00042647 	998.74 
494.55 	0.00042647 	1165.2 
495.05 	0.00042647 	1165.2 
495.55 	0.00042647 	832.28 
496.05 	0.00031985 	998.74 
496.55 	0.00042647 	832.28 
497.05 	0.00042647 	998.74 
497.55 	0.00042647 	998.74 
498.05 	0.00042647 	832.28 
498.55 	0.00042647 	998.74 
499.05 	0.00042647 	998.74 
499.55 	0.00042647 	1165.2 
500.05 	0.00042647 	998.74 
500.55 	0.00042647 	998.74 
501.05 	0.00042647 	998.74 
501.55 	0.00042647 	998.74 
502.05 	0.00042647 	998.74 
502.55 	0.00042647 	1165.2 
503.05 	0.00042647 	832.28 
503.55 	0.00042647 	832.28 
504.05 	0.00042647 	1165.2 
504.55 	0.00042647 	1165.2 
505.05 	0.00042647 	998.74 
505.55 	0.00042647 	998.74 
506.05 	0.00042647 	998.74 
506.55 	0.00042647 	998.74 
507.05 	0.00042647 	998.74 
507.55 	0.00042647 	832.28 
508.05 	0.00042647 	998.74 
508.55 	0.00042647 	998.74 
509.05 	0.00042647 	1165.2 
509.55 	0.00042647 	998.74 
510.05 	0.00042647 	832.28 
510.55 	0.00042647 	998.74 
511.05 	0.00042647 	1165.2 
511.55 	0.00042647 	998.74 
512.05 	0.00042647 	998.74 
512.55 	0.00042647 	998.74 
513.05 	0.00042647 	998.74 
513.55 	0.00042647 	998.74 
514.05 	0.00042647 	1165.2 
514.55 	0.00042647 	832.28 
515.05 	0.00042647 	998.74 
515.55 	0.00042647 	998.74 
516.03 	0.00042647 	998.74 
516.53 	0.00042647 	998.74 
517.03 	0.00042647 	998.74 
517.53 	0.00042647 	998.74 
518.03 	0.00053309 	1331.7 
518.53 	0.00053309 	1664.6 
519.03 	0.00063971 	2163.9 
519.53 	0.00074633 	2496.9 
520.03 	0.00074633 	2663.3 
520.53 	0.00085294 	2829.8 
521.03 	0.00085294 	2829.8 
521.53 	0.00085294 	2996.2 
522.03 	0.00085294 	3162.7 
522.53 	0.00095956 	3662.0 
522.78 	0.0010662 	4327.9 
523.28 	0.0011728 	4993.7 
523.78 	0.0011728 	5160.2 
524.28 	0.0012794 	5659.5 
524.78 	0.0014927 	6158.9 
525.10 	0.0015993 	6824.7 
525.50 	0.0018125 	7490.6 
525.97 	0.0019191 	8156.4 
526.38 	0.0020257 	8822.2 
526.83 	0.0022390 	9488.0 
527.27 	0.0023456 	10154 
527.77 	0.0025588 	10487 
528.03 	0.0026655 	11153 
528.50 	0.0028787 	11818 
529.00 	0.0029853 	12318 
529.47 	0.0030919 	12984 
529.97 	0.0033052 	13483 
530.47 	0.0034118 	13982 
530.97 	0.0035184 	14482 
531.47 	0.0036250 	14981 
531.97 	0.0037316 	15314 
532.47 	0.0038383 	15647 
532.97 	0.0039449 	16313 
533.47 	0.0040515 	16646 
533.83 	0.0041581 	17312 
534.25 	0.0042647 	17977 
534.75 	0.0044780 	18477 
535.25 	0.0045846 	19143 
535.75 	0.0046912 	19642 
536.25 	0.0046912 	20141 
536.75 	0.0049044 	20308 
537.25 	0.0049044 	20474 
537.75 	0.0049044 	20474 
538.25 	0.0049044 	20641 
538.75 	0.0049044 	20641 
539.25 	0.0049044 	20641 
539.75 	0.0047978 	20474 
540.25 	0.0049044 	20641 
540.75 	0.0049044 	20641 
541.25 	0.0049044 	20641 
541.75 	0.0049044 	20641 
542.25 	0.0049044 	20641 
542.75 	0.0049044 	20641 
543.25 	0.0049044 	20641 
543.75 	0.0049044 	20807 
544.25 	0.0049044 	20641 
544.75 	0.0049044 	20474 
545.25 	0.0050111 	20641 
545.75 	0.0050111 	20641 
546.25 	0.0049044 	20641 
546.75 	0.0050111 	20641 
547.25 	0.0049044 	20641 
547.75 	0.0050111 	20641 
548.25 	0.0050111 	20641 
548.75 	0.0050111 	20641 
549.25 	0.0050111 	20641 
549.75 	0.0050111 	20641 
550.25 	0.0050111 	20641 
550.75 	0.0050111 	20641 
551.25 	0.0050111 	20807 
551.75 	0.0050111 	20641 
552.25 	0.0050111 	20474 
552.75 	0.0050111 	20641 
553.25 	0.0050111 	20641 
553.75 	0.0050111 	20641 
554.25 	0.0050111 	20641 
554.75 	0.0050111 	20641 
555.25 	0.0050111 	20641 
555.75 	0.0050111 	20641 
556.25 	0.0050111 	20474 
556.75 	0.0051177 	20641 
557.25 	0.0051177 	20641 
557.75 	0.0050111 	20641 
558.25 	0.0051177 	20474 
558.75 	0.0051177 	20641 
559.25 	0.0050111 	20641 
559.75 	0.0051177 	20807 
560.25 	0.0051177 	20807 
560.75 	0.0050111 	20641 
561.25 	0.0051177 	20641 
561.75 	0.0050111 	20641 
562.25 	0.0050111 	20641 
562.75 	0.0051177 	20807 
563.25 	0.0051177 	20641 
563.75 	0.0051177 	20641 
564.25 	0.0051177 	20641 
564.75 	0.0050111 	20641 
565.25 	0.0051177 	20641 
565.75 	0.0051177 	20641 
566.25 	0.0051177 	20641 
566.75 	0.0051177 	20641 
567.25 	0.0051177 	20641 
567.75 	0.0051177 	20641 
568.25 	0.0051177 	20641 
568.75 	0.0051177 	20641 
569.25 	0.0051177 	20641 
569.75 	0.0051177 	20641 
570.25 	0.0051177 	20474 
570.75 	0.0051177 	20641 
571.25 	0.0051177 	20807 
571.75 	0.0051177 	20641 
572.25 	0.0051177 	20641 
572.75 	0.0051177 	20641 
573.25 	0.0051177 	20641 
573.75 	0.0051177 	20641 
574.25 	0.0051177 	20641 
574.75 	0.0051177 	20641 
575.25 	0.0051177 	20474 
575.75 	0.0051177 	20474 
576.25 	0.0051177 	20641 
576.75 	0.0052243 	20641 
577.25 	0.0051177 	20807 
577.75 	0.0051177 	20641 
578.25 	0.0051177 	20641 
578.75 	0.0051177 	20641 
579.25 	0.0052243 	20641 
579.75 	0.0052243 	20641 
580.25 	0.0051177 	20641 
580.75 	0.0051177 	20641 
581.25 	0.0051177 	20641 
581.75 	0.0051177 	20641 
582.25 	0.0052243 	20641 
582.75 	0.0052243 	20641 
583.25 	0.0051177 	20474 
583.75 	0.0051177 	20641 
584.25 	0.0052243 	20641 
584.75 	0.0051177 	20807 
585.25 	0.0052243 	20641 
585.75 	0.0051177 	20641 
586.25 	0.0052243 	20474 
586.75 	0.0051177 	20641 
587.25 	0.0051177 	20641 
587.75 	0.0052243 	20807 
588.25 	0.0052243 	20641 
588.75 	0.0052243 	20641 
589.25 	0.0051177 	20474 
589.75 	0.0051177 	20474 
590.25 	0.0051177 	20641 
590.75 	0.0052243 	20807 
591.25 	0.0052243 	20641 
591.75 	0.0052243 	20641 
592.25 	0.0051177 	20641 
592.75 	0.0052243 	20641 
593.25 	0.0051177 	20807 
593.75 	0.0052243 	20807 
594.25 	0.0051177 	20641 
594.75 	0.0052243 	20641 
595.25 	0.0051177 	20641 
595.75 	0.0052243 	20641 
596.25 	0.0052243 	20641 
596.48 	0.0052243 	20641 
596.98 	0.0051177 	20474 
597.48 	0.0052243 	20641 
597.98 	0.0052243 	20641 
598.48 	0.0052243 	20641 
598.98 	0.0052243 	20641 
599.48 	0.0052243 	20641 
599.98 	0.0052243 	20474 
600.48 	0.0052243 	20641 
600.98 	0.0052243 	20641 
601.48 	0.0052243 	20641 
601.98 	0.0052243 	20641 
602.48 	0.0052243 	20641 
602.98 	0.0052243 	20474 
603.48 	0.0052243 	20641 
603.98 	0.0051177 	20641 
604.48 	0.0052243 	20641 
604.98 	0.0052243 	20641 
605.48 	0.0052243 	20641 
605.98 	0.0052243 	20641 
606.48 	0.0052243 	20641 
606.98 	0.0052243 	20641 
607.48 	0.0052243 	20641 
607.98 	0.0052243 	20641 
608.48 	0.0052243 	20641 
608.98 	0.0052243 	20641 
609.48 	0.0052243 	20641 
609.98 	0.0052243 	20641 
610.48 	0.0052243 	20641 
610.98 	0.0052243 	20641 
611.48 	0.0051177 	20641 
611.98 	0.0052243 	20641 
612.48 	0.0052243 	20641 
612.98 	0.0052243 	20641 
613.48 	0.0052243 	20641 
613.98 	0.0052243 	20641 
614.48 	0.0052243 	20474 
614.98 	0.0052243 	20641 
615.48 	0.0052243 	20641 
615.98 	0.0052243 	20807 
616.48 	0.0052243 	20641 
616.98 	0.0052243 	20474 
617.48 	0.0052243 	20474 
617.98 	0.0052243 	20474 
618.48 	0.0052243 	20807 
618.98 	0.0052243 	20807 
619.48 	0.0052243 	20807 
619.98 	0.0052243 	20641 
620.48 	0.0051177 	20641 
620.98 	0.0052243 	20641 
621.48 	0.0052243 	20807 
621.98 	0.0052243 	20807 
622.48 	0.0052243 	20641 
622.98 	0.0051177 	20641 
623.48 	0.0052243 	20641 
623.98 	0.0052243 	20641 
624.48 	0.0052243 	20641 
624.98 	0.0052243 	20474 
625.48 	0.0051177 	20474 
625.98 	0.0052243 	20474 
626.48 	0.0052243 	20641 
626.98 	0.0052243 	20807 
627.48 	0.0052243 	20641 
627.98 	0.0052243 	20641 
628.48 	0.0052243 	20474 
628.98 	0.0052243 	20641 
629.48 	0.0052243 	20641 
629.98 	0.0052243 	20641 
630.48 	0.0052243 	20474 
630.98 	0.0052243 	20641 
631.48 	0.0052243 	20641 
631.98 	0.0052243 	20641 
632.48 	0.0052243 	20641 
632.98 	0.0052243 	20641 
633.48 	0.0052243 	20474 
633.98 	0.0052243 	20641 
634.48 	0.0052243 	20641 
634.98 	0.0052243 	20641 
635.48 	0.0052243 	20641 
635.98 	0.0052243 	20807 
636.48 	0.0052243 	20474 
636.98 	0.0052243 	20641 
637.48 	0.0052243 	20641 
637.98 	0.0052243 	20641 
638.48 	0.0052243 	20641 
638.98 	0.0052243 	20641 
639.48 	0.0052243 	20641 
639.98 	0.0052243 	20641 
640.48 	0.0052243 	20641 
640.98 	0.0052243 	20807 
641.48 	0.0052243 	20641 
641.98 	0.0052243 	20641 
642.48 	0.0052243 	20641 
642.98 	0.0052243 	20641 
643.48 	0.0052243 	20641 
643.98 	0.0052243 	20641 
644.48 	0.0052243 	20641 
644.98 	0.0052243 	20641 
645.48 	0.0052243 	20641 
645.98 	0.0052243 	20641 
646.48 	0.0052243 	20641 
646.98 	0.0052243 	20474 
647.48 	0.0052243 	20641 
647.98 	0.0052243 	20641 
648.48 	0.0052243 	20641 
648.98 	0.0052243 	20641 
649.48 	0.0052243 	20641 
649.98 	0.0052243 	20474 
650.48 	0.0052243 	20641 
650.98 	0.0052243 	20807 
651.48 	0.0052243 	20641 
651.98 	0.0052243 	20641 
652.48 	0.0052243 	20641 
652.98 	0.0052243 	20641 
653.48 	0.0052243 	20807 
653.98 	0.0052243 	20641 
654.48 	0.0052243 	20641 
654.98 	0.0052243 	20474 
655.48 	0.0052243 	20641 
655.98 	0.0052243 	20641 
656.48 	0.0052243 	20807 
656.98 	0.0052243 	20807 
657.48 	0.0052243 	20641 
657.98 	0.0052243 	20641 
658.48 	0.0052243 	20641 
658.98 	0.0052243 	20641 
659.48 	0.0052243 	20807 
659.98 	0.0052243 	20807 
660.48 	0.0052243 	20641 
660.98 	0.0052243 	20641 
661.48 	0.0052243 	20474 
661.98 	0.0052243 	20641 
662.48 	0.0052243 	20641 
662.98 	0.0052243 	20641 
663.48 	0.0052243 	20641 
663.98 	0.0052243 	20641 
664.48 	0.0052243 	20474 
664.98 	0.0052243 	20641 
665.48 	0.0052243 	20807 
665.98 	0.0052243 	20807 
666.48 	0.0052243 	20474 
666.98 	0.0052243 	20641 
667.48 	0.0052243 	20641 
667.98 	0.0052243 	20807 
668.48 	0.0052243 	20641 
668.98 	0.0052243 	20641 
669.48 	0.0052243 	20641 
669.98 	0.0052243 	20641 
670.48 	0.0052243 	20641 
670.98 	0.0052243 	20807 
671.48 	0.0052243 	20641 
671.98 	0.0052243 	20807 
672.48 	0.0052243 	20641 
672.98 	0.0052243 	20807 
673.47 	0.0052243 	21473 
673.97 	0.0052243 	21806 
674.47 	0.0052243 	22139 
674.97 	0.0052243 	22638 
675.47 	0.0052243 	23137 
675.97 	0.0052243 	23470 
676.47 	0.0052243 	23970 
676.97 	0.0052243 	24303 
677.47 	0.0052243 	24969 
677.97 	0.0052243 	25301 
678.42 	0.0052243 	25967 
678.92 	0.0052243 	26300 
679.42 	0.0052243 	26800 
679.92 	0.0052243 	27299 
680.42 	0.0052243 	27798 
680.92 	0.0052243 	28131 
681.38 	0.0052243 	28797 
681.88 	0.0052243 	29296 
682.38 	0.0052243 	29796 
682.88 	0.0052243 	30295 
683.38 	0.0052243 	30795 
683.88 	0.0052243 	31294 
684.38 	0.0052243 	31960 
684.88 	0.0052243 	32293 
685.38 	0.0052243 	32792 
685.88 	0.0052243 	33291 
686.38 	0.0052243 	33624 
686.88 	0.0052243 	34124 
687.38 	0.0052243 	34789 
687.78 	0.0052243 	35455 
688.28 	0.0052243 	35955 
688.72 	0.0052243 	36620 
689.22 	0.0052243 	37120 
689.72 	0.0052243 	37619 
690.22 	0.0052243 	38119 
690.58 	0.0052243 	38784 
691.08 	0.0052243 	39117 
691.58 	0.0052243 	39617 
692.08 	0.0052243 	40116 
692.58 	0.0052243 	40615 
693.07 	0.0052243 	41281 
693.57 	0.0052243 	41781 
694.07 	0.0052243 	42280 
694.57 	0.0052243 	42779 
695.07 	0.0052243 	43112 
695.48 	0.0052243 	43778 
695.98 	0.0052243 	44111 
696.45 	0.0052243 	42446 
696.47 	0.0052243 	27632 
