Tempo(s)	Deformação(mm)	Força(N)
0.016667 	0.00000 	0.00000 
0.51667 	0.00000 	0.00000 
1.0167 	0.00010662 	499.37 
1.5167 	0.00021324 	998.74 
2.0000 	0.00031985 	1664.6 
2.5000 	0.00042647 	2163.9 
2.8000 	0.00053309 	2829.8 
3.1000 	0.00063971 	3495.6 
3.3000 	0.00074633 	4161.4 
3.6167 	0.00095956 	4827.2 
3.8500 	0.0010662 	5493.1 
4.1333 	0.0011728 	6158.9 
4.3833 	0.0012794 	6824.7 
4.6667 	0.0013860 	7490.6 
5.0000 	0.0015993 	8156.4 
5.3333 	0.0015993 	8822.2 
5.6333 	0.0017059 	9488.0 
6.0000 	0.0019191 	10154 
6.3167 	0.0020257 	10820 
6.7333 	0.0021324 	11486 
7.2333 	0.0023456 	11985 
7.5333 	0.0023456 	12651 
7.8333 	0.0024522 	13317 
8.0833 	0.0026655 	13982 
8.3167 	0.0027721 	14648 
8.6000 	0.0028787 	15314 
8.8833 	0.0030919 	15980 
9.2167 	0.0031985 	16646 
9.5000 	0.0033052 	17312 
9.8500 	0.0035184 	17977 
10.150 	0.0036250 	18643 
10.483 	0.0037316 	19309 
10.850 	0.0039449 	19975 
11.233 	0.0040515 	20641 
11.617 	0.0042647 	21306 
11.883 	0.0042647 	21972 
12.233 	0.0044780 	22638 
12.533 	0.0046912 	23304 
12.850 	0.0047978 	23970 
13.233 	0.0049044 	24636 
13.567 	0.0051177 	25301 
13.900 	0.0052243 	25967 
14.267 	0.0053309 	26633 
14.683 	0.0055441 	27299 
15.000 	0.0056508 	27965 
15.383 	0.0057574 	28631 
15.750 	0.0059706 	29296 
16.083 	0.0060772 	29962 
16.450 	0.0061839 	30628 
16.783 	0.0062905 	31294 
17.183 	0.0065037 	31960 
17.467 	0.0066103 	32626 
17.683 	0.0068236 	33291 
17.917 	0.0069302 	33957 
18.183 	0.0071434 	34623 
18.500 	0.0072500 	35289 
18.800 	0.0073566 	35955 
19.133 	0.0075699 	36620 
19.483 	0.0076765 	37286 
19.800 	0.0077831 	37952 
20.117 	0.0078897 	38618 
20.450 	0.0081030 	39284 
20.800 	0.0082096 	39950 
21.117 	0.0083162 	40615 
21.467 	0.0084228 	41281 
21.800 	0.0086361 	41947 
22.150 	0.0088493 	42613 
22.483 	0.0089559 	43279 
22.800 	0.0091692 	43945 
23.100 	0.0092758 	44610 
23.483 	0.0093824 	45276 
23.833 	0.0094890 	45942 
24.183 	0.0097022 	46608 
24.467 	0.0098089 	47274 
24.817 	0.010022 	47940 
25.167 	0.010129 	48605 
25.467 	0.010342 	49271 
25.833 	0.010449 	49937 
26.150 	0.010555 	50603 
26.533 	0.010768 	51269 
26.867 	0.010875 	51935 
27.367 	0.010982 	52267 
27.867 	0.010982 	52434 
28.367 	0.011088 	52434 
28.867 	0.010982 	52434 
29.367 	0.010982 	52434 
29.867 	0.011088 	52434 
30.367 	0.010982 	52434 
30.867 	0.011088 	52267 
31.367 	0.011088 	52434 
31.867 	0.011088 	52434 
32.367 	0.011088 	52434 
32.867 	0.010982 	52267 
33.367 	0.011088 	52434 
33.867 	0.011088 	52267 
34.367 	0.011088 	52600 
34.867 	0.011088 	52434 
35.367 	0.010982 	52434 
35.867 	0.011088 	52600 
36.367 	0.011088 	52267 
36.867 	0.011088 	52600 
37.367 	0.011088 	52434 
37.867 	0.010982 	52434 
38.367 	0.011088 	52600 
38.867 	0.011088 	52267 
39.367 	0.011088 	52434 
39.867 	0.010982 	52434 
40.367 	0.010982 	52434 
40.867 	0.010982 	52434 
41.367 	0.011088 	52434 
41.867 	0.011088 	52267 
42.367 	0.010982 	52434 
42.867 	0.010982 	52434 
43.367 	0.011088 	52600 
43.867 	0.011088 	52434 
44.367 	0.010982 	52434 
44.867 	0.011088 	52434 
45.367 	0.010982 	52600 
45.867 	0.010982 	52434 
46.367 	0.010982 	52434 
46.867 	0.011088 	52434 
47.367 	0.011088 	52267 
47.867 	0.011088 	52434 
48.367 	0.011088 	52434 
48.867 	0.011088 	52434 
49.367 	0.010982 	52600 
49.867 	0.011088 	52434 
50.367 	0.010982 	52267 
50.867 	0.010982 	52600 
51.367 	0.011088 	52434 
51.867 	0.011088 	52434 
52.367 	0.010982 	52600 
52.867 	0.010982 	52267 
53.367 	0.010982 	52434 
53.867 	0.010982 	52600 
54.367 	0.011088 	52267 
54.867 	0.010982 	52434 
55.367 	0.010982 	52434 
55.867 	0.010982 	52267 
56.367 	0.010982 	52434 
56.867 	0.011088 	52434 
57.367 	0.010982 	52267 
57.867 	0.010982 	52434 
58.367 	0.010982 	52434 
58.867 	0.010982 	52434 
59.367 	0.010982 	52434 
59.867 	0.011088 	52434 
60.367 	0.010982 	52267 
60.867 	0.010982 	52267 
61.367 	0.010982 	52434 
61.867 	0.010982 	52434 
62.367 	0.010982 	52434 
62.867 	0.011088 	52434 
63.367 	0.010982 	52267 
63.867 	0.010982 	52434 
64.367 	0.010982 	52600 
64.867 	0.010982 	52434 
65.367 	0.010982 	52434 
65.867 	0.010982 	52600 
66.367 	0.011088 	52434 
66.867 	0.010982 	52434 
67.367 	0.010982 	52434 
67.867 	0.011088 	52434 
68.367 	0.010982 	52434 
68.867 	0.010982 	52434 
69.367 	0.010982 	52434 
69.867 	0.010982 	52434 
70.367 	0.011088 	52267 
70.867 	0.010982 	52600 
71.367 	0.010982 	52434 
71.867 	0.010982 	52434 
72.367 	0.010982 	52600 
72.867 	0.010982 	52434 
73.367 	0.011088 	52267 
73.867 	0.010982 	52600 
74.367 	0.010982 	52434 
74.867 	0.010982 	52267 
75.367 	0.010982 	52434 
75.867 	0.010982 	52600 
76.367 	0.010982 	52434 
76.867 	0.010982 	52434 
77.367 	0.010982 	52434 
77.867 	0.010982 	52434 
78.367 	0.010982 	52434 
78.867 	0.010982 	52434 
79.367 	0.011088 	52434 
79.867 	0.010982 	52267 
80.367 	0.010982 	52434 
80.867 	0.010982 	52434 
81.367 	0.010982 	52434 
81.867 	0.010982 	52600 
82.367 	0.010982 	52434 
82.867 	0.010982 	52267 
83.367 	0.010982 	52434 
83.867 	0.010982 	52434 
84.367 	0.010982 	52434 
84.867 	0.010982 	52600 
85.367 	0.010982 	52434 
85.867 	0.010982 	52434 
86.367 	0.010982 	52434 
86.867 	0.010982 	52434 
87.367 	0.010982 	52267 
87.583 	0.010982 	51602 
87.900 	0.010875 	50936 
88.350 	0.010875 	50270 
88.700 	0.010768 	49604 
89.133 	0.010662 	48938 
89.467 	0.010449 	48272 
89.850 	0.010235 	47607 
90.117 	0.010129 	46941 
90.533 	0.0099155 	46275 
90.833 	0.0098089 	45609 
91.150 	0.0097022 	44943 
91.517 	0.0094890 	44278 
91.833 	0.0093824 	43612 
92.133 	0.0092758 	42946 
92.533 	0.0090625 	42280 
92.883 	0.0089559 	41614 
93.233 	0.0087427 	40782 
93.633 	0.0085294 	40116 
93.983 	0.0084228 	39450 
94.333 	0.0083162 	38784 
94.633 	0.0081030 	38119 
95.033 	0.0079964 	37453 
95.317 	0.0078897 	36787 
95.667 	0.0076765 	36121 
96.033 	0.0075699 	35455 
96.367 	0.0073566 	34789 
96.717 	0.0072500 	34124 
97.033 	0.0070368 	33458 
97.417 	0.0069302 	32792 
97.733 	0.0068236 	32126 
98.067 	0.0067169 	31460 
98.417 	0.0065037 	30795 
98.783 	0.0062905 	30129 
99.117 	0.0061839 	29463 
99.467 	0.0060772 	28797 
99.850 	0.0058640 	28131 
100.20 	0.0057574 	27465 
100.60 	0.0056508 	26800 
100.93 	0.0054375 	26134 
101.30 	0.0053309 	25468 
101.65 	0.0052243 	24802 
102.08 	0.0050111 	24136 
102.42 	0.0049044 	23470 
102.77 	0.0047978 	22805 
103.17 	0.0045846 	22139 
103.55 	0.0043713 	21473 
103.88 	0.0042647 	20807 
104.17 	0.0040515 	20141 
104.45 	0.0039449 	19475 
104.82 	0.0037316 	18810 
105.17 	0.0036250 	18144 
105.48 	0.0035184 	17478 
105.87 	0.0033052 	16812 
106.18 	0.0031985 	16146 
106.62 	0.0029853 	15480 
106.95 	0.0028787 	14815 
107.42 	0.0027721 	14149 
107.92 	0.0025588 	13816 
108.08 	0.0025588 	13150 
108.37 	0.0024522 	12484 
108.62 	0.0023456 	11818 
108.90 	0.0021324 	11153 
109.13 	0.0019191 	10487 
109.45 	0.0018125 	9820.9 
109.78 	0.0017059 	9155.1 
110.10 	0.0014927 	8489.3 
110.48 	0.0013860 	7823.5 
110.73 	0.0012794 	7157.6 
111.17 	0.0011728 	6491.8 
111.60 	0.00095956 	5826.0 
111.93 	0.00085294 	5160.2 
112.43 	0.00063971 	4494.3 
112.67 	0.00063971 	3828.5 
113.17 	0.00042647 	3495.6 
113.60 	0.00031985 	2829.8 
114.10 	0.00031985 	2663.3 
114.60 	0.00031985 	3162.7 
114.97 	0.00042647 	3828.5 
115.47 	0.00053309 	4494.3 
115.97 	0.00063971 	5160.2 
116.28 	0.00085294 	5992.4 
116.67 	0.00095956 	6658.3 
117.02 	0.0010662 	7324.1 
117.33 	0.0011728 	7989.9 
117.65 	0.0012794 	8655.8 
117.98 	0.0014927 	9321.6 
118.30 	0.0015993 	9987.4 
118.68 	0.0017059 	10653 
119.07 	0.0019191 	11319 
119.55 	0.0020257 	11985 
119.97 	0.0021324 	12651 
120.35 	0.0022390 	13317 
120.65 	0.0024522 	13982 
120.88 	0.0025588 	14648 
121.13 	0.0026655 	15314 
121.43 	0.0028787 	15980 
121.77 	0.0029853 	16646 
122.27 	0.0031985 	17145 
122.77 	0.0030919 	17312 
123.27 	0.0031985 	17312 
123.77 	0.0031985 	17478 
124.27 	0.0031985 	17312 
124.77 	0.0031985 	17478 
125.27 	0.0031985 	17644 
125.77 	0.0031985 	17478 
126.27 	0.0031985 	17478 
126.77 	0.0031985 	17312 
127.27 	0.0031985 	17478 
127.77 	0.0031985 	17478 
128.27 	0.0031985 	17478 
128.77 	0.0031985 	17478 
129.27 	0.0031985 	17478 
129.77 	0.0031985 	17478 
130.27 	0.0031985 	17644 
130.77 	0.0031985 	17478 
131.27 	0.0031985 	17478 
131.77 	0.0031985 	17312 
132.27 	0.0031985 	17478 
132.77 	0.0031985 	17478 
133.27 	0.0031985 	17478 
133.77 	0.0031985 	17478 
134.27 	0.0031985 	17478 
134.77 	0.0031985 	17478 
135.27 	0.0030919 	17478 
135.77 	0.0030919 	17478 
136.27 	0.0031985 	17312 
136.77 	0.0031985 	17478 
137.27 	0.0031985 	17478 
137.77 	0.0030919 	17478 
138.27 	0.0031985 	17478 
138.77 	0.0031985 	17478 
139.27 	0.0031985 	17644 
139.77 	0.0030919 	17478 
140.27 	0.0030919 	17478 
140.77 	0.0031985 	17312 
141.27 	0.0031985 	17478 
141.77 	0.0031985 	17478 
142.27 	0.0030919 	17644 
142.77 	0.0031985 	17478 
143.27 	0.0031985 	17312 
143.77 	0.0030919 	17312 
144.27 	0.0030919 	17478 
144.77 	0.0031985 	17644 
145.27 	0.0031985 	17478 
145.77 	0.0031985 	17478 
146.27 	0.0030919 	17312 
146.77 	0.0031985 	17478 
147.27 	0.0030919 	17644 
147.77 	0.0031985 	17644 
148.27 	0.0030919 	17478 
148.77 	0.0030919 	17478 
149.27 	0.0031985 	17478 
149.77 	0.0030919 	17478 
150.27 	0.0030919 	17644 
150.77 	0.0030919 	17478 
151.27 	0.0030919 	17312 
151.77 	0.0030919 	17312 
152.27 	0.0030919 	17478 
152.77 	0.0030919 	17644 
153.27 	0.0030919 	17478 
153.77 	0.0030919 	17478 
154.27 	0.0030919 	17478 
154.77 	0.0030919 	17478 
155.27 	0.0030919 	17644 
155.77 	0.0030919 	17312 
156.27 	0.0030919 	17312 
156.77 	0.0030919 	17644 
157.27 	0.0030919 	17478 
157.77 	0.0030919 	17478 
158.27 	0.0030919 	17478 
158.77 	0.0030919 	17478 
159.27 	0.0030919 	17478 
159.77 	0.0030919 	17478 
160.27 	0.0030919 	17478 
160.77 	0.0030919 	17478 
161.27 	0.0030919 	17478 
161.77 	0.0030919 	17478 
162.27 	0.0030919 	17312 
162.77 	0.0029853 	17478 
163.27 	0.0030919 	17478 
163.77 	0.0030919 	17478 
164.27 	0.0030919 	17644 
164.77 	0.0030919 	17312 
165.27 	0.0030919 	17312 
165.77 	0.0029853 	17478 
166.27 	0.0030919 	17478 
166.77 	0.0030919 	17478 
167.27 	0.0030919 	17478 
167.77 	0.0030919 	17312 
168.27 	0.0029853 	17478 
168.77 	0.0029853 	17478 
169.27 	0.0030919 	17644 
169.77 	0.0030919 	17478 
170.27 	0.0030919 	17312 
170.77 	0.0029853 	17312 
171.27 	0.0029853 	17644 
171.77 	0.0030919 	17644 
172.27 	0.0029853 	17644 
172.77 	0.0029853 	17478 
173.27 	0.0029853 	17478 
173.77 	0.0029853 	17644 
174.27 	0.0030919 	17644 
174.77 	0.0029853 	17478 
175.27 	0.0029853 	17312 
175.77 	0.0029853 	17478 
176.27 	0.0029853 	17644 
176.77 	0.0029853 	17644 
177.27 	0.0029853 	17478 
177.77 	0.0029853 	17312 
178.27 	0.0029853 	17478 
178.77 	0.0029853 	17644 
179.27 	0.0029853 	17644 
179.77 	0.0029853 	17478 
180.27 	0.0029853 	17478 
180.77 	0.0029853 	17478 
181.27 	0.0029853 	17478 
181.77 	0.0029853 	17644 
182.27 	0.0029853 	17478 
182.70 	0.0030919 	18144 
183.12 	0.0033052 	18810 
183.47 	0.0034118 	19475 
183.87 	0.0035184 	20141 
184.25 	0.0037316 	20807 
184.63 	0.0037316 	21473 
184.95 	0.0039449 	22139 
185.25 	0.0040515 	22805 
185.60 	0.0042647 	23470 
185.95 	0.0043713 	24136 
186.28 	0.0045846 	24802 
186.63 	0.0046912 	25468 
186.97 	0.0049044 	26134 
187.33 	0.0050111 	26800 
187.70 	0.0051177 	27465 
188.12 	0.0053309 	28131 
188.42 	0.0054375 	28797 
188.83 	0.0055441 	29463 
189.20 	0.0056508 	30129 
189.50 	0.0057574 	30795 
189.93 	0.0059706 	31460 
190.30 	0.0060772 	32126 
190.47 	0.0062905 	32792 
190.70 	0.0063971 	33458 
190.97 	0.0065037 	34124 
191.25 	0.0067169 	34789 
191.53 	0.0068236 	35455 
191.88 	0.0069302 	36121 
192.20 	0.0070368 	36787 
192.55 	0.0072500 	37453 
192.85 	0.0073566 	38119 
193.18 	0.0075699 	38784 
193.58 	0.0076765 	39450 
193.85 	0.0078897 	40116 
194.23 	0.0079964 	40782 
194.57 	0.0081030 	41448 
194.90 	0.0083162 	42114 
195.22 	0.0084228 	42779 
195.53 	0.0086361 	43445 
195.92 	0.0086361 	44111 
196.20 	0.0088493 	44777 
196.57 	0.0089559 	45443 
196.88 	0.0091692 	46109 
197.25 	0.0092758 	46774 
197.60 	0.0094890 	47440 
197.93 	0.0095956 	48106 
198.27 	0.0097022 	48772 
198.58 	0.0099155 	49438 
198.90 	0.010022 	50103 
199.22 	0.010235 	50769 
199.60 	0.010342 	51435 
199.93 	0.010449 	52101 
200.43 	0.010555 	52267 
200.93 	0.010555 	52434 
201.43 	0.010662 	52434 
201.93 	0.010662 	52434 
202.43 	0.010555 	52267 
202.93 	0.010555 	52434 
203.43 	0.010555 	52434 
203.93 	0.010662 	52434 
204.43 	0.010662 	52434 
204.93 	0.010662 	52434 
205.43 	0.010662 	52434 
205.93 	0.010662 	52434 
206.43 	0.010662 	52434 
206.93 	0.010555 	52267 
207.43 	0.010662 	52434 
207.93 	0.010555 	52434 
208.43 	0.010662 	52434 
208.93 	0.010555 	52600 
209.43 	0.010555 	52434 
209.93 	0.010555 	52434 
210.43 	0.010555 	52434 
210.93 	0.010662 	52434 
211.43 	0.010555 	52434 
211.93 	0.010555 	52434 
212.43 	0.010662 	52434 
212.93 	0.010662 	52600 
213.43 	0.010555 	52434 
213.93 	0.010555 	52434 
214.43 	0.010662 	52434 
214.93 	0.010662 	52434 
215.43 	0.010555 	52600 
215.93 	0.010662 	52434 
216.43 	0.010555 	52434 
216.93 	0.010662 	52600 
217.43 	0.010555 	52434 
217.93 	0.010662 	52600 
218.43 	0.010662 	52434 
218.93 	0.010555 	52434 
219.43 	0.010662 	52434 
219.93 	0.010662 	52434 
220.43 	0.010662 	52434 
220.93 	0.010662 	52434 
221.43 	0.010555 	52434 
221.93 	0.010662 	52434 
222.43 	0.010555 	52600 
222.93 	0.010662 	52434 
223.43 	0.010555 	52434 
223.93 	0.010662 	52434 
224.43 	0.010555 	52434 
224.93 	0.010662 	52600 
225.43 	0.010555 	52434 
225.93 	0.010555 	52434 
226.43 	0.010662 	52434 
226.93 	0.010555 	52434 
227.43 	0.010662 	52434 
227.93 	0.010555 	52600 
228.43 	0.010555 	52434 
228.93 	0.010555 	52434 
229.43 	0.010662 	52434 
229.93 	0.010662 	52267 
230.43 	0.010555 	52434 
230.93 	0.010662 	52434 
231.43 	0.010555 	52267 
231.93 	0.010555 	52267 
232.43 	0.010555 	52600 
232.93 	0.010555 	52434 
233.43 	0.010662 	52434 
233.93 	0.010662 	52600 
234.43 	0.010555 	52434 
234.93 	0.010555 	52434 
235.43 	0.010555 	52434 
235.93 	0.010662 	52267 
236.43 	0.010555 	52434 
236.93 	0.010555 	52434 
237.43 	0.010555 	52434 
237.93 	0.010555 	52600 
238.43 	0.010662 	52434 
238.93 	0.010555 	52434 
239.43 	0.010662 	52434 
239.93 	0.010662 	52600 
240.43 	0.010662 	52434 
240.93 	0.010662 	52267 
241.43 	0.010555 	52434 
241.93 	0.010555 	52434 
242.43 	0.010555 	52267 
242.93 	0.010555 	52600 
243.43 	0.010555 	52434 
243.93 	0.010555 	52434 
244.43 	0.010555 	52600 
244.93 	0.010555 	52434 
245.43 	0.010555 	52434 
245.93 	0.010555 	52434 
246.43 	0.010555 	52434 
246.93 	0.010555 	52600 
247.43 	0.010555 	52434 
247.93 	0.010555 	52434 
248.43 	0.010555 	52434 
248.93 	0.010555 	52434 
249.43 	0.010555 	52434 
249.93 	0.010662 	52434 
250.43 	0.010555 	52267 
250.93 	0.010555 	52600 
251.43 	0.010555 	52434 
251.93 	0.010555 	52434 
252.43 	0.010555 	52434 
252.93 	0.010555 	52267 
253.43 	0.010555 	52434 
253.93 	0.010555 	52434 
254.43 	0.010555 	52434 
254.93 	0.010555 	52434 
255.43 	0.010555 	52434 
255.93 	0.010555 	52434 
256.43 	0.010555 	52434 
256.93 	0.010555 	52434 
257.43 	0.010555 	52267 
257.93 	0.010662 	52434 
258.43 	0.010555 	52434 
258.93 	0.010555 	52267 
259.43 	0.010662 	52600 
259.93 	0.010555 	52434 
260.43 	0.010555 	52267 
260.65 	0.010662 	51602 
260.98 	0.010555 	50936 
261.40 	0.010342 	50270 
261.80 	0.010235 	49604 
262.17 	0.010129 	48938 
262.55 	0.010022 	48272 
262.88 	0.0098089 	47607 
263.25 	0.0097022 	46941 
263.58 	0.0094890 	46275 
263.90 	0.0093824 	45609 
264.25 	0.0091692 	44943 
264.60 	0.0090625 	44278 
264.90 	0.0089559 	43612 
265.28 	0.0087427 	42946 
265.62 	0.0086361 	42280 
265.95 	0.0084228 	41614 
266.30 	0.0083162 	40948 
266.63 	0.0082096 	40283 
266.93 	0.0081030 	39617 
267.30 	0.0078897 	38951 
267.63 	0.0077831 	38285 
267.98 	0.0075699 	37619 
268.33 	0.0074633 	36953 
268.68 	0.0072500 	36288 
269.03 	0.0071434 	35622 
269.38 	0.0069302 	34956 
269.73 	0.0068236 	34290 
270.03 	0.0067169 	33624 
270.38 	0.0065037 	32958 
270.77 	0.0063971 	32293 
271.10 	0.0062905 	31627 
271.42 	0.0060772 	30961 
271.80 	0.0058640 	30295 
272.12 	0.0057574 	29629 
272.50 	0.0056508 	28963 
272.85 	0.0054375 	28298 
273.22 	0.0053309 	27632 
273.57 	0.0052243 	26966 
273.92 	0.0050111 	26300 
274.28 	0.0049044 	25634 
274.62 	0.0047978 	24969 
275.03 	0.0045846 	24303 
275.42 	0.0044780 	23637 
275.73 	0.0043713 	22971 
276.12 	0.0041581 	22305 
276.55 	0.0039449 	21639 
276.92 	0.0038383 	20974 
277.18 	0.0036250 	20308 
277.50 	0.0035184 	19642 
277.80 	0.0034118 	18976 
278.13 	0.0031985 	18310 
278.52 	0.0030919 	17644 
278.83 	0.0028787 	16979 
279.17 	0.0027721 	16313 
279.57 	0.0025588 	15647 
279.93 	0.0024522 	14981 
280.43 	0.0023456 	14315 
280.93 	0.0022390 	13816 
281.17 	0.0020257 	13150 
281.40 	0.0019191 	12484 
281.65 	0.0018125 	11818 
281.90 	0.0015993 	11153 
282.18 	0.0014927 	10487 
282.50 	0.0013860 	9820.9 
282.87 	0.0011728 	9155.1 
283.18 	0.0010662 	8489.3 
283.50 	0.00095956 	7823.5 
283.88 	0.00085294 	7157.6 
284.28 	0.00053309 	6491.8 
284.63 	0.00053309 	5826.0 
284.97 	0.00042647 	5160.2 
285.47 	0.00021324 	4660.8 
285.62 	0.00021324 	3995.0 
286.03 	0.00000 	3329.1 
286.53 	0.00000 	2996.2 
287.03 	-0.0001068 	2996.2 
287.53 	-0.0001068 	2829.8 
287.88 	-0.0001068 	3495.6 
288.35 	0.00000 	4161.4 
288.85 	0.00021324 	4660.8 
289.18 	0.00021324 	5326.6 
289.47 	0.00042647 	5992.4 
289.85 	0.00053309 	6658.3 
290.20 	0.00063971 	7324.1 
290.55 	0.00074633 	8156.4 
290.92 	0.00095956 	8822.2 
291.28 	0.0010662 	9488.0 
291.57 	0.0011728 	10154 
291.95 	0.0013860 	10820 
292.35 	0.0014927 	11486 
292.82 	0.0015993 	12151 
293.22 	0.0017059 	12817 
293.65 	0.0019191 	13483 
293.87 	0.0020257 	14149 
294.12 	0.0021324 	14815 
294.35 	0.0022390 	15480 
294.65 	0.0023456 	16146 
294.98 	0.0025588 	16812 
295.48 	0.0026655 	17145 
295.98 	0.0026655 	17312 
296.48 	0.0026655 	17478 
296.98 	0.0026655 	17478 
297.48 	0.0027721 	17478 
297.98 	0.0027721 	17478 
298.48 	0.0027721 	17312 
298.98 	0.0027721 	17478 
299.48 	0.0026655 	17478 
299.98 	0.0027721 	17478 
300.48 	0.0026655 	17478 
300.98 	0.0027721 	17478 
301.48 	0.0027721 	17478 
301.98 	0.0026655 	17478 
302.48 	0.0027721 	17478 
302.98 	0.0026655 	17478 
303.48 	0.0026655 	17478 
303.98 	0.0026655 	17478 
304.48 	0.0027721 	17644 
304.98 	0.0027721 	17478 
305.48 	0.0027721 	17478 
305.98 	0.0026655 	17312 
306.48 	0.0026655 	17478 
306.98 	0.0027721 	17644 
307.48 	0.0026655 	17478 
307.98 	0.0026655 	17478 
308.48 	0.0026655 	17478 
308.98 	0.0026655 	17644 
309.48 	0.0026655 	17478 
309.98 	0.0026655 	17312 
310.48 	0.0026655 	17478 
310.98 	0.0026655 	17478 
311.48 	0.0026655 	17478 
311.98 	0.0026655 	17478 
312.48 	0.0026655 	17312 
312.98 	0.0026655 	17312 
313.48 	0.0026655 	17478 
313.98 	0.0026655 	17644 
314.48 	0.0026655 	17478 
314.98 	0.0026655 	17478 
315.48 	0.0026655 	17312 
315.98 	0.0026655 	17478 
316.48 	0.0026655 	17478 
316.98 	0.0026655 	17478 
317.48 	0.0026655 	17478 
317.98 	0.0026655 	17478 
318.48 	0.0026655 	17478 
318.98 	0.0026655 	17312 
319.48 	0.0026655 	17478 
319.98 	0.0027721 	17644 
320.48 	0.0026655 	17644 
320.98 	0.0026655 	17478 
321.48 	0.0026655 	17478 
321.98 	0.0026655 	17478 
322.48 	0.0026655 	17478 
322.98 	0.0026655 	17478 
323.48 	0.0026655 	17312 
323.98 	0.0026655 	17478 
324.48 	0.0026655 	17478 
324.98 	0.0026655 	17644 
325.48 	0.0026655 	17478 
325.98 	0.0026655 	17478 
326.48 	0.0026655 	17478 
326.98 	0.0026655 	17478 
327.48 	0.0026655 	17478 
327.98 	0.0026655 	17478 
328.48 	0.0026655 	17478 
328.98 	0.0026655 	17478 
329.48 	0.0026655 	17478 
329.98 	0.0026655 	17478 
330.48 	0.0026655 	17312 
330.98 	0.0026655 	17478 
331.48 	0.0026655 	17478 
331.98 	0.0026655 	17478 
332.48 	0.0026655 	17478 
332.98 	0.0026655 	17478 
333.48 	0.0026655 	17478 
333.98 	0.0025588 	17478 
334.48 	0.0025588 	17478 
334.98 	0.0026655 	17478 
335.48 	0.0025588 	17478 
335.98 	0.0026655 	17644 
336.48 	0.0026655 	17478 
336.98 	0.0026655 	17478 
337.48 	0.0026655 	17312 
337.98 	0.0026655 	17478 
338.48 	0.0026655 	17478 
338.98 	0.0025588 	17478 
339.48 	0.0026655 	17478 
339.98 	0.0025588 	17478 
340.48 	0.0026655 	17478 
340.98 	0.0026655 	17478 
341.48 	0.0026655 	17478 
341.98 	0.0026655 	17478 
342.48 	0.0026655 	17478 
342.98 	0.0025588 	17478 
343.48 	0.0025588 	17478 
343.98 	0.0025588 	17478 
344.48 	0.0026655 	17478 
344.98 	0.0026655 	17478 
345.48 	0.0026655 	17478 
345.98 	0.0026655 	17312 
346.48 	0.0026655 	17478 
346.98 	0.0026655 	17644 
347.48 	0.0025588 	17478 
347.98 	0.0026655 	17478 
348.48 	0.0026655 	17312 
348.98 	0.0026655 	17478 
349.48 	0.0025588 	17478 
349.98 	0.0026655 	17644 
350.48 	0.0025588 	17478 
350.98 	0.0025588 	17478 
351.48 	0.0026655 	17478 
351.98 	0.0025588 	17478 
352.48 	0.0026655 	17478 
352.98 	0.0026655 	17478 
353.48 	0.0026655 	17312 
353.98 	0.0026655 	17312 
354.48 	0.0025588 	17478 
354.98 	0.0025588 	17644 
355.48 	0.0025588 	17478 
355.82 	0.0026655 	18144 
356.25 	0.0028787 	18810 
356.63 	0.0028787 	19475 
357.02 	0.0030919 	20141 
357.48 	0.0033052 	20807 
357.82 	0.0034118 	21473 
358.13 	0.0035184 	22139 
358.40 	0.0036250 	22805 
358.80 	0.0038383 	23470 
359.15 	0.0040515 	24136 
359.47 	0.0041581 	24802 
359.82 	0.0042647 	25468 
360.17 	0.0043713 	26134 
360.57 	0.0045846 	26800 
360.90 	0.0046912 	27465 
361.27 	0.0047978 	28131 
361.60 	0.0050111 	28797 
361.98 	0.0051177 	29463 
362.32 	0.0053309 	30129 
362.72 	0.0054375 	30795 
363.13 	0.0055441 	31460 
363.48 	0.0057574 	32126 
363.68 	0.0058640 	32792 
363.92 	0.0059706 	33458 
364.15 	0.0061839 	34124 
364.42 	0.0062905 	34789 
364.77 	0.0063971 	35455 
365.05 	0.0066103 	36121 
365.40 	0.0067169 	36787 
365.75 	0.0068236 	37453 
366.03 	0.0070368 	38119 
366.38 	0.0071434 	38784 
366.73 	0.0072500 	39450 
367.07 	0.0074633 	40116 
367.40 	0.0075699 	40782 
367.72 	0.0076765 	41448 
368.10 	0.0078897 	42114 
368.40 	0.0079964 	42779 
368.73 	0.0081030 	43445 
369.08 	0.0083162 	44111 
369.42 	0.0084228 	44777 
369.73 	0.0086361 	45443 
370.10 	0.0087427 	46109 
370.40 	0.0089559 	46774 
370.77 	0.0090625 	47440 
371.10 	0.0091692 	48106 
371.43 	0.0092758 	48772 
371.77 	0.0094890 	49438 
372.07 	0.0095956 	50103 
372.45 	0.0098089 	50769 
372.78 	0.0099155 	51435 
373.12 	0.010129 	52101 
373.62 	0.010235 	52267 
374.12 	0.010235 	52434 
374.62 	0.010235 	52600 
375.12 	0.010235 	52267 
375.62 	0.010235 	52434 
376.12 	0.010235 	52434 
376.62 	0.010235 	52267 
377.12 	0.010235 	52434 
377.62 	0.010235 	52434 
378.12 	0.010235 	52434 
378.62 	0.010235 	52434 
379.12 	0.010235 	52434 
379.62 	0.010235 	52434 
380.12 	0.010342 	52434 
380.62 	0.010235 	52434 
381.12 	0.010235 	52434 
381.62 	0.010235 	52434 
382.12 	0.010235 	52600 
382.62 	0.010235 	52434 
383.12 	0.010235 	52434 
383.62 	0.010235 	52434 
384.12 	0.010235 	52267 
384.62 	0.010235 	52434 
385.12 	0.010235 	52600 
385.62 	0.010342 	52434 
386.12 	0.010235 	52267 
386.62 	0.010235 	52600 
387.12 	0.010235 	52434 
387.62 	0.010235 	52434 
388.12 	0.010235 	52600 
388.62 	0.010235 	52434 
389.12 	0.010235 	52434 
389.62 	0.010235 	52434 
390.12 	0.010235 	52434 
390.62 	0.010235 	52434 
391.12 	0.010235 	52600 
391.62 	0.010235 	52434 
392.12 	0.010235 	52267 
392.62 	0.010235 	52434 
393.12 	0.010235 	52267 
393.62 	0.010235 	52434 
394.12 	0.010235 	52434 
394.62 	0.010235 	52267 
395.12 	0.010235 	52434 
395.62 	0.010235 	52434 
396.12 	0.010342 	52434 
396.62 	0.010235 	52434 
397.12 	0.010235 	52434 
397.62 	0.010235 	52434 
398.12 	0.010235 	52434 
398.62 	0.010235 	52434 
399.12 	0.010235 	52434 
399.62 	0.010235 	52434 
400.12 	0.010235 	52434 
400.62 	0.010235 	52600 
401.12 	0.010235 	52434 
401.62 	0.010235 	52434 
402.12 	0.010235 	52434 
402.62 	0.010235 	52434 
403.12 	0.010235 	52600 
403.62 	0.010235 	52267 
404.12 	0.010235 	52434 
404.62 	0.010235 	52434 
405.12 	0.010235 	52434 
405.62 	0.010235 	52267 
406.12 	0.010235 	52267 
406.62 	0.010235 	52434 
407.12 	0.010235 	52434 
407.62 	0.010235 	52267 
408.12 	0.010235 	52434 
408.62 	0.010235 	52434 
409.12 	0.010235 	52434 
409.62 	0.010235 	52434 
410.12 	0.010235 	52434 
410.62 	0.010235 	52434 
411.12 	0.010235 	52434 
411.62 	0.010235 	52434 
412.12 	0.010235 	52434 
412.62 	0.010235 	52434 
413.12 	0.010235 	52434 
413.62 	0.010235 	52600 
414.12 	0.010235 	52267 
414.62 	0.010235 	52434 
415.12 	0.010235 	52434 
415.62 	0.010235 	52434 
416.12 	0.010235 	52434 
416.62 	0.010235 	52434 
417.12 	0.010235 	52434 
417.62 	0.010235 	52434 
418.12 	0.010235 	52267 
418.62 	0.010235 	52434 
419.12 	0.010235 	52434 
419.62 	0.010235 	52434 
420.12 	0.010235 	52600 
420.62 	0.010235 	52434 
421.12 	0.010235 	52267 
421.62 	0.010235 	52434 
422.12 	0.010235 	52434 
422.62 	0.010235 	52434 
423.12 	0.010235 	52434 
423.62 	0.010235 	52434 
424.12 	0.010235 	52434 
424.62 	0.010235 	52600 
425.12 	0.010235 	52600 
425.62 	0.010235 	52267 
426.12 	0.010235 	52434 
426.62 	0.010235 	52434 
427.12 	0.010235 	52434 
427.62 	0.010235 	52434 
428.12 	0.010235 	52434 
428.62 	0.010235 	52434 
429.12 	0.010235 	52434 
429.62 	0.010235 	52434 
430.12 	0.010235 	52267 
430.62 	0.010235 	52434 
431.12 	0.010235 	52600 
431.62 	0.010235 	52434 
432.12 	0.010235 	52434 
432.62 	0.010235 	52600 
433.12 	0.010235 	52267 
433.62 	0.010235 	52267 
433.88 	0.010235 	51602 
434.20 	0.010129 	50936 
434.62 	0.010129 	50270 
434.97 	0.010022 	49604 
435.35 	0.0098089 	48938 
435.75 	0.0097022 	48272 
436.08 	0.0094890 	47607 
436.42 	0.0093824 	46941 
436.80 	0.0092758 	46275 
437.10 	0.0090625 	45609 
437.45 	0.0088493 	44943 
437.80 	0.0087427 	44278 
438.13 	0.0085294 	43612 
438.43 	0.0085294 	42946 
438.78 	0.0083162 	42280 
439.08 	0.0082096 	41614 
439.48 	0.0079964 	40948 
439.82 	0.0078897 	40283 
440.13 	0.0077831 	39617 
440.53 	0.0075699 	38951 
440.83 	0.0074633 	38285 
441.18 	0.0072500 	37619 
441.57 	0.0071434 	36953 
441.87 	0.0070368 	36288 
442.22 	0.0068236 	35622 
442.52 	0.0067169 	34956 
442.87 	0.0066103 	34290 
443.22 	0.0063971 	33624 
443.62 	0.0062905 	32958 
443.92 	0.0060772 	32293 
444.30 	0.0059706 	31627 
444.55 	0.0058640 	30961 
444.95 	0.0056508 	30295 
445.30 	0.0055441 	29629 
445.70 	0.0054375 	28797 
446.12 	0.0051177 	28131 
446.43 	0.0051177 	27465 
446.83 	0.0049044 	26800 
447.18 	0.0047978 	26134 
447.55 	0.0045846 	25468 
447.97 	0.0043713 	24802 
448.33 	0.0042647 	24136 
448.67 	0.0041581 	23470 
449.08 	0.0039449 	22805 
449.45 	0.0039449 	22139 
449.82 	0.0037316 	21473 
450.10 	0.0035184 	20807 
450.42 	0.0034118 	20141 
450.70 	0.0033052 	19475 
451.08 	0.0030919 	18810 
451.42 	0.0029853 	18144 
451.77 	0.0027721 	17478 
452.10 	0.0026655 	16812 
452.42 	0.0025588 	16146 
452.87 	0.0023456 	15480 
453.28 	0.0022390 	14815 
453.78 	0.0020257 	14315 
454.17 	0.0019191 	13649 
454.40 	0.0018125 	12984 
454.65 	0.0017059 	12318 
454.88 	0.0014927 	11652 
455.15 	0.0013860 	10986 
455.48 	0.0012794 	10320 
455.75 	0.0011728 	9654.5 
456.08 	0.00095956 	8988.7 
456.45 	0.00085294 	8322.8 
456.77 	0.00074633 	7657.0 
457.13 	0.00053309 	6991.2 
457.48 	0.00042647 	6325.4 
457.85 	0.00031985 	5659.5 
458.25 	0.00010662 	4993.7 
458.70 	0.00000 	4327.9 
459.02 	-0.0001068 	3662.0 
459.52 	-0.0003204 	3162.7 
460.02 	-0.0003204 	2996.2 
460.52 	-0.0003204 	2829.8 
460.98 	-0.0003204 	3495.6 
461.48 	-0.0002136 	3828.5 
461.72 	-0.0001068 	4494.3 
462.12 	0.00000 	5160.2 
462.48 	0.00010662 	5826.0 
462.82 	0.00021324 	6491.8 
463.22 	0.00031985 	7157.6 
463.55 	0.00053309 	7823.5 
463.88 	0.00063971 	8489.3 
464.22 	0.00085294 	9155.1 
464.53 	0.00085294 	9820.9 
464.88 	0.0010662 	10487 
465.20 	0.0011728 	11153 
465.67 	0.0013860 	11818 
466.12 	0.0014927 	12484 
466.53 	0.0015993 	13150 
466.88 	0.0017059 	13816 
467.10 	0.0019191 	14482 
467.33 	0.0020257 	15148 
467.60 	0.0022390 	15813 
467.92 	0.0022390 	16479 
468.42 	0.0024522 	16979 
468.92 	0.0024522 	17312 
469.42 	0.0025588 	17478 
469.92 	0.0025588 	17478 
470.42 	0.0025588 	17478 
470.92 	0.0024522 	17478 
471.42 	0.0025588 	17478 
471.92 	0.0025588 	17478 
472.42 	0.0025588 	17478 
472.92 	0.0025588 	17478 
473.42 	0.0024522 	17478 
473.92 	0.0025588 	17478 
474.42 	0.0025588 	17478 
474.92 	0.0024522 	17478 
475.42 	0.0025588 	17478 
475.92 	0.0024522 	17478 
476.42 	0.0025588 	17478 
476.92 	0.0025588 	17478 
477.42 	0.0025588 	17478 
477.92 	0.0025588 	17478 
478.42 	0.0025588 	17312 
478.92 	0.0025588 	17644 
479.42 	0.0025588 	17478 
479.92 	0.0025588 	17478 
480.42 	0.0025588 	17478 
480.92 	0.0025588 	17478 
481.42 	0.0025588 	17478 
481.92 	0.0025588 	17478 
482.42 	0.0025588 	17478 
482.92 	0.0025588 	17478 
483.42 	0.0025588 	17478 
483.92 	0.0025588 	17478 
484.42 	0.0025588 	17478 
484.92 	0.0025588 	17312 
485.42 	0.0025588 	17478 
485.92 	0.0025588 	17478 
486.42 	0.0024522 	17478 
486.92 	0.0025588 	17478 
487.42 	0.0024522 	17478 
487.92 	0.0025588 	17478 
488.42 	0.0024522 	17478 
488.92 	0.0024522 	17478 
489.42 	0.0025588 	17312 
489.92 	0.0024522 	17478 
490.42 	0.0024522 	17478 
490.92 	0.0025588 	17478 
491.42 	0.0025588 	17644 
491.92 	0.0025588 	17312 
492.42 	0.0024522 	17644 
492.92 	0.0024522 	17478 
493.42 	0.0024522 	17478 
493.92 	0.0025588 	17478 
494.42 	0.0025588 	17478 
494.92 	0.0025588 	17478 
495.42 	0.0025588 	17644 
495.92 	0.0025588 	17478 
496.42 	0.0025588 	17478 
496.92 	0.0025588 	17478 
497.42 	0.0025588 	17644 
497.92 	0.0025588 	17478 
498.42 	0.0025588 	17478 
498.92 	0.0025588 	17478 
499.42 	0.0025588 	17478 
499.92 	0.0025588 	17478 
500.42 	0.0024522 	17478 
500.92 	0.0024522 	17312 
501.42 	0.0025588 	17478 
501.92 	0.0025588 	17644 
502.42 	0.0024522 	17478 
502.92 	0.0025588 	17478 
503.42 	0.0025588 	17478 
503.92 	0.0025588 	17644 
504.42 	0.0025588 	17478 
504.92 	0.0025588 	17478 
505.42 	0.0025588 	17478 
505.92 	0.0024522 	17478 
506.42 	0.0024522 	17644 
506.92 	0.0025588 	17478 
507.42 	0.0025588 	17478 
507.92 	0.0025588 	17478 
508.42 	0.0025588 	17644 
508.92 	0.0025588 	17644 
509.42 	0.0024522 	17478 
509.92 	0.0025588 	17312 
510.42 	0.0024522 	17478 
510.92 	0.0025588 	17644 
511.42 	0.0025588 	17644 
511.92 	0.0025588 	17478 
512.42 	0.0025588 	17312 
512.92 	0.0025588 	17478 
513.42 	0.0024522 	17478 
513.92 	0.0025588 	17478 
514.42 	0.0024522 	17312 
514.92 	0.0024522 	17312 
515.42 	0.0025588 	17478 
515.92 	0.0025588 	17644 
516.42 	0.0025588 	17478 
516.92 	0.0024522 	17478 
517.42 	0.0024522 	17478 
517.92 	0.0024522 	17644 
518.42 	0.0025588 	17478 
518.92 	0.0024522 	17478 
519.42 	0.0024522 	17478 
519.92 	0.0024522 	17478 
520.42 	0.0024522 	17644 
520.92 	0.0024522 	17644 
521.42 	0.0024522 	17478 
521.92 	0.0024522 	17312 
522.42 	0.0025588 	17478 
522.92 	0.0024522 	17644 
523.42 	0.0025588 	17644 
523.92 	0.0025588 	17478 
524.42 	0.0024522 	17478 
524.92 	0.0025588 	17478 
525.42 	0.0025588 	17478 
525.92 	0.0024522 	17644 
526.42 	0.0024522 	17478 
526.92 	0.0025588 	17478 
527.42 	0.0024522 	17644 
527.92 	0.0024522 	17478 
528.22 	0.0024522 	17478 
528.72 	0.0024522 	17312 
529.22 	0.0024522 	17478 
529.72 	0.0024522 	17478 
530.22 	0.0024522 	17478 
530.72 	0.0024522 	17312 
531.22 	0.0024522 	17478 
531.72 	0.0024522 	17478 
532.22 	0.0024522 	17478 
532.72 	0.0024522 	17478 
533.22 	0.0024522 	17478 
533.72 	0.0024522 	17312 
534.22 	0.0024522 	17478 
534.72 	0.0024522 	17478 
535.22 	0.0024522 	17478 
535.72 	0.0024522 	17478 
536.22 	0.0024522 	17478 
536.72 	0.0024522 	17478 
537.22 	0.0024522 	17478 
537.72 	0.0024522 	17478 
538.22 	0.0024522 	17478 
538.72 	0.0024522 	17644 
539.22 	0.0024522 	17644 
539.72 	0.0024522 	17478 
540.22 	0.0024522 	17312 
540.72 	0.0024522 	17478 
541.22 	0.0024522 	17478 
541.72 	0.0024522 	17478 
542.22 	0.0024522 	17478 
542.72 	0.0025588 	17312 
543.22 	0.0024522 	17478 
543.72 	0.0024522 	17478 
544.22 	0.0024522 	17478 
544.72 	0.0024522 	17478 
545.22 	0.0024522 	17478 
545.72 	0.0024522 	17644 
546.22 	0.0024522 	17644 
546.72 	0.0024522 	17478 
547.22 	0.0024522 	17478 
547.72 	0.0024522 	17478 
548.22 	0.0024522 	17478 
548.72 	0.0024522 	17478 
549.22 	0.0024522 	17478 
549.72 	0.0024522 	17478 
550.22 	0.0024522 	17478 
550.72 	0.0024522 	17478 
551.22 	0.0024522 	17478 
551.72 	0.0024522 	17644 
552.22 	0.0024522 	17644 
552.72 	0.0024522 	17478 
553.22 	0.0024522 	17478 
553.72 	0.0024522 	17478 
554.22 	0.0024522 	17478 
554.72 	0.0024522 	17478 
555.22 	0.0024522 	17312 
555.72 	0.0024522 	17312 
556.22 	0.0024522 	17644 
556.72 	0.0024522 	17644 
557.22 	0.0024522 	17478 
557.72 	0.0024522 	17478 
558.20 	0.0024522 	17478 
558.70 	0.0024522 	17644 
559.20 	0.0024522 	17478 
559.70 	0.0024522 	17478 
559.98 	0.0025588 	18144 
560.37 	0.0026655 	18810 
560.75 	0.0028787 	19475 
561.07 	0.0028787 	20141 
561.57 	0.0030919 	20641 
561.85 	0.0031985 	21306 
562.12 	0.0033052 	21972 
562.47 	0.0035184 	22638 
562.80 	0.0036250 	23304 
563.08 	0.0038383 	23970 
563.47 	0.0039449 	24636 
563.77 	0.0040515 	25301 
564.17 	0.0042647 	25967 
564.55 	0.0043713 	26633 
564.92 	0.0044780 	27299 
565.30 	0.0046912 	27965 
565.65 	0.0047978 	28631 
566.00 	0.0049044 	29296 
566.40 	0.0051177 	29962 
566.70 	0.0052243 	30628 
567.12 	0.0054375 	31294 
567.50 	0.0055441 	31960 
567.72 	0.0056508 	32626 
567.95 	0.0058640 	33291 
568.22 	0.0059706 	33957 
568.45 	0.0060772 	34623 
568.77 	0.0062905 	35289 
569.08 	0.0063971 	35955 
569.42 	0.0065037 	36620 
569.73 	0.0067169 	37286 
570.08 	0.0068236 	37952 
570.40 	0.0069302 	38618 
570.73 	0.0071434 	39284 
571.07 	0.0072500 	39950 
571.42 	0.0073566 	40615 
571.75 	0.0075699 	41281 
572.12 	0.0076765 	41947 
572.42 	0.0077831 	42613 
572.73 	0.0079964 	43279 
573.07 	0.0081030 	43945 
573.40 	0.0082096 	44610 
573.77 	0.0084228 	45276 
574.08 	0.0085294 	45942 
574.47 	0.0087427 	46608 
574.77 	0.0088493 	47274 
575.08 	0.0089559 	47940 
575.42 	0.0091692 	48605 
575.80 	0.0092758 	49271 
576.15 	0.0094890 	49937 
576.45 	0.0095956 	50603 
576.82 	0.0098089 	51269 
577.15 	0.0099155 	51935 
577.65 	0.010022 	52267 
578.15 	0.010129 	52434 
578.65 	0.010129 	52434 
579.15 	0.010022 	52434 
579.65 	0.010022 	52267 
580.15 	0.010022 	52600 
580.65 	0.010022 	52434 
581.15 	0.010129 	52434 
581.65 	0.010129 	52434 
582.15 	0.010129 	52267 
582.65 	0.010129 	52434 
583.15 	0.010129 	52434 
583.65 	0.010022 	52434 
584.15 	0.010129 	52267 
584.65 	0.010022 	52434 
585.15 	0.010129 	52434 
585.65 	0.010022 	52267 
586.15 	0.010129 	52434 
586.65 	0.010022 	52434 
587.15 	0.010022 	52267 
587.65 	0.010129 	52600 
588.15 	0.010129 	52434 
588.65 	0.010129 	52434 
589.15 	0.010129 	52434 
589.65 	0.010022 	52267 
590.15 	0.010022 	52600 
590.65 	0.010129 	52434 
591.15 	0.010129 	52434 
591.65 	0.010022 	52600 
592.15 	0.010022 	52434 
592.65 	0.010129 	52434 
593.15 	0.010129 	52434 
593.65 	0.010022 	52267 
594.15 	0.010022 	52434 
594.65 	0.010022 	52434 
595.15 	0.010129 	52434 
595.65 	0.010129 	52267 
596.15 	0.010022 	52600 
596.65 	0.010022 	52434 
597.15 	0.010129 	52434 
597.65 	0.010129 	52600 
598.15 	0.010129 	52434 
598.65 	0.010022 	52434 
599.15 	0.010022 	52434 
599.65 	0.010129 	52267 
600.15 	0.010022 	52434 
600.65 	0.010022 	52434 
601.15 	0.010022 	52434 
601.65 	0.010129 	52434 
602.15 	0.010129 	52267 
602.65 	0.010129 	52434 
603.15 	0.010129 	52600 
603.65 	0.010129 	52434 
604.15 	0.010022 	52434 
604.65 	0.010129 	52434 
605.15 	0.010129 	52600 
605.65 	0.010129 	52434 
606.15 	0.010022 	52434 
606.65 	0.010129 	52600 
607.15 	0.010022 	52434 
607.65 	0.010129 	52434 
608.15 	0.010129 	52600 
608.65 	0.010022 	52434 
609.15 	0.010022 	52434 
609.65 	0.010022 	52434 
610.15 	0.010022 	52434 
610.65 	0.010129 	52434 
611.15 	0.010022 	52434 
611.65 	0.010129 	52600 
612.15 	0.010022 	52434 
612.65 	0.010022 	52434 
613.15 	0.010022 	52434 
613.65 	0.010129 	52434 
614.15 	0.010129 	52434 
614.65 	0.010129 	52434 
615.15 	0.010022 	52434 
615.65 	0.010022 	52434 
616.15 	0.010022 	52434 
616.65 	0.010129 	52434 
617.15 	0.010129 	52600 
617.65 	0.010129 	52267 
618.15 	0.010022 	52434 
618.65 	0.010129 	52434 
619.15 	0.010022 	52267 
619.65 	0.010129 	52434 
620.15 	0.010022 	52434 
620.65 	0.010022 	52434 
621.15 	0.010022 	52434 
621.65 	0.010022 	52267 
622.15 	0.010022 	52434 
622.65 	0.010129 	52434 
623.15 	0.010022 	52434 
623.65 	0.010022 	52267 
624.15 	0.010022 	52434 
624.65 	0.010022 	52434 
625.15 	0.010022 	52434 
625.65 	0.010022 	52434 
626.15 	0.010022 	52434 
626.65 	0.010129 	52600 
627.15 	0.010022 	52434 
627.65 	0.010022 	52434 
628.15 	0.010022 	52600 
628.65 	0.010022 	52600 
629.15 	0.010022 	52434 
629.65 	0.010022 	52434 
630.15 	0.010022 	52434 
630.65 	0.010022 	52267 
631.15 	0.010022 	52434 
631.65 	0.010022 	52434 
632.15 	0.010022 	52267 
632.65 	0.010022 	52434 
633.15 	0.010022 	52434 
633.65 	0.010022 	52434 
634.15 	0.010022 	52434 
634.65 	0.010022 	52600 
635.15 	0.010129 	52267 
635.65 	0.010022 	52434 
636.15 	0.010129 	52600 
636.65 	0.010022 	52434 
637.15 	0.010022 	52434 
637.45 	0.010022 	52600 
637.95 	0.010022 	52434 
638.45 	0.010129 	52434 
638.95 	0.010129 	52600 
639.45 	0.010022 	52434 
639.95 	0.010022 	52267 
640.45 	0.010022 	52434 
640.95 	0.010129 	52434 
641.45 	0.010129 	52267 
641.95 	0.010129 	52434 
642.45 	0.010129 	52434 
642.95 	0.010022 	52267 
643.45 	0.010022 	52434 
643.95 	0.010022 	52600 
644.45 	0.010022 	52434 
644.95 	0.010022 	52434 
645.45 	0.010022 	52600 
645.95 	0.010129 	52434 
646.45 	0.010022 	52434 
646.95 	0.010129 	52434 
647.45 	0.010022 	52267 
647.95 	0.010022 	52434 
648.45 	0.010129 	52434 
648.95 	0.010022 	52434 
649.45 	0.010022 	52267 
649.95 	0.010129 	52600 
650.45 	0.010022 	52434 
650.95 	0.010022 	52434 
651.45 	0.010022 	52600 
651.95 	0.010022 	52434 
652.45 	0.010022 	52267 
652.95 	0.010129 	52434 
653.45 	0.010129 	52434 
653.95 	0.010022 	52267 
654.45 	0.010129 	52600 
654.95 	0.010129 	52434 
655.45 	0.010022 	52434 
655.95 	0.010022 	52600 
656.45 	0.010022 	52434 
656.95 	0.010022 	52434 
657.45 	0.010022 	52434 
657.95 	0.010022 	52434 
658.45 	0.010022 	52267 
658.95 	0.010129 	52434 
659.45 	0.010022 	52600 
659.95 	0.010022 	52267 
660.45 	0.010022 	52434 
660.95 	0.010022 	52434 
661.45 	0.010022 	52434 
661.95 	0.010129 	52434 
662.45 	0.010022 	52434 
662.95 	0.010129 	52434 
663.45 	0.010022 	52600 
663.95 	0.010129 	52434 
664.45 	0.010022 	52434 
664.95 	0.010022 	52600 
665.45 	0.010022 	52434 
665.95 	0.010022 	52434 
666.45 	0.010022 	52600 
666.95 	0.010022 	52434 
667.45 	0.010022 	52434 
667.95 	0.010022 	52600 
668.45 	0.010022 	52434 
668.95 	0.010022 	52434 
669.45 	0.010022 	52600 
669.95 	0.010022 	52267 
670.45 	0.010022 	52434 
670.95 	0.010022 	52434 
671.45 	0.010022 	52434 
671.95 	0.010022 	52434 
672.45 	0.010022 	52434 
672.95 	0.010022 	52267 
673.45 	0.010022 	52434 
673.95 	0.010022 	52600 
674.45 	0.010022 	52434 
674.95 	0.010022 	52600 
675.45 	0.010022 	52434 
675.95 	0.010022 	52434 
676.45 	0.010022 	52434 
676.95 	0.010022 	52267 
677.45 	0.010022 	52434 
677.95 	0.010022 	52600 
678.45 	0.010022 	52434 
678.95 	0.010022 	52434 
679.45 	0.010022 	52434 
679.95 	0.010022 	52434 
680.45 	0.010022 	52267 
680.95 	0.010022 	52434 
681.45 	0.010022 	52434 
681.95 	0.010022 	52434 
682.45 	0.010022 	52600 
682.95 	0.010022 	52434 
683.45 	0.010022 	52434 
683.95 	0.010022 	52434 
684.45 	0.010022 	52267 
684.95 	0.010022 	52600 
685.45 	0.010022 	52434 
685.95 	0.010022 	52434 
686.45 	0.010022 	52434 
686.95 	0.010022 	52434 
687.45 	0.010022 	52434 
687.95 	0.010022 	52600 
688.45 	0.010022 	52434 
688.95 	0.010022 	52267 
689.45 	0.010022 	52600 
689.95 	0.010022 	52434 
690.45 	0.010022 	52267 
690.95 	0.010022 	52434 
691.45 	0.010022 	52267 
691.95 	0.010022 	52434 
692.45 	0.010022 	52434 
692.95 	0.010022 	52267 
693.45 	0.010022 	52434 
693.95 	0.010022 	52434 
694.45 	0.010022 	52267 
694.95 	0.010022 	52434 
695.45 	0.010022 	52267 
695.95 	0.010022 	52434 
696.45 	0.010022 	52434 
696.95 	0.010022 	52267 
697.45 	0.010022 	52434 
697.95 	0.010022 	52267 
698.45 	0.010022 	52434 
698.95 	0.010022 	52434 
699.45 	0.010022 	52434 
699.95 	0.010022 	52434 
700.45 	0.010022 	52600 
700.95 	0.010022 	52434 
701.45 	0.010022 	52434 
701.95 	0.010022 	52434 
702.45 	0.010022 	52267 
702.95 	0.010022 	52434 
703.45 	0.010022 	52600 
703.95 	0.010022 	52434 
704.45 	0.010022 	52600 
704.95 	0.010022 	52434 
705.45 	0.010022 	52434 
705.95 	0.010022 	52600 
706.45 	0.010022 	52267 
706.95 	0.010022 	52434 
707.45 	0.010022 	52434 
707.95 	0.010022 	52600 
708.45 	0.010022 	52434 
708.95 	0.010022 	52434 
709.45 	0.010022 	52434 
709.95 	0.010022 	52267 
710.45 	0.010022 	52600 
710.95 	0.010022 	52434 
711.45 	0.010022 	52434 
711.95 	0.010022 	52434 
712.45 	0.010022 	52434 
712.95 	0.010022 	52600 
713.45 	0.010022 	52434 
713.95 	0.010022 	52434 
714.45 	0.010022 	52600 
714.95 	0.010022 	52434 
715.45 	0.010022 	52267 
715.95 	0.010022 	52600 
716.45 	0.010022 	52600 
716.95 	0.010022 	52434 
717.45 	0.010022 	52434 
717.95 	0.010022 	52434 
718.45 	0.010022 	52434 
718.95 	0.010022 	52600 
719.45 	0.010022 	52434 
719.95 	0.010022 	52434 
720.45 	0.010022 	52434 
720.95 	0.010022 	52600 
721.45 	0.010022 	52434 
721.95 	0.010022 	52267 
722.45 	0.010022 	52434 
722.95 	0.010022 	52434 
723.45 	0.010022 	52434 
723.95 	0.010022 	52434 
724.45 	0.010022 	52267 
724.95 	0.010022 	52434 
725.45 	0.010022 	52434 
725.95 	0.010022 	52267 
726.45 	0.010022 	52434 
726.95 	0.010022 	52434 
727.45 	0.010022 	52267 
727.95 	0.010022 	52434 
728.45 	0.010022 	52434 
728.95 	0.010022 	52434 
729.45 	0.010022 	52434 
729.95 	0.010022 	52434 
730.45 	0.010022 	52434 
730.95 	0.010022 	52600 
731.45 	0.010022 	52267 
731.95 	0.010022 	52267 
732.45 	0.010022 	52434 
732.95 	0.010022 	52267 
733.45 	0.010022 	52434 
733.95 	0.010022 	52600 
734.45 	0.010022 	52434 
734.95 	0.010022 	52267 
735.45 	0.010022 	52434 
735.95 	0.010022 	52434 
736.45 	0.010022 	52434 
736.95 	0.010022 	52434 
737.45 	0.010022 	52267 
737.95 	0.010022 	52600 
738.45 	0.010022 	52434 
738.95 	0.010022 	52434 
739.45 	0.010022 	52600 
739.95 	0.010022 	52434 
740.45 	0.010022 	52600 
740.95 	0.010022 	52434 
741.45 	0.010022 	52434 
741.95 	0.010022 	52434 
742.45 	0.010022 	52434 
742.95 	0.010022 	52600 
743.45 	0.010022 	52434 
743.95 	0.010022 	52267 
744.45 	0.010022 	52434 
744.95 	0.010022 	52434 
745.45 	0.010022 	52267 
745.95 	0.010022 	52434 
746.45 	0.010022 	52434 
746.95 	0.010022 	52434 
747.45 	0.010022 	52434 
747.95 	0.010022 	52434 
748.45 	0.010022 	52267 
748.95 	0.010022 	52434 
749.45 	0.010022 	52434 
749.95 	0.010022 	52434 
750.45 	0.010022 	52434 
750.95 	0.010022 	52434 
751.45 	0.010022 	52434 
751.95 	0.010022 	52600 
752.45 	0.010022 	52267 
752.95 	0.010022 	52434 
753.45 	0.010022 	52434 
753.95 	0.010022 	52434 
754.45 	0.010022 	52434 
754.95 	0.010022 	52434 
755.45 	0.010022 	52267 
755.95 	0.010022 	52434 
756.45 	0.010022 	52434 
756.95 	0.010022 	52434 
757.45 	0.010022 	52434 
757.95 	0.010022 	52267 
758.45 	0.010022 	52600 
758.95 	0.010022 	52434 
759.45 	0.010022 	52434 
759.95 	0.010022 	52600 
760.45 	0.010022 	52434 
760.95 	0.010022 	52267 
761.45 	0.010022 	52434 
761.95 	0.010022 	52434 
762.45 	0.010022 	52434 
762.95 	0.010022 	52600 
763.45 	0.010022 	52434 
763.95 	0.010022 	52434 
764.45 	0.010022 	52600 
764.95 	0.010022 	52267 
765.45 	0.010022 	52434 
765.95 	0.010022 	52600 
766.45 	0.010022 	52434 
766.95 	0.010022 	52434 
767.45 	0.010022 	52434 
767.95 	0.010022 	52434 
768.45 	0.010022 	52434 
768.95 	0.010022 	52267 
769.45 	0.010022 	52600 
769.95 	0.010022 	52434 
770.45 	0.010022 	52434 
770.95 	0.010022 	52434 
771.45 	0.010022 	52267 
771.95 	0.010022 	52267 
772.45 	0.010022 	52600 
772.95 	0.010022 	52434 
773.45 	0.010022 	52434 
773.95 	0.010022 	52434 
774.45 	0.010022 	52267 
774.95 	0.010022 	52600 
775.45 	0.010022 	52434 
775.95 	0.010022 	52267 
776.45 	0.010022 	52600 
776.95 	0.010022 	52434 
777.45 	0.010022 	52434 
777.95 	0.010022 	52434 
778.45 	0.010022 	52434 
778.95 	0.010022 	52600 
779.45 	0.010022 	53266 
779.80 	0.010022 	53932 
780.13 	0.010022 	54598 
780.48 	0.010022 	55264 
780.85 	0.010022 	55929 
781.15 	0.010022 	56595 
781.52 	0.010022 	57261 
781.85 	0.010022 	57927 
782.20 	0.010022 	58593 
782.57 	0.010022 	59259 
782.88 	0.010022 	59924 
783.23 	0.010022 	60590 
783.57 	0.010022 	61256 
783.90 	0.010022 	61922 
784.25 	0.010022 	62588 
784.55 	0.010022 	63254 
784.90 	0.010022 	63919 
785.27 	0.010022 	64585 
785.62 	0.010022 	65251 
785.92 	0.010022 	65917 
786.30 	0.010022 	66583 
786.58 	0.010022 	67249 
786.97 	0.010022 	67914 
787.28 	0.010022 	68580 
787.63 	0.010022 	69246 
787.93 	0.010022 	69912 
788.30 	0.010022 	70578 
788.63 	0.010022 	71244 
788.97 	0.010022 	71909 
789.32 	0.010022 	72575 
789.65 	0.010022 	73241 
790.02 	0.010022 	73907 
790.33 	0.010022 	74573 
790.65 	0.010022 	75238 
791.00 	0.010022 	75904 
791.38 	0.010022 	76570 
791.68 	0.010022 	77236 
792.05 	0.010022 	77902 
792.35 	0.010022 	78568 
792.73 	0.010022 	79233 
793.05 	0.010022 	79899 
793.38 	0.010022 	80565 
793.72 	0.010022 	81231 
794.02 	0.010022 	81897 
794.37 	0.010022 	82563 
794.72 	0.010022 	83228 
795.07 	0.010022 	83894 
795.40 	0.010022 	84560 
795.75 	0.010022 	85226 
796.03 	0.010022 	85892 
796.43 	0.010022 	86558 
796.77 	0.010022 	87223 
797.10 	0.010022 	87889 
797.45 	0.010022 	88555 
797.80 	0.010022 	89221 
798.08 	0.010022 	89887 
798.45 	0.010022 	90552 
798.77 	0.010022 	91218 
799.12 	0.010022 	91884 
799.48 	0.010022 	92550 
799.80 	0.010022 	93216 
800.17 	0.010022 	93882 
800.47 	0.010022 	94547 
800.83 	0.010022 	95213 
801.15 	0.010022 	95879 
801.48 	0.010022 	96545 
801.82 	0.010022 	97211 
802.15 	0.010022 	97877 
802.52 	0.010022 	98542 
802.83 	0.010022 	99208 
803.18 	0.010022 	99874 
803.53 	0.010022 	100540 
803.87 	0.010022 	101210 
804.18 	0.010022 	101870 
804.53 	0.010022 	102540 
804.85 	0.010022 	103200 
805.22 	0.010022 	103870 
805.57 	0.010022 	104530 
805.87 	0.010022 	105200 
806.23 	0.010022 	105870 
806.55 	0.010022 	106530 
806.87 	0.010022 	107200 
807.22 	0.010022 	107860 
807.57 	0.010022 	108530 
807.90 	0.010022 	109200 
808.27 	0.010022 	109860 
808.58 	0.010022 	110530 
808.92 	0.010022 	111190 
809.25 	0.010022 	111860 
809.60 	0.010022 	112520 
809.92 	0.010022 	113190 
810.27 	0.010022 	113860 
810.62 	0.010022 	114520 
810.98 	0.010022 	115190 
811.30 	0.010022 	115850 
811.62 	0.010022 	116520 
811.95 	0.010022 	117190 
812.32 	0.010022 	117850 
812.63 	0.010022 	118520 
812.98 	0.010022 	119180 
813.33 	0.010022 	119850 
813.65 	0.010022 	120510 
813.97 	0.010022 	121180 
814.30 	0.010022 	121850 
814.68 	0.010022 	122510 
814.97 	0.010022 	123180 
815.35 	0.010022 	123840 
815.70 	0.010022 	124510 
816.05 	0.010022 	125180 
816.33 	0.010022 	125840 
816.68 	0.010022 	126510 
817.05 	0.010022 	127170 
817.37 	0.010022 	127840 
817.85 	0.010022 	128840 
818.35 	0.010022 	129670 
818.83 	0.010022 	130670 
819.30 	0.010022 	131670 
819.80 	0.010022 	132500 
820.25 	0.010022 	133500 
820.75 	0.010022 	134500 
821.23 	0.010022 	135500 
821.73 	0.010022 	136330 
822.18 	0.010022 	137330 
822.68 	0.010022 	138160 
823.08 	0.010022 	139160 
823.58 	0.010022 	139990 
824.07 	0.010022 	140990 
824.53 	0.010022 	141990 
825.03 	0.010022 	142820 
825.45 	0.010022 	143820 
825.95 	0.010022 	144650 
826.38 	0.010022 	145650 
826.88 	0.010022 	146480 
827.28 	0.010022 	147480 
827.78 	0.010022 	148150 
828.18 	0.010022 	149150 
828.68 	0.010022 	150140 
829.18 	0.010022 	151140 
829.68 	0.010022 	151980 
830.10 	0.010022 	152970 
830.60 	0.010022 	153810 
831.08 	0.010022 	154800 
831.58 	0.010022 	155800 
832.07 	0.010022 	156800 
832.57 	0.010022 	157800 
833.07 	0.010022 	158630 
833.55 	0.010022 	159630 
834.02 	0.010022 	160630 
834.52 	0.010022 	161460 
834.93 	0.010022 	162460 
835.43 	0.010022 	163290 
835.90 	0.010022 	164290 
836.38 	0.010022 	165290 
836.88 	0.010022 	166120 
837.32 	0.010022 	167120 
837.82 	0.010022 	168120 
838.32 	0.010022 	168950 
838.75 	0.010022 	169950 
839.25 	0.010022 	170780 
839.75 	0.010022 	171780 
840.25 	0.010022 	172780 
840.75 	0.010022 	173780 
841.25 	0.010022 	174780 
841.75 	0.010022 	175780 
842.25 	0.010022 	176780 
842.75 	0.010022 	177780 
843.25 	0.010022 	178770 
843.75 	0.010022 	179770 
844.25 	0.010022 	180770 
844.75 	0.010022 	181770 
845.25 	0.010022 	182600 
845.75 	0.010022 	183600 
846.25 	0.010022 	184600 
846.75 	0.010022 	185600 
847.25 	0.010022 	186600 
847.75 	0.010022 	187600 
848.25 	0.010022 	188600 
848.75 	0.010022 	189590 
849.25 	0.010022 	190590 
849.75 	0.010022 	191430 
850.25 	0.010022 	192420 
850.75 	0.010022 	193420 
851.25 	0.010022 	194590 
851.75 	0.010022 	195420 
852.25 	0.010022 	196420 
852.75 	0.010022 	197420 
853.25 	0.010022 	198420 
853.75 	0.010022 	199420 
854.25 	0.010022 	200410 
854.75 	0.010022 	201410 
855.25 	0.010022 	202410 
855.75 	0.010022 	203240 
856.25 	0.010022 	204240 
856.75 	0.010022 	205240 
857.25 	0.010022 	206410 
857.75 	0.010022 	207240 
858.25 	0.010022 	208240 
858.75 	0.010022 	209240 
859.25 	0.010022 	210230 
859.75 	0.010022 	211230 
860.25 	0.010022 	212230 
860.75 	0.010022 	213060 
861.25 	0.010022 	214230 
861.75 	0.010022 	215230 
862.25 	0.010022 	216230 
862.75 	0.010022 	217060 
863.25 	0.010022 	218060 
863.75 	0.010022 	219060 
864.25 	0.010022 	220060 
864.75 	0.010022 	221050 
865.25 	0.010022 	222050 
865.75 	0.010022 	223050 
866.25 	0.010022 	224050 
866.75 	0.010022 	224880 
867.25 	0.010022 	225880 
867.75 	0.010022 	226880 
868.25 	0.010022 	228050 
868.75 	0.010022 	228880 
869.25 	0.010022 	229880 
869.75 	0.010022 	230880 
870.25 	0.010022 	231870 
870.75 	0.010022 	232870 
871.25 	0.010022 	233870 
871.75 	0.010022 	234870 
872.25 	0.010022 	235700 
872.75 	0.010022 	236700 
873.25 	0.010022 	237700 
873.75 	0.010022 	238700 
874.25 	0.010022 	239860 
874.75 	0.010022 	240860 
875.25 	0.010022 	241700 
875.75 	0.010022 	242690 
876.25 	0.010022 	243690 
876.75 	0.010022 	244690 
877.25 	0.010022 	245520 
877.75 	0.010022 	246520 
878.25 	0.010022 	247520 
878.75 	0.010022 	248520 
879.25 	0.010022 	249520 
879.75 	0.010022 	250520 
880.25 	0.010022 	251520 
880.75 	0.010022 	252510 
881.25 	0.010022 	253510 
881.75 	0.010022 	254510 
882.25 	0.010022 	255510 
882.75 	0.010022 	256510 
883.25 	0.010022 	257510 
883.75 	0.010022 	258340 
884.25 	0.010022 	259340 
884.75 	0.010022 	260340 
885.25 	0.010022 	261500 
885.75 	0.010022 	262340 
886.25 	0.010022 	263330 
886.75 	0.010022 	264330 
887.25 	0.010022 	265330 
887.75 	0.010022 	266330 
888.25 	0.010022 	267330 
888.75 	0.010022 	268330 
889.25 	0.010022 	269160 
889.75 	0.010022 	270160 
890.25 	0.010022 	271160 
890.75 	0.010022 	272320 
891.25 	0.010022 	273160 
891.75 	0.010022 	274150 
892.25 	0.010022 	275150 
892.75 	0.010022 	276150 
893.25 	0.010022 	277150 
893.75 	0.010022 	278150 
894.25 	0.010022 	279150 
894.75 	0.010022 	280150 
895.25 	0.010022 	281150 
895.75 	0.010022 	281980 
896.25 	0.010022 	282980 
896.75 	0.010022 	283980 
897.25 	0.010022 	284970 
897.75 	0.010022 	285970 
898.25 	0.010022 	286970 
898.75 	0.010022 	287970 
899.25 	0.010022 	288970 
899.75 	0.010022 	289970 
900.25 	0.010022 	290970 
900.75 	0.010022 	291970 
901.25 	0.010022 	292800 
901.75 	0.010022 	293800 
902.25 	0.010022 	294790 
902.75 	0.010022 	295790 
903.25 	0.010022 	296790 
903.75 	0.010022 	297790 
904.25 	0.010022 	298790 
904.75 	0.010022 	299790 
905.25 	0.010022 	300620 
905.75 	0.010022 	301790 
906.25 	0.010022 	302620 
906.75 	0.010022 	303780 
907.25 	0.010022 	304620 
907.75 	0.010022 	305610 
908.25 	0.010022 	306610 
908.75 	0.010022 	307610 
909.25 	0.010022 	308610 
909.75 	0.010022 	309610 
910.25 	0.010022 	310440 
910.75 	0.010022 	311610 
911.25 	0.010022 	312610 
911.75 	0.010022 	313600 
912.25 	0.010022 	314440 
912.75 	0.010022 	315440 
913.25 	0.010022 	316430 
913.75 	0.010022 	317430 
914.25 	0.010022 	318600 
914.75 	0.010022 	319430 
915.25 	0.010022 	320430 
915.75 	0.010022 	321430 
916.25 	0.010022 	322430 
916.75 	0.010022 	323430 
917.25 	0.010022 	324420 
917.75 	0.010022 	325260 
918.25 	0.010022 	326260 
918.75 	0.010022 	327250 
919.25 	0.010022 	328250 
919.75 	0.010022 	329250 
920.25 	0.010022 	330250 
920.75 	0.010022 	331250 
921.25 	0.010022 	332250 
921.75 	0.010022 	333250 
922.25 	0.010022 	334250 
922.75 	0.010022 	335240 
923.25 	0.010022 	336080 
923.75 	0.010022 	337070 
924.25 	0.010022 	338070 
924.75 	0.010022 	339070 
925.25 	0.010022 	340070 
925.75 	0.010022 	341070 
926.25 	0.010022 	342070 
926.75 	0.010022 	343070 
927.25 	0.010022 	344070 
927.75 	0.010022 	344900 
928.25 	0.010022 	346060 
928.75 	0.010022 	347060 
929.25 	0.010022 	347890 
929.75 	0.010022 	348890 
930.25 	0.010022 	349890 
930.75 	0.010022 	350890 
931.25 	0.010022 	351720 
931.75 	0.010022 	352890 
932.25 	0.010022 	353890 
932.75 	0.010022 	354890 
933.25 	0.010022 	355880 
933.75 	0.010022 	356880 
934.25 	0.010022 	357720 
934.75 	0.010022 	358710 
935.25 	0.010022 	359710 
935.75 	0.010022 	360710 
936.25 	0.010022 	361710 
936.75 	0.010022 	362710 
937.25 	0.010022 	363710 
937.75 	0.010022 	364540 
938.25 	0.010022 	365710 
938.75 	0.010022 	366700 
939.25 	0.010022 	367700 
939.75 	0.010022 	368540 
940.25 	0.010022 	369530 
940.75 	0.010022 	370530 
941.25 	0.010022 	371530 
941.75 	0.010022 	372530 
942.25 	0.010022 	373530 
942.75 	0.010022 	374530 
943.25 	0.010022 	375530 
943.75 	0.010022 	376530 
944.25 	0.010022 	377520 
944.75 	0.010022 	378520 
945.25 	0.010022 	379350 
945.75 	0.010022 	380350 
946.25 	0.010022 	381520 
946.75 	0.010022 	382350 
947.25 	0.010022 	383350 
947.75 	0.010022 	384350 
948.25 	0.010022 	385350 
948.75 	0.010022 	386350 
949.25 	0.010022 	387340 
949.75 	0.010022 	388340 
950.25 	0.010022 	389340 
950.75 	0.010022 	390170 
951.25 	0.010022 	391170 
951.75 	0.010022 	392340 
952.25 	0.010022 	393170 
952.75 	0.010022 	394170 
953.25 	0.010022 	395170 
953.75 	0.010022 	396170 
954.25 	0.010022 	397170 
954.75 	0.010022 	398000 
955.25 	0.010022 	399160 
955.75 	0.010022 	400000 
956.25 	0.010022 	400990 
956.75 	0.010022 	402160 
957.25 	0.010022 	402990 
957.75 	0.010022 	403990 
958.25 	0.010022 	404990 
958.75 	0.010022 	405990 
959.25 	0.010022 	406990 
959.75 	0.010022 	407990 
960.25 	0.010022 	408980 
960.75 	0.010022 	409980 
961.25 	0.010022 	410980 
961.75 	0.010022 	411980 
962.25 	0.010022 	412810 
962.75 	0.010022 	413980 
963.25 	0.010022 	414810 
963.75 	0.010022 	415810 
964.25 	0.010022 	416810 
964.75 	0.010022 	417810 
965.25 	0.010022 	418810 
965.75 	0.010022 	419800 
966.25 	0.010022 	420800 
966.75 	0.010022 	421800 
967.25 	0.010022 	422630 
967.75 	0.010022 	423630 
968.25 	0.010022 	424630 
968.75 	0.010022 	425630 
969.25 	0.010022 	426630 
969.75 	0.010022 	427630 
970.25 	0.010022 	428630 
970.75 	0.010022 	429620 
971.25 	0.010022 	430620 
971.75 	0.010022 	431620 
972.25 	0.010022 	432620 
972.75 	0.010022 	433620 
973.25 	0.010022 	434620 
973.75 	0.010022 	435450 
974.25 	0.010022 	436450 
974.75 	0.010022 	437450 
975.25 	0.010022 	438450 
975.75 	0.010022 	439450 
976.25 	0.010022 	440440 
976.75 	0.010022 	441280 
977.25 	0.010022 	442440 
977.75 	0.010022 	443440 
978.25 	0.010022 	444440 
978.75 	0.010022 	445270 
979.25 	0.010022 	446270 
979.75 	0.010022 	447270 
980.25 	0.010022 	448270 
980.75 	0.010022 	449270 
981.25 	0.010022 	450270 
981.75 	0.010022 	451260 
982.25 	0.010022 	452260 
982.75 	0.010022 	453260 
983.25 	0.010022 	454260 
983.75 	0.010022 	455260 
984.25 	0.010022 	456090 
984.75 	0.010022 	457260 
985.25 	0.010022 	458090 
985.75 	0.010022 	459090 
986.25 	0.010022 	460090 
986.75 	0.010022 	461090 
987.25 	0.010022 	462080 
987.75 	0.010022 	463080 
988.25 	0.010022 	464080 
988.75 	0.010022 	465080 
989.25 	0.010022 	465910 
989.75 	0.010022 	466910 
990.25 	0.010022 	468080 
990.75 	0.010022 	468910 
991.25 	0.010022 	469910 
991.75 	0.010022 	470910 
992.25 	0.010022 	471900 
992.75 	0.010022 	472900 
993.25 	0.010022 	473900 
993.75 	0.010022 	474900 
994.25 	0.010022 	475900 
994.75 	0.010022 	476900 
995.25 	0.010022 	477730 
995.75 	0.010022 	478730 
996.25 	0.010022 	479730 
996.75 	0.010022 	480730 
997.25 	0.010022 	481730 
997.75 	0.010022 	482720 
998.25 	0.010022 	483720 
998.75 	0.010022 	484720 
999.25 	0.010022 	485720 
999.75 	0.010022 	486720 
1000.3 	0.010022 	487720 
1000.8 	0.010022 	488550 
1001.3 	0.010022 	489550 
1001.8 	0.010022 	490710 
1002.3 	0.010022 	491550 
1002.8 	0.010022 	492550 
1003.3 	0.010022 	493540 
1003.8 	0.010022 	494540 
1004.3 	0.010022 	495540 
1004.8 	0.010022 	496540 
1005.3 	0.010022 	497540 
1005.8 	0.010022 	498540 
1006.3 	0.010022 	499370 
1006.8 	0.010022 	500370 
1007.3 	0.010022 	501370 
1007.8 	0.010022 	502370 
1008.3 	0.010022 	503530 
1008.8 	0.010022 	504360 
1009.3 	0.010022 	505360 
1009.8 	0.010022 	506360 
1010.3 	0.010022 	507360 
1010.8 	0.010022 	508360 
1011.3 	0.010022 	509190 
1011.8 	0.010022 	510190 
1012.3 	0.010022 	511360 
1012.8 	0.010022 	512190 
1013.3 	0.010022 	513190 
1013.8 	0.010022 	514180 
1014.3 	0.010022 	515180 
1014.8 	0.010022 	516020 
1015.3 	0.010022 	517010 
1015.8 	0.010022 	518010 
1016.3 	0.010022 	519180 
1016.8 	0.010022 	520180 
1017.3 	0.010022 	521010 
1017.8 	0.010022 	522010 
1018.3 	0.010022 	523010 
1018.8 	0.010022 	524010 
1019.3 	0.010022 	525000 
1019.8 	0.010022 	526000 
1020.3 	0.010022 	527000 
1020.8 	0.010022 	527830 
1021.3 	0.010022 	529000 
1021.8 	0.010022 	530000 
1022.3 	0.010022 	531000 
1022.8 	0.010022 	531830 
1023.3 	0.010022 	532830 
1023.8 	0.010022 	533830 
1024.3 	0.010022 	534830 
1024.8 	0.010022 	535820 
1025.3 	0.010022 	536820 
1025.8 	0.010022 	537820 
1026.3 	0.010022 	538820 
1026.8 	0.010022 	539820 
1027.3 	0.010022 	540820 
1027.8 	0.010022 	541820 
1028.3 	0.010022 	542820 
1028.8 	0.010022 	543650 
1029.3 	0.010022 	544650 
1029.8 	0.010022 	545650 
1030.3 	0.010022 	546640 
1030.8 	0.010022 	547640 
1031.3 	0.010022 	548640 
1031.8 	0.010022 	549640 
1032.3 	0.010022 	550640 
1032.8 	0.010022 	551640 
1033.3 	0.010022 	552470 
1033.8 	0.010022 	553640 
1034.3 	0.010022 	554630 
1034.8 	0.010022 	555300 
1035.3 	0.010022 	556630 
1035.8 	0.010022 	557460 
1036.3 	0.010022 	558460 
1036.8 	0.010022 	559460 
1037.3 	0.010022 	560460 
1037.8 	0.010022 	561290 
1038.3 	0.010022 	562460 
1038.8 	0.010022 	563290 
1039.3 	0.010022 	564450 
1039.8 	0.010022 	565290 
1040.3 	0.010022 	566290 
1040.8 	0.010022 	566120 
1041.3 	0.010022 	568280 
1041.8 	0.010022 	569280 
1042.3 	0.010022 	570280 
1042.8 	0.010022 	571280 
1043.3 	0.010022 	572280 
1043.8 	0.010022 	573280 
1044.3 	0.010022 	574110 
1044.8 	0.010022 	575110 
1045.3 	0.010022 	576110 
1045.8 	0.010022 	577110 
1046.3 	0.010022 	578100 
1046.8 	0.010022 	579100 
1047.3 	0.010022 	580100 
1047.8 	0.010022 	581100 
1048.3 	0.010022 	582100 
1048.8 	0.010022 	582930 
1049.3 	0.010022 	584100 
1049.8 	0.010022 	585100 
1050.3 	0.010022 	585930 
1050.8 	0.010022 	586930 
1051.3 	0.010022 	587930 
1051.8 	0.010022 	588920 
1052.3 	0.010022 	589920 
1052.8 	0.010022 	590920 
1053.3 	0.010022 	591920 
1053.8 	0.010022 	592920 
1054.3 	0.010022 	593920 
1054.8 	0.010022 	594920 
1055.3 	0.010022 	595750 
1055.8 	0.010022 	596750 
1056.3 	0.010022 	597750 
1056.8 	0.010022 	598750 
1057.3 	0.010022 	599740 
1057.8 	0.010022 	600740 
1058.3 	0.010022 	601740 
1058.8 	0.010022 	602740 
1059.3 	0.010022 	603570 
1059.8 	0.010022 	604570 
1060.3 	0.010022 	605570 
1060.8 	0.010022 	606570 
1061.3 	0.010022 	607570 
1061.8 	0.010022 	608570 
1062.3 	0.010022 	609730 
1062.8 	0.010022 	610560 
1063.3 	0.010022 	611560 
1063.8 	0.010022 	612560 
1064.3 	0.010022 	613560 
1064.8 	0.010022 	614560 
1065.3 	0.010022 	615560 
1065.8 	0.010022 	616390 
1066.3 	0.010022 	617390 
1066.8 	0.010022 	618390 
1067.3 	0.010022 	619390 
1067.8 	0.010022 	620380 
1068.3 	0.010022 	621380 
1068.8 	0.010022 	622380 
1069.3 	0.010022 	623380 
1069.8 	0.010022 	624380 
1070.3 	0.010022 	625380 
1070.8 	0.010022 	626380 
1071.3 	0.010022 	627380 
1071.8 	0.010022 	628210 
1072.3 	0.010022 	629210 
1072.8 	0.010022 	630210 
1073.3 	0.010022 	631200 
1073.8 	0.010022 	632200 
1074.3 	0.010022 	633200 
1074.8 	0.010022 	634200 
1075.3 	0.010022 	635200 
1075.8 	0.010022 	636200 
1076.3 	0.010022 	637200 
1076.8 	0.010022 	638030 
1077.3 	0.010022 	639190 
1077.8 	0.010022 	640030 
1078.3 	0.010022 	641030 
1078.8 	0.010022 	641860 
1079.3 	0.010022 	643020 
1079.8 	0.010022 	644020 
1080.3 	0.010022 	645020 
1080.8 	0.010022 	646020 
1081.3 	0.010022 	647020 
1081.8 	0.010022 	648020 
1082.3 	0.010022 	648850 
1082.8 	0.010022 	649850 
1083.3 	0.010022 	650850 
1083.8 	0.010022 	651840 
1084.3 	0.010022 	652840 
1084.8 	0.010022 	653840 
1085.3 	0.010022 	654840 
1085.8 	0.010022 	655840 
1086.3 	0.010022 	656840 
1086.8 	0.010022 	657840 
1087.3 	0.010022 	658840 
1087.8 	0.010022 	659670 
1088.3 	0.010022 	660670 
1088.8 	0.010022 	661670 
1089.3 	0.010022 	662660 
1089.8 	0.010022 	663660 
1090.3 	0.010022 	664660 
1090.8 	0.010022 	665490 
1091.3 	0.010022 	666660 
1091.8 	0.010022 	667660 
1092.3 	0.010022 	668660 
1092.8 	0.010022 	669490 
1093.3 	0.010022 	670490 
1093.8 	0.010022 	671490 
1094.3 	0.010022 	672490 
1094.8 	0.010022 	673480 
1095.3 	0.010022 	674480 
1095.8 	0.010022 	675480 
1096.3 	0.010022 	676480 
1096.8 	0.010022 	677480 
1097.3 	0.010022 	678310 
1097.8 	0.010022 	679480 
1098.3 	0.010022 	680480 
1098.8 	0.010022 	681310 
1099.3 	0.010022 	682310 
1099.8 	0.010022 	683470 
1100.3 	0.010022 	684300 
1100.8 	0.010022 	685300 
1101.3 	0.010022 	686300 
1101.8 	0.010022 	687300 
1102.3 	0.010022 	688300 
1102.8 	0.010022 	689130 
1103.3 	0.010022 	690300 
1103.8 	0.010022 	691130 
1104.3 	0.010022 	692130 
1104.8 	0.010022 	693130 
1105.3 	0.010022 	694120 
1105.8 	0.010022 	695120 
1106.3 	0.010022 	696120 
1106.8 	0.010022 	697120 
1107.3 	0.010022 	698120 
1107.8 	0.010022 	699120 
1108.3 	0.010022 	700120 
1108.8 	0.010022 	701120 
1109.3 	0.010022 	702110 
1109.8 	0.010022 	702950 
1110.3 	0.010022 	703950 
1110.8 	0.010022 	704940 
1111.3 	0.010022 	705940 
1111.8 	0.010022 	706940 
1112.3 	0.010022 	707940 
1112.8 	0.010022 	708940 
1113.3 	0.010022 	709940 
1113.8 	0.010022 	710770 
1114.3 	0.010022 	711940 
1114.8 	0.010022 	712930 
1115.3 	0.010022 	713930 
1115.8 	0.010022 	714930 
1116.3 	0.010022 	715930 
1116.8 	0.010022 	716760 
1117.3 	0.010022 	717760 
1117.8 	0.010022 	718590 
1118.3 	0.010022 	719760 
1118.8 	0.010022 	720760 
1119.3 	0.010022 	721760 
1119.8 	0.010022 	722760 
1120.3 	0.010022 	723590 
1120.8 	0.010022 	724750 
1121.3 	0.010022 	725590 
1121.8 	0.010022 	726580 
1122.3 	0.010022 	727580 
1122.8 	0.010022 	728580 
1123.3 	0.010022 	729580 
1123.8 	0.010022 	730580 
1124.3 	0.010022 	731580 
1124.8 	0.010022 	732580 
1125.3 	0.010022 	733410 
1125.8 	0.010022 	734410 
1126.3 	0.010022 	735570 
1126.8 	0.010022 	736400 
1127.3 	0.010022 	737400 
1127.8 	0.010022 	738400 
1128.3 	0.010022 	739400 
1128.8 	0.010022 	740400 
1129.3 	0.010022 	741400 
1129.8 	0.010022 	742400 
1130.3 	0.010022 	743400 
1130.8 	0.010022 	744230 
1131.3 	0.010022 	745390 
1131.8 	0.010022 	746230 
1132.3 	0.010022 	747220 
1132.8 	0.010022 	748220 
1133.3 	0.010022 	749390 
1133.8 	0.010022 	750220 
1134.3 	0.010022 	751220 
1134.8 	0.010022 	752220 
1135.3 	0.010022 	753220 
1135.8 	0.010022 	754220 
1136.3 	0.010022 	755050 
1136.8 	0.010022 	756210 
1137.3 	0.010022 	757050 
1137.8 	0.010022 	758040 
1138.3 	0.010022 	759040 
1138.8 	0.010022 	760210 
1139.3 	0.010022 	761040 
1139.8 	0.010022 	762040 
1140.3 	0.010022 	763040 
1140.8 	0.010022 	764040 
1141.3 	0.010022 	765040 
1141.8 	0.010022 	766030 
1142.3 	0.010022 	766870 
1142.8 	0.010022 	767870 
1143.3 	0.010022 	768860 
1143.8 	0.010022 	769860 
1144.3 	0.010022 	770860 
1144.8 	0.010022 	771860 
1145.3 	0.010022 	772860 
1145.8 	0.010022 	773860 
1146.3 	0.010022 	774860 
1146.8 	0.010022 	775860 
1147.3 	0.010022 	776690 
1147.8 	0.010022 	777850 
1148.3 	0.010022 	778680 
1148.8 	0.010022 	779850 
1149.3 	0.010022 	780680 
1149.8 	0.010022 	781680 
1150.3 	0.010022 	782680 
1150.8 	0.010022 	783680 
1151.3 	0.010022 	784680 
1151.8 	0.010022 	785680 
1152.3 	0.010022 	786510 
1152.8 	0.010022 	787510 
1153.3 	0.010022 	788670 
1153.8 	0.010022 	789670 
1154.3 	0.010022 	790500 
1154.8 	0.010022 	791500 
1155.3 	0.010022 	792500 
1155.8 	0.010022 	793500 
1156.3 	0.010022 	794330 
1156.8 	0.010022 	795500 
1157.3 	0.010022 	796330 
1157.8 	0.010022 	797490 
1158.3 	0.010022 	798490 
1158.8 	0.010022 	799490 
1159.3 	0.010022 	800490 
1159.8 	0.010022 	801320 
1160.3 	0.010022 	802490 
1160.8 	0.010022 	803320 
1161.3 	0.010022 	804320 
1161.8 	0.010022 	805320 
1162.3 	0.010022 	806320 
1162.8 	0.010022 	807150 
1163.3 	0.010022 	808310 
1163.8 	0.010022 	809310 
1164.3 	0.010022 	810150 
1164.8 	0.010022 	811310 
1165.3 	0.010022 	812140 
1165.8 	0.010022 	813140 
1166.3 	0.010022 	814140 
1166.8 	0.010022 	815140 
1167.3 	0.010022 	816140 
1167.8 	0.010022 	817140 
1168.3 	0.010022 	818140 
1168.8 	0.010022 	818970 
1169.3 	0.010022 	820130 
1169.8 	0.010022 	821130 
1170.3 	0.010022 	822130 
1170.8 	0.010022 	822960 
1171.3 	0.010022 	823960 
1171.8 	0.010022 	824960 
1172.3 	0.010022 	825960 
1172.8 	0.010022 	826960 
1173.3 	0.010022 	827960 
1173.8 	0.010022 	828950 
1174.3 	0.010022 	829950 
1174.8 	0.010022 	830950 
1175.3 	0.010022 	831780 
1175.8 	0.010022 	832780 
1176.3 	0.010022 	833780 
1176.8 	0.010022 	834780 
1177.3 	0.010022 	835780 
1177.8 	0.010022 	836780 
1178.3 	0.010022 	837780 
1178.8 	0.010022 	838780 
1179.3 	0.010022 	839770 
1179.8 	0.010022 	840770 
1180.3 	0.010022 	841770 
1180.8 	0.010022 	842600 
1181.3 	0.010022 	843770 
1181.8 	0.010022 	844600 
1182.3 	0.010022 	845600 
1182.8 	0.010022 	846600 
1183.3 	0.010022 	847600 
1183.8 	0.010022 	848600 
1184.3 	0.010022 	849600 
1184.8 	0.010022 	850590 
1185.3 	0.010022 	851430 
1185.8 	0.010022 	852590 
1186.3 	0.010022 	853420 
1186.8 	0.010022 	854420 
1187.3 	0.010022 	855420 
1187.8 	0.010022 	856420 
1188.3 	0.010022 	857420 
1188.8 	0.010022 	858420 
1189.3 	0.010022 	859420 
1189.8 	0.010022 	860250 
1190.3 	0.010022 	861250 
1190.8 	0.010022 	862410 
1191.3 	0.010022 	863410 
1191.8 	0.010022 	864240 
1192.3 	0.010022 	865240 
1192.8 	0.010022 	866240 
1193.3 	0.010022 	867240 
1193.8 	0.010022 	868240 
1194.3 	0.010022 	869240 
1194.8 	0.010022 	870240 
1195.3 	0.010022 	871230 
1195.8 	0.010022 	872230 
1196.3 	0.010022 	873230 
1196.8 	0.010022 	874060 
1197.3 	0.010022 	875060 
1197.8 	0.010022 	876060 
1198.3 	0.010022 	877060 
1198.8 	0.010022 	878060 
1199.3 	0.010022 	879060 
1199.8 	0.010022 	880060 
1200.3 	0.010022 	881060 
1200.8 	0.010022 	881890 
1201.3 	0.010022 	883050 
1201.8 	0.010022 	883890 
1202.3 	0.010022 	885050 
1202.8 	0.010022 	885880 
1203.3 	0.010022 	886880 
1203.8 	0.010022 	887880 
1204.3 	0.010022 	888880 
1204.8 	0.010022 	889880 
1205.3 	0.010022 	890880 
1205.8 	0.010022 	891880 
1206.3 	0.010022 	892710 
1206.8 	0.010022 	893870 
1207.3 	0.010022 	894870 
1207.8 	0.010022 	895700 
1208.3 	0.010022 	896700 
1208.8 	0.010022 	897700 
1209.3 	0.010022 	898700 
1209.8 	0.010022 	899700 
1210.3 	0.010022 	900700 
1210.8 	0.010022 	901700 
1211.3 	0.010022 	902700 
1211.8 	0.010022 	903690 
1212.3 	0.010022 	904690 
1212.8 	0.010022 	905520 
1213.3 	0.010022 	906690 
1213.8 	0.010022 	907520 
1214.3 	0.010022 	908520 
1214.8 	0.010022 	909520 
1215.3 	0.010022 	910520 
1215.8 	0.010022 	911520 
1216.3 	0.010022 	912520 
1216.8 	0.010022 	913350 
1217.3 	0.010022 	914350 
1217.8 	0.010022 	915350 
1218.3 	0.010022 	916510 
1218.8 	0.010022 	917340 
1219.3 	0.010022 	918510 
1219.8 	0.010022 	919510 
1220.3 	0.010022 	920340 
1220.8 	0.010022 	921340 
1221.3 	0.010022 	922340 
1221.8 	0.010022 	923340 
1222.3 	0.010022 	924330 
1222.8 	0.010022 	925170 
1223.3 	0.010022 	926330 
1223.8 	0.010022 	927330 
1224.3 	0.010022 	928160 
1224.8 	0.010022 	929160 
1225.3 	0.010022 	930160 
1225.8 	0.010022 	931160 
1226.3 	0.010022 	932160 
1226.8 	0.010022 	933160 
1227.3 	0.010022 	934160 
1227.8 	0.010022 	934990 
1228.3 	0.010022 	935990 
1228.8 	0.010022 	937150 
1229.3 	0.010022 	937980 
1229.8 	0.010022 	938820 
1230.3 	0.010022 	939980 
1230.8 	0.010022 	940980 
1231.3 	0.010022 	941980 
1231.8 	0.010022 	942980 
1232.3 	0.010022 	943980 
1232.8 	0.010022 	944980 
1233.3 	0.010022 	945970 
1233.8 	0.010022 	946970 
1234.3 	0.010022 	947800 
1234.8 	0.010022 	948970 
1235.3 	0.010022 	949800 
1235.8 	0.010022 	950800 
1236.3 	0.010022 	951800 
1236.8 	0.010022 	952800 
1237.3 	0.010022 	953800 
1237.8 	0.010022 	954800 
1238.3 	0.010022 	955790 
1238.8 	0.010022 	956790 
1239.3 	0.010022 	957630 
1239.8 	0.010022 	958620 
1240.3 	0.010022 	959620 
1240.8 	0.010022 	960620 
1241.3 	0.010022 	961620 
1241.8 	0.010022 	962620 
1242.3 	0.010022 	963620 
1242.8 	0.010022 	964620 
1243.3 	0.010022 	965450 
1243.8 	0.010022 	966450 
1244.3 	0.010022 	967450 
1244.8 	0.010022 	968610 
1245.3 	0.010022 	969440 
1245.8 	0.010022 	970440 
1246.3 	0.010022 	971440 
1246.8 	0.010022 	972610 
1247.3 	0.010022 	973440 
1247.8 	0.010022 	974440 
1248.3 	0.010022 	975440 
1248.8 	0.010022 	976440 
1249.3 	0.010022 	977430 
1249.8 	0.010022 	978270 
1250.3 	0.010022 	979430 
1250.8 	0.010022 	980430 
1251.3 	0.010022 	981260 
1251.8 	0.010022 	982260 
1252.3 	0.010022 	983260 
1252.8 	0.010022 	984260 
1253.3 	0.010022 	985260 
1253.8 	0.010022 	986260 
1254.3 	0.010022 	987260 
1254.8 	0.010022 	988250 
1255.3 	0.010022 	989090 
1255.8 	0.010022 	990080 
1256.3 	0.010022 	990920 
1256.8 	0.010022 	992080 
1257.3 	0.010022 	993080 
1257.8 	0.010022 	994080 
1258.3 	0.010022 	994910 
1258.8 	0.010022 	995580 
1259.3 	0.010022 	996410 
1259.8 	0.010022 	997740 
1260.3 	0.010022 	998570 
1260.6 	0.010022 	990750 
1260.7 	0.010022 	950470 
1260.7 	0.010022 	640030 
