Tempo(s)	Deformação(mm)	Força(N)
0.016667 	0.00000 	332.91 
0.51667 	-0.0001068 	499.37 
1.0167 	0.00010662 	499.37 
1.5167 	0.00031985 	998.74 
2.0167 	0.00053309 	1498.1 
2.5167 	0.00085294 	1831.0 
2.9333 	0.0010662 	2496.9 
3.4333 	0.0013860 	2829.8 
3.8500 	0.0015993 	3495.6 
4.3500 	0.0019191 	3995.0 
4.8500 	0.0021324 	4494.3 
5.3500 	0.0024522 	4827.2 
5.6000 	0.0026655 	5493.1 
6.1000 	0.0029853 	5659.5 
6.4333 	0.0031985 	6325.4 
6.9333 	0.0035184 	6824.7 
7.4333 	0.0038383 	7157.6 
7.9333 	0.0040515 	7657.0 
8.4167 	0.0043713 	8322.8 
8.9167 	0.0045846 	8655.8 
9.3167 	0.0047978 	9321.6 
9.8167 	0.0051177 	9820.9 
10.317 	0.0053309 	10154 
10.817 	0.0055441 	10653 
11.317 	0.0056508 	10986 
11.817 	0.0059706 	11486 
12.317 	0.0060772 	11985 
12.817 	0.0063971 	12484 
13.150 	0.0067169 	13150 
13.650 	0.0069302 	13649 
14.050 	0.0071434 	14315 
14.550 	0.0073566 	14648 
14.917 	0.0075699 	15314 
15.417 	0.0077831 	15813 
15.917 	0.0079964 	16313 
16.417 	0.0082096 	16812 
16.917 	0.0084228 	17312 
17.417 	0.0086361 	17977 
17.917 	0.0088493 	18477 
18.417 	0.0090625 	18810 
18.917 	0.0092758 	19309 
19.400 	0.0093824 	19975 
19.900 	0.0095956 	20308 
20.400 	0.0098089 	20641 
20.900 	0.0098089 	20974 
21.400 	0.0098089 	20974 
21.900 	0.0098089 	20974 
22.400 	0.0098089 	21140 
22.900 	0.0098089 	21140 
23.400 	0.0098089 	21140 
23.900 	0.0098089 	21140 
24.400 	0.0097022 	21140 
24.900 	0.0098089 	21140 
25.400 	0.0097022 	21140 
25.900 	0.0097022 	21306 
26.400 	0.0097022 	21140 
26.900 	0.0097022 	21140 
27.400 	0.0095956 	21140 
27.900 	0.0095956 	21140 
28.400 	0.0097022 	21140 
28.900 	0.0097022 	21140 
29.400 	0.0095956 	21140 
29.900 	0.0095956 	20974 
30.400 	0.0095956 	21140 
30.900 	0.0095956 	21140 
31.400 	0.0097022 	21306 
31.900 	0.0095956 	21140 
32.400 	0.0095956 	21140 
32.900 	0.0095956 	20974 
33.400 	0.0095956 	20974 
33.900 	0.0095956 	21140 
34.400 	0.0095956 	21140 
34.900 	0.0095956 	21140 
35.400 	0.0095956 	21140 
35.900 	0.0095956 	21140 
36.400 	0.0095956 	21140 
36.900 	0.0095956 	21140 
37.400 	0.0095956 	21140 
37.900 	0.0095956 	21140 
38.400 	0.0095956 	21140 
38.900 	0.0095956 	21140 
39.400 	0.0095956 	21306 
39.900 	0.0095956 	21140 
40.400 	0.0094890 	20974 
40.900 	0.0094890 	20974 
41.400 	0.0094890 	21140 
41.900 	0.0095956 	21306 
42.400 	0.0094890 	21140 
42.900 	0.0094890 	21140 
43.400 	0.0094890 	21140 
43.900 	0.0095956 	21140 
44.400 	0.0095956 	21140 
44.900 	0.0095956 	21140 
45.400 	0.0094890 	21140 
45.900 	0.0094890 	21140 
46.400 	0.0094890 	21140 
46.900 	0.0094890 	21140 
47.400 	0.0094890 	21140 
47.900 	0.0094890 	21140 
48.400 	0.0094890 	21140 
48.900 	0.0094890 	21140 
49.400 	0.0094890 	21140 
49.900 	0.0095956 	21140 
50.400 	0.0094890 	21140 
50.900 	0.0094890 	21140 
51.400 	0.0094890 	21140 
51.900 	0.0094890 	21140 
52.400 	0.0094890 	21140 
52.900 	0.0094890 	21306 
53.400 	0.0094890 	21140 
53.900 	0.0094890 	21140 
54.400 	0.0094890 	20974 
54.900 	0.0094890 	21140 
55.400 	0.0094890 	21140 
55.900 	0.0094890 	21306 
56.400 	0.0094890 	21306 
56.900 	0.0094890 	21140 
57.400 	0.0094890 	21140 
57.900 	0.0093824 	21140 
58.400 	0.0094890 	21140 
58.900 	0.0094890 	21140 
59.400 	0.0094890 	20974 
59.900 	0.0094890 	20974 
60.400 	0.0094890 	21306 
60.900 	0.0094890 	21306 
61.400 	0.0094890 	21140 
61.900 	0.0094890 	21140 
62.400 	0.0094890 	20974 
62.900 	0.0094890 	21140 
63.400 	0.0094890 	21140 
63.900 	0.0094890 	21140 
64.400 	0.0094890 	21140 
64.900 	0.0094890 	21140 
65.400 	0.0094890 	21140 
65.900 	0.0094890 	21140 
66.400 	0.0094890 	21140 
66.900 	0.0094890 	21140 
67.400 	0.0094890 	21140 
67.900 	0.0094890 	20974 
68.400 	0.0094890 	21140 
68.900 	0.0094890 	21140 
69.400 	0.0094890 	21140 
69.900 	0.0094890 	21140 
70.400 	0.0094890 	21140 
70.900 	0.0094890 	21140 
71.400 	0.0094890 	21140 
71.900 	0.0094890 	21140 
72.400 	0.0094890 	21140 
72.900 	0.0094890 	21140 
73.400 	0.0094890 	21140 
73.900 	0.0094890 	21140 
74.400 	0.0094890 	21140 
74.900 	0.0094890 	21140 
75.400 	0.0093824 	21140 
75.900 	0.0093824 	20974 
76.400 	0.0094890 	21140 
76.900 	0.0094890 	21306 
77.400 	0.0094890 	21306 
77.900 	0.0094890 	21306 
78.400 	0.0093824 	21140 
78.900 	0.0093824 	20974 
79.400 	0.0093824 	20974 
79.900 	0.0093824 	21140 
80.400 	0.0093824 	21140 
80.900 	0.0092758 	20974 
81.400 	0.0091692 	20474 
81.900 	0.0088493 	19975 
82.367 	0.0085294 	19309 
82.867 	0.0083162 	18810 
83.333 	0.0078897 	18310 
83.833 	0.0076765 	17811 
84.300 	0.0073566 	17145 
84.800 	0.0070368 	16812 
85.300 	0.0067169 	16146 
85.800 	0.0065037 	15647 
86.267 	0.0060772 	15314 
86.750 	0.0059706 	14648 
87.250 	0.0056508 	14315 
87.750 	0.0053309 	13816 
88.250 	0.0051177 	13317 
88.750 	0.0049044 	12817 
89.250 	0.0046912 	12484 
89.750 	0.0044780 	12151 
90.250 	0.0042647 	11652 
90.633 	0.0039449 	10986 
91.133 	0.0036250 	10320 
91.633 	0.0033052 	9820.9 
92.133 	0.0030919 	9321.6 
92.600 	0.0027721 	8655.8 
93.100 	0.0025588 	8156.4 
93.600 	0.0022390 	7657.0 
94.100 	0.0020257 	7157.6 
94.600 	0.0018125 	6658.3 
95.033 	0.0017059 	5992.4 
95.533 	0.0013860 	5493.1 
96.033 	0.0011728 	5326.6 
96.250 	0.0010662 	4660.8 
96.750 	0.00085294 	4494.3 
97.250 	0.00074633 	3828.5 
97.750 	0.00053309 	3495.6 
98.150 	0.00042647 	2829.8 
98.650 	0.00031985 	2663.3 
98.950 	0.00031985 	1997.5 
99.233 	0.00074633 	1997.5 
99.317 	0.0011728 	1997.5 
99.367 	0.0015993 	1831.0 
99.433 	0.0020257 	1831.0 
99.483 	0.0024522 	1831.0 
99.550 	0.0029853 	1831.0 
99.617 	0.0034118 	1664.6 
99.683 	0.0038383 	1664.6 
99.983 	0.0034118 	1498.1 
100.03 	0.0029853 	1664.6 
100.07 	0.0024522 	1664.6 
100.12 	0.0020257 	1664.6 
100.20 	0.0015993 	1331.7 
100.33 	0.0011728 	1498.1 
100.63 	0.00074633 	1498.1 
101.13 	0.00063971 	1331.7 
101.63 	0.00053309 	1331.7 
102.13 	0.00063971 	1331.7 
102.63 	0.00095956 	1165.2 
103.12 	0.0013860 	1165.2 
103.62 	0.0015993 	1165.2 
104.12 	0.0018125 	1165.2 
104.62 	0.0017059 	1165.2 
105.12 	0.0017059 	1165.2 
105.62 	0.0017059 	1165.2 
106.12 	0.0017059 	1165.2 
106.62 	0.0018125 	1165.2 
107.12 	0.0019191 	1165.2 
107.62 	0.0019191 	1165.2 
108.12 	0.0019191 	1165.2 
108.62 	0.0019191 	1165.2 
109.12 	0.0019191 	1165.2 
109.62 	0.0019191 	1165.2 
110.12 	0.0019191 	1165.2 
110.62 	0.0019191 	1331.7 
111.12 	0.0019191 	998.74 
111.62 	0.0020257 	1331.7 
112.12 	0.0019191 	998.74 
112.62 	0.0019191 	1165.2 
113.12 	0.0019191 	1165.2 
113.62 	0.0019191 	1165.2 
114.12 	0.0018125 	998.74 
114.62 	0.0018125 	1331.7 
115.12 	0.0019191 	1165.2 
115.62 	0.0019191 	1165.2 
116.12 	0.0019191 	1165.2 
116.62 	0.0019191 	1165.2 
117.12 	0.0018125 	1165.2 
117.62 	0.0019191 	1165.2 
118.12 	0.0019191 	1165.2 
118.62 	0.0019191 	1165.2 
119.12 	0.0019191 	1331.7 
119.62 	0.0019191 	1165.2 
120.12 	0.0019191 	1165.2 
120.62 	0.0019191 	1331.7 
121.12 	0.0019191 	1165.2 
121.62 	0.0019191 	998.74 
122.12 	0.0019191 	1331.7 
122.62 	0.0019191 	1165.2 
123.12 	0.0019191 	1165.2 
123.62 	0.0019191 	1165.2 
124.12 	0.0018125 	1331.7 
124.62 	0.0018125 	1331.7 
125.12 	0.0018125 	1165.2 
125.62 	0.0018125 	1165.2 
126.12 	0.0019191 	1165.2 
126.62 	0.0018125 	1165.2 
127.12 	0.0018125 	1165.2 
127.62 	0.0018125 	1165.2 
128.12 	0.0017059 	998.74 
128.62 	0.0018125 	1165.2 
129.12 	0.0018125 	1165.2 
129.62 	0.0018125 	1165.2 
130.12 	0.0018125 	1165.2 
130.62 	0.0018125 	1165.2 
131.12 	0.0017059 	1165.2 
131.62 	0.0017059 	1165.2 
132.12 	0.0017059 	998.74 
132.62 	0.0017059 	1165.2 
133.12 	0.0017059 	1165.2 
133.62 	0.0017059 	1165.2 
134.12 	0.0017059 	1165.2 
134.62 	0.0017059 	1165.2 
135.12 	0.0017059 	1165.2 
135.62 	0.0017059 	1165.2 
136.12 	0.0017059 	1165.2 
136.62 	0.0015993 	1165.2 
137.12 	0.0015993 	1165.2 
137.62 	0.0015993 	1165.2 
138.12 	0.0015993 	1165.2 
138.62 	0.0015993 	1165.2 
139.12 	0.0015993 	1165.2 
139.62 	0.0015993 	1165.2 
140.12 	0.0015993 	998.74 
140.62 	0.0014927 	1165.2 
141.12 	0.0014927 	1165.2 
141.62 	0.0014927 	1165.2 
142.12 	0.0014927 	1165.2 
142.62 	0.0014927 	1331.7 
143.12 	0.0014927 	998.74 
143.62 	0.0014927 	1165.2 
144.12 	0.0014927 	1165.2 
144.62 	0.0014927 	1165.2 
145.12 	0.0014927 	1165.2 
145.62 	0.0014927 	1165.2 
146.12 	0.0014927 	1331.7 
146.62 	0.0014927 	1331.7 
147.12 	0.0014927 	1165.2 
147.62 	0.0014927 	1165.2 
148.12 	0.0014927 	1165.2 
148.62 	0.0014927 	1165.2 
149.12 	0.0014927 	1165.2 
149.62 	0.0014927 	1165.2 
150.12 	0.0014927 	1165.2 
150.62 	0.0014927 	1331.7 
151.12 	0.0014927 	998.74 
151.62 	0.0014927 	1165.2 
152.12 	0.0014927 	1165.2 
152.62 	0.0014927 	1165.2 
153.12 	0.0014927 	998.74 
153.62 	0.0014927 	1331.7 
154.12 	0.0014927 	1165.2 
154.62 	0.0014927 	1165.2 
155.12 	0.0013860 	998.74 
155.62 	0.0013860 	1165.2 
156.12 	0.0013860 	1165.2 
156.62 	0.0013860 	1165.2 
157.12 	0.0014927 	998.74 
157.62 	0.0014927 	1165.2 
158.12 	0.0014927 	1165.2 
158.62 	0.0013860 	1331.7 
159.12 	0.0014927 	1165.2 
159.62 	0.0014927 	1165.2 
160.12 	0.0013860 	1165.2 
160.62 	0.0014927 	1165.2 
161.12 	0.0014927 	998.74 
161.62 	0.0014927 	1331.7 
162.12 	0.0017059 	1664.6 
162.62 	0.0019191 	2163.9 
163.12 	0.0021324 	2496.9 
163.58 	0.0024522 	3162.7 
164.08 	0.0026655 	3662.0 
164.58 	0.0029853 	4327.9 
165.08 	0.0033052 	4660.8 
165.58 	0.0035184 	4993.7 
165.83 	0.0036250 	5659.5 
166.25 	0.0040515 	5826.0 
166.63 	0.0042647 	6491.8 
167.13 	0.0045846 	6991.2 
167.63 	0.0049044 	7490.6 
168.13 	0.0051177 	7989.9 
168.63 	0.0054375 	8489.3 
169.13 	0.0057574 	8988.7 
169.63 	0.0060772 	9488.0 
170.13 	0.0062905 	9987.4 
170.63 	0.0065037 	10487 
171.13 	0.0068236 	10820 
171.63 	0.0069302 	11153 
172.13 	0.0071434 	11652 
172.63 	0.0074633 	12318 
173.10 	0.0077831 	12984 
173.57 	0.0081030 	13649 
174.07 	0.0084228 	14149 
174.55 	0.0087427 	14815 
175.05 	0.0089559 	15314 
175.55 	0.0091692 	15813 
176.05 	0.0093824 	16479 
176.55 	0.0097022 	16812 
176.98 	0.0099155 	17478 
177.48 	0.010129 	17811 
177.98 	0.010342 	18310 
178.48 	0.010662 	18976 
178.98 	0.010768 	19309 
179.48 	0.010982 	19808 
179.98 	0.011195 	20474 
180.48 	0.011408 	20807 
180.98 	0.011408 	20807 
181.48 	0.011515 	20974 
181.98 	0.011515 	21140 
182.48 	0.011515 	21140 
182.98 	0.011515 	21140 
183.48 	0.011408 	21140 
183.98 	0.011515 	21140 
184.48 	0.011408 	21140 
184.98 	0.011408 	21140 
185.48 	0.011408 	21140 
185.98 	0.011408 	21140 
186.48 	0.011408 	21140 
186.98 	0.011408 	21140 
187.48 	0.011302 	20974 
187.98 	0.011408 	20974 
188.48 	0.011302 	21140 
188.98 	0.011408 	21140 
189.48 	0.011302 	21140 
189.98 	0.011302 	21140 
190.48 	0.011195 	21140 
190.98 	0.011302 	21140 
191.48 	0.011302 	21140 
191.98 	0.011302 	21140 
192.48 	0.011302 	20974 
192.98 	0.011302 	20974 
193.48 	0.011302 	21140 
193.98 	0.011195 	21140 
194.48 	0.011302 	21140 
194.98 	0.011302 	21306 
195.48 	0.011302 	21140 
195.98 	0.011302 	21140 
196.48 	0.011302 	21140 
196.98 	0.011302 	21140 
197.48 	0.011302 	21140 
197.98 	0.011302 	21306 
198.48 	0.011302 	21140 
198.98 	0.011195 	20974 
199.48 	0.011195 	21140 
199.98 	0.011195 	21140 
200.48 	0.011195 	21306 
200.98 	0.011302 	21140 
201.48 	0.011195 	21140 
201.98 	0.011302 	21140 
202.48 	0.011302 	21140 
202.98 	0.011195 	21140 
203.48 	0.011302 	21140 
203.98 	0.011195 	21140 
204.48 	0.011195 	21140 
204.98 	0.011302 	21140 
205.48 	0.011302 	21140 
205.98 	0.011302 	21140 
206.48 	0.011195 	21140 
206.98 	0.011195 	21140 
207.48 	0.011195 	21140 
207.98 	0.011195 	21140 
208.48 	0.011302 	21140 
208.98 	0.011195 	21140 
209.48 	0.011195 	20974 
209.98 	0.011195 	20974 
210.48 	0.011195 	20974 
210.98 	0.011195 	21140 
211.48 	0.011302 	21140 
211.98 	0.011302 	21140 
212.48 	0.011195 	21140 
212.98 	0.011195 	20974 
213.48 	0.011195 	21140 
213.98 	0.011195 	21140 
214.48 	0.011195 	21140 
214.98 	0.011195 	21140 
215.48 	0.011195 	21140 
215.98 	0.011195 	21140 
216.48 	0.011195 	21140 
216.98 	0.011195 	21306 
217.48 	0.011195 	21306 
217.98 	0.011195 	21140 
218.48 	0.011195 	21140 
218.98 	0.011195 	21140 
219.48 	0.011195 	21140 
219.98 	0.011195 	21140 
220.48 	0.011195 	21140 
220.98 	0.011195 	21140 
221.48 	0.011195 	20974 
221.98 	0.011195 	20974 
222.48 	0.011195 	21140 
222.98 	0.011195 	21140 
223.48 	0.011195 	21306 
223.98 	0.011195 	21140 
224.48 	0.011195 	21140 
224.98 	0.011088 	20974 
225.48 	0.011195 	21140 
225.98 	0.011195 	21306 
226.48 	0.011195 	21140 
226.98 	0.011195 	21140 
227.48 	0.011195 	21140 
227.98 	0.011195 	21140 
228.48 	0.011088 	20974 
228.98 	0.011195 	21140 
229.48 	0.011195 	21140 
229.98 	0.011195 	21140 
230.48 	0.011195 	21140 
230.98 	0.011088 	20974 
231.48 	0.011088 	21140 
231.98 	0.011088 	21140 
232.48 	0.011195 	21140 
232.98 	0.011195 	21306 
233.48 	0.011088 	21140 
233.98 	0.011195 	21140 
234.48 	0.011088 	20974 
234.98 	0.011088 	20974 
235.48 	0.011088 	21140 
235.98 	0.011195 	21140 
236.48 	0.011088 	21140 
236.98 	0.011088 	21140 
237.48 	0.011088 	21140 
237.98 	0.011088 	21140 
238.48 	0.011088 	21140 
238.98 	0.011088 	21306 
239.48 	0.011195 	21140 
239.98 	0.011088 	21140 
240.48 	0.011088 	21140 
240.98 	0.010982 	20807 
241.48 	0.010768 	20474 
241.98 	0.010449 	19808 
242.48 	0.010129 	19309 
242.97 	0.0098089 	18643 
243.47 	0.0095956 	18310 
243.93 	0.0092758 	17644 
244.43 	0.0090625 	17145 
244.93 	0.0086361 	16646 
245.43 	0.0084228 	16146 
245.93 	0.0081030 	15647 
246.43 	0.0077831 	14981 
246.93 	0.0075699 	14648 
247.43 	0.0072500 	14149 
247.93 	0.0069302 	13649 
248.43 	0.0067169 	13150 
248.93 	0.0065037 	12817 
249.43 	0.0062905 	12484 
249.93 	0.0060772 	12151 
250.30 	0.0058640 	11486 
250.80 	0.0054375 	10986 
251.18 	0.0052243 	10320 
251.68 	0.0049044 	9987.4 
252.05 	0.0046912 	9321.6 
252.55 	0.0044780 	8822.2 
253.05 	0.0041581 	8322.8 
253.43 	0.0039449 	7657.0 
253.93 	0.0037316 	7490.6 
254.33 	0.0035184 	6824.7 
254.83 	0.0033052 	6658.3 
255.15 	0.0030919 	5992.4 
255.65 	0.0028787 	5659.5 
256.08 	0.0026655 	4993.7 
256.58 	0.0023456 	4660.8 
257.08 	0.0021324 	3995.0 
257.58 	0.0019191 	3662.0 
258.05 	0.0015993 	2996.2 
258.55 	0.0013860 	2496.9 
259.05 	0.0012794 	1997.5 
259.12 	0.0017059 	2163.9 
259.27 	0.0011728 	1997.5 
259.30 	0.00063971 	1831.0 
259.33 	0.00021324 	1997.5 
259.38 	-0.0002136 	1831.0 
259.88 	-0.0001068 	1664.6 
260.38 	-0.0004273 	1498.1 
260.88 	-0.0002136 	1331.7 
261.30 	0.00021324 	1331.7 
261.65 	0.00063971 	1331.7 
262.15 	0.00085294 	1331.7 
262.65 	0.00063971 	1165.2 
263.15 	0.00053309 	1165.2 
263.65 	0.00053309 	1165.2 
264.15 	0.00042647 	1165.2 
264.65 	0.00042647 	1165.2 
265.15 	0.00031985 	1165.2 
265.65 	0.00021324 	1165.2 
266.15 	0.00010662 	1165.2 
266.65 	0.00010662 	1331.7 
267.15 	0.00000 	998.74 
267.65 	0.00000 	1331.7 
268.15 	0.00000 	998.74 
268.65 	0.00000 	1331.7 
269.15 	0.00000 	1165.2 
269.65 	-0.0001068 	1331.7 
270.15 	-0.0001068 	998.74 
270.65 	-0.0001068 	1165.2 
271.15 	-0.0001068 	1165.2 
271.65 	-0.0001068 	1331.7 
272.15 	-0.0001068 	1165.2 
272.65 	-0.0001068 	1165.2 
273.15 	-0.0001068 	1165.2 
273.65 	-0.0002136 	998.74 
274.15 	-0.0001068 	1165.2 
274.65 	-0.0002136 	1165.2 
275.15 	-0.0002136 	1331.7 
275.65 	-0.0002136 	1165.2 
276.15 	-0.0002136 	1165.2 
276.65 	-0.0003204 	1331.7 
277.15 	-0.0002136 	1165.2 
277.65 	-0.0003204 	1165.2 
278.15 	-0.0003204 	1165.2 
278.65 	-0.0004273 	1165.2 
279.15 	-0.0004273 	1331.7 
279.65 	-0.0004273 	1165.2 
280.15 	-0.0004273 	1165.2 
280.65 	-0.0004273 	1165.2 
281.15 	-0.0004273 	1165.2 
281.65 	-0.0004273 	1165.2 
282.15 	-0.0005341 	1165.2 
282.65 	-0.0004273 	1165.2 
283.15 	-0.0005341 	1165.2 
283.65 	-0.0005341 	1165.2 
284.15 	-0.0005341 	1165.2 
284.65 	-0.0006409 	1165.2 
285.15 	-0.0005341 	1331.7 
285.65 	-0.0006409 	1165.2 
286.15 	-0.0006409 	1165.2 
286.65 	-0.0006409 	1165.2 
287.15 	-0.0006409 	1165.2 
287.65 	-0.0006409 	1165.2 
288.15 	-0.0006409 	1165.2 
288.65 	-0.0007478 	1165.2 
289.15 	-0.0006409 	1165.2 
289.65 	-0.0006409 	998.74 
290.15 	-0.0006409 	1331.7 
290.65 	-0.0007478 	1165.2 
291.15 	-0.0007478 	1165.2 
291.65 	-0.0007478 	1165.2 
292.15 	-0.0007478 	1165.2 
292.65 	-0.0007478 	1331.7 
293.15 	-0.0006409 	1165.2 
293.65 	-0.0006409 	1165.2 
294.15 	-0.0007478 	1165.2 
294.65 	-0.0007478 	1165.2 
295.15 	-0.0006409 	1165.2 
295.65 	-0.0007478 	998.74 
296.15 	-0.0007478 	1165.2 
296.65 	-0.0007478 	1165.2 
297.15 	-0.0007478 	1165.2 
297.65 	-0.0007478 	1165.2 
298.15 	-0.0007478 	1165.2 
298.65 	-0.0007478 	1165.2 
299.15 	-0.0007478 	1165.2 
299.65 	-0.0007478 	1165.2 
300.15 	-0.0007478 	1165.2 
300.65 	-0.0008546 	1165.2 
301.15 	-0.0007478 	1331.7 
301.65 	-0.0007478 	1165.2 
302.15 	-0.0007478 	1331.7 
302.65 	-0.0008546 	1165.2 
303.15 	-0.0007478 	1331.7 
303.65 	-0.0007478 	1165.2 
304.15 	-0.0007478 	1165.2 
304.65 	-0.0008546 	998.74 
305.15 	-0.0007478 	1165.2 
305.65 	-0.0008546 	998.74 
306.15 	-0.0008546 	1165.2 
306.65 	-0.0008546 	1165.2 
307.15 	-0.0008546 	1331.7 
307.65 	-0.0008546 	998.74 
308.15 	-0.0008546 	1165.2 
308.65 	-0.0008546 	1165.2 
309.15 	-0.0008546 	1165.2 
309.65 	-0.0008546 	1165.2 
310.15 	-0.0008546 	1165.2 
310.65 	-0.0008546 	1165.2 
311.15 	-0.0008546 	1165.2 
311.65 	-0.0008546 	1165.2 
312.15 	-0.0009614 	1165.2 
312.65 	-0.0009614 	1165.2 
313.15 	-0.0009614 	998.74 
313.65 	-0.0009614 	1165.2 
314.15 	-0.0009614 	1165.2 
314.65 	-0.0009614 	1165.2 
315.15 	-0.0009614 	1165.2 
315.65 	-0.0009614 	1331.7 
316.15 	-0.0010683 	1165.2 
316.65 	-0.0010683 	1165.2 
317.15 	-0.0010683 	1165.2 
317.65 	-0.0010683 	1331.7 
318.15 	-0.0010683 	1165.2 
318.65 	-0.0011751 	1331.7 
319.15 	-0.0012820 	998.74 
319.65 	-0.0012820 	1165.2 
320.15 	-0.0012820 	1165.2 
320.65 	-0.0012820 	1331.7 
321.15 	-0.0013888 	1165.2 
321.65 	-0.0012820 	1331.7 
322.15 	-0.0011751 	1664.6 
322.65 	-0.0008546 	2163.9 
323.07 	-0.0006409 	2829.8 
323.57 	-0.0004273 	3162.7 
324.07 	-0.0001068 	3662.0 
324.53 	0.00021324 	4327.9 
325.03 	0.00042647 	4660.8 
325.45 	0.00074633 	5326.6 
325.95 	0.0010662 	5659.5 
326.43 	0.0012794 	6325.4 
326.93 	0.0015993 	6658.3 
327.37 	0.0019191 	7324.1 
327.87 	0.0022390 	7657.0 
328.30 	0.0024522 	8322.8 
328.80 	0.0027721 	8822.2 
329.30 	0.0030919 	9155.1 
329.68 	0.0033052 	9820.9 
330.18 	0.0035184 	10154 
330.68 	0.0037316 	10487 
331.18 	0.0039449 	10986 
331.68 	0.0042647 	11319 
332.18 	0.0044780 	11818 
332.63 	0.0046912 	12484 
333.12 	0.0050111 	13150 
333.55 	0.0053309 	13816 
334.05 	0.0056508 	14315 
334.55 	0.0058640 	14815 
335.02 	0.0060772 	15480 
335.52 	0.0063971 	15813 
336.02 	0.0066103 	16313 
336.48 	0.0068236 	16979 
336.98 	0.0071434 	17478 
337.48 	0.0073566 	17977 
337.98 	0.0075699 	18477 
338.48 	0.0077831 	18976 
338.98 	0.0078897 	19475 
339.48 	0.0082096 	19975 
339.98 	0.0084228 	20474 
340.48 	0.0085294 	20807 
340.98 	0.0086361 	20974 
341.48 	0.0085294 	20974 
341.98 	0.0085294 	21140 
342.48 	0.0085294 	21140 
342.98 	0.0086361 	21140 
343.48 	0.0085294 	21140 
343.98 	0.0085294 	21140 
344.48 	0.0085294 	21140 
344.98 	0.0084228 	21140 
345.48 	0.0085294 	21140 
345.98 	0.0085294 	21140 
346.48 	0.0084228 	21140 
346.98 	0.0085294 	21140 
347.48 	0.0084228 	21140 
347.98 	0.0085294 	21140 
348.48 	0.0084228 	21140 
348.98 	0.0084228 	21140 
349.48 	0.0084228 	21140 
349.98 	0.0084228 	21140 
350.48 	0.0084228 	21140 
350.98 	0.0084228 	21140 
351.48 	0.0084228 	21140 
351.98 	0.0084228 	21140 
352.48 	0.0084228 	21140 
352.98 	0.0084228 	21140 
353.48 	0.0084228 	21140 
353.98 	0.0084228 	21140 
354.48 	0.0084228 	21140 
354.98 	0.0084228 	21140 
355.48 	0.0084228 	21140 
355.98 	0.0083162 	20974 
356.48 	0.0083162 	21140 
356.98 	0.0083162 	21140 
357.48 	0.0084228 	21140 
357.98 	0.0084228 	21140 
358.48 	0.0084228 	21140 
358.98 	0.0083162 	21140 
359.48 	0.0083162 	21140 
359.98 	0.0083162 	21140 
360.48 	0.0083162 	21140 
360.98 	0.0083162 	21140 
361.48 	0.0083162 	21140 
361.98 	0.0083162 	21306 
362.48 	0.0083162 	21306 
362.98 	0.0084228 	21140 
363.48 	0.0083162 	21140 
363.98 	0.0083162 	21140 
364.48 	0.0083162 	21140 
364.98 	0.0083162 	21140 
365.48 	0.0083162 	21140 
365.98 	0.0083162 	21140 
366.48 	0.0083162 	20974 
366.98 	0.0082096 	20974 
367.48 	0.0083162 	21140 
367.98 	0.0083162 	21140 
368.48 	0.0083162 	21140 
368.98 	0.0083162 	21140 
369.48 	0.0083162 	21140 
369.98 	0.0083162 	21140 
370.48 	0.0083162 	21140 
370.98 	0.0083162 	20974 
371.48 	0.0083162 	21140 
371.98 	0.0083162 	21140 
372.48 	0.0083162 	21140 
372.98 	0.0083162 	21140 
373.48 	0.0083162 	21140 
373.98 	0.0083162 	21140 
374.48 	0.0083162 	20974 
374.98 	0.0083162 	21140 
375.48 	0.0083162 	21140 
375.98 	0.0083162 	21140 
376.48 	0.0083162 	21306 
376.98 	0.0083162 	21140 
377.48 	0.0083162 	21140 
377.98 	0.0083162 	21140 
378.48 	0.0082096 	21140 
378.98 	0.0083162 	21140 
379.48 	0.0083162 	21140 
379.98 	0.0083162 	21140 
380.48 	0.0083162 	21140 
380.98 	0.0083162 	21140 
381.48 	0.0083162 	20974 
381.98 	0.0082096 	21140 
382.48 	0.0083162 	21140 
382.98 	0.0083162 	21140 
383.48 	0.0083162 	21140 
383.98 	0.0082096 	21140 
384.48 	0.0082096 	21140 
384.98 	0.0082096 	21140 
385.48 	0.0082096 	21140 
385.98 	0.0083162 	21306 
386.48 	0.0082096 	21140 
386.98 	0.0083162 	21140 
387.48 	0.0083162 	21140 
387.98 	0.0083162 	21140 
388.48 	0.0083162 	21140 
388.98 	0.0083162 	20974 
389.48 	0.0083162 	21140 
389.98 	0.0083162 	21140 
390.48 	0.0083162 	21306 
390.98 	0.0083162 	21140 
391.48 	0.0083162 	21140 
391.98 	0.0083162 	21140 
392.48 	0.0083162 	21140 
392.98 	0.0082096 	21140 
393.48 	0.0082096 	21140 
393.98 	0.0083162 	21140 
394.48 	0.0082096 	21140 
394.98 	0.0082096 	21140 
395.48 	0.0082096 	21140 
395.98 	0.0083162 	21140 
396.48 	0.0082096 	21140 
396.98 	0.0083162 	21140 
397.48 	0.0083162 	21306 
397.98 	0.0083162 	21306 
398.48 	0.0083162 	21140 
398.98 	0.0083162 	21306 
399.48 	0.0082096 	20974 
399.98 	0.0082096 	20974 
400.48 	0.0082096 	20974 
400.98 	0.0079964 	20807 
401.40 	0.0077831 	20141 
401.90 	0.0074633 	19642 
402.40 	0.0071434 	19143 
402.87 	0.0068236 	18477 
403.37 	0.0065037 	17977 
403.87 	0.0062905 	17478 
404.37 	0.0059706 	16979 
404.87 	0.0056508 	16479 
405.37 	0.0054375 	15980 
405.83 	0.0051177 	15314 
406.33 	0.0047978 	14981 
406.83 	0.0045846 	14482 
407.33 	0.0042647 	13982 
407.83 	0.0040515 	13483 
408.33 	0.0037316 	13150 
408.83 	0.0035184 	12651 
409.33 	0.0033052 	12318 
409.83 	0.0030919 	11818 
410.30 	0.0027721 	11153 
410.80 	0.0024522 	10487 
411.30 	0.0021324 	9820.9 
411.80 	0.0018125 	9488.0 
412.23 	0.0017059 	8822.2 
412.73 	0.0013860 	8322.8 
413.22 	0.0010662 	7657.0 
413.72 	0.00085294 	7324.1 
414.22 	0.00063971 	6824.7 
414.70 	0.00042647 	6158.9 
415.20 	0.00021324 	5826.0 
415.67 	-0.0001068 	5160.2 
416.17 	-0.0003204 	4827.2 
416.67 	-0.0005341 	4327.9 
417.07 	-0.0007478 	3662.0 
417.57 	-0.0009614 	3329.1 
418.07 	-0.0012820 	2829.8 
418.35 	-0.0008546 	2496.9 
418.62 	-0.0012820 	2163.9 
418.70 	-0.0017093 	2163.9 
418.78 	-0.0021366 	2163.9 
418.88 	-0.0025639 	1997.5 
419.38 	-0.0027776 	1831.0 
419.72 	-0.0023503 	1664.6 
420.22 	-0.0023503 	1498.1 
420.72 	-0.0024571 	1498.1 
421.22 	-0.0024571 	1331.7 
421.72 	-0.0022435 	1165.2 
422.22 	-0.0021366 	1165.2 
422.72 	-0.0020298 	1165.2 
423.22 	-0.0019230 	1165.2 
423.72 	-0.0019230 	1165.2 
424.22 	-0.0018161 	1331.7 
424.72 	-0.0019230 	1165.2 
425.22 	-0.0018161 	1165.2 
425.72 	-0.0018161 	1165.2 
426.22 	-0.0019230 	1165.2 
426.72 	-0.0019230 	998.74 
427.22 	-0.0018161 	1165.2 
427.72 	-0.0019230 	1165.2 
428.22 	-0.0018161 	1165.2 
428.72 	-0.0019230 	1165.2 
429.22 	-0.0019230 	1165.2 
429.72 	-0.0019230 	1165.2 
430.22 	-0.0019230 	1165.2 
430.72 	-0.0019230 	1165.2 
431.22 	-0.0020298 	1165.2 
431.72 	-0.0019230 	1165.2 
432.22 	-0.0020298 	1165.2 
432.72 	-0.0020298 	1165.2 
433.22 	-0.0019230 	1165.2 
433.72 	-0.0020298 	1165.2 
434.22 	-0.0020298 	1165.2 
434.72 	-0.0020298 	1165.2 
435.22 	-0.0020298 	1165.2 
435.72 	-0.0020298 	1165.2 
436.22 	-0.0020298 	1165.2 
436.72 	-0.0020298 	1165.2 
437.22 	-0.0020298 	1165.2 
437.72 	-0.0021366 	1165.2 
438.22 	-0.0021366 	1165.2 
438.72 	-0.0020298 	998.74 
439.22 	-0.0021366 	1165.2 
439.72 	-0.0021366 	1165.2 
440.22 	-0.0020298 	1165.2 
440.72 	-0.0021366 	1165.2 
441.22 	-0.0021366 	1165.2 
441.72 	-0.0022435 	1165.2 
442.22 	-0.0022435 	1165.2 
442.72 	-0.0022435 	1331.7 
443.22 	-0.0022435 	998.74 
443.72 	-0.0021366 	1165.2 
444.22 	-0.0022435 	998.74 
444.72 	-0.0022435 	1165.2 
445.22 	-0.0022435 	1165.2 
445.72 	-0.0022435 	1165.2 
446.22 	-0.0022435 	998.74 
446.72 	-0.0022435 	1165.2 
447.22 	-0.0022435 	1165.2 
447.72 	-0.0022435 	1331.7 
448.22 	-0.0023503 	1165.2 
448.72 	-0.0023503 	1165.2 
449.22 	-0.0023503 	1165.2 
449.72 	-0.0023503 	1331.7 
450.22 	-0.0023503 	1165.2 
450.72 	-0.0024571 	1165.2 
451.22 	-0.0023503 	998.74 
451.72 	-0.0023503 	1165.2 
452.22 	-0.0024571 	998.74 
452.72 	-0.0024571 	1165.2 
453.22 	-0.0023503 	1165.2 
453.72 	-0.0024571 	1165.2 
454.22 	-0.0023503 	1165.2 
454.72 	-0.0024571 	1165.2 
455.22 	-0.0024571 	1165.2 
455.72 	-0.0024571 	998.74 
456.22 	-0.0024571 	1165.2 
456.72 	-0.0024571 	1165.2 
457.22 	-0.0024571 	1331.7 
457.72 	-0.0024571 	1165.2 
458.22 	-0.0024571 	1331.7 
458.72 	-0.0024571 	998.74 
459.22 	-0.0024571 	1331.7 
459.72 	-0.0024571 	1165.2 
460.22 	-0.0024571 	1331.7 
460.72 	-0.0024571 	1165.2 
461.22 	-0.0024571 	1331.7 
461.72 	-0.0024571 	1165.2 
462.22 	-0.0024571 	1165.2 
462.72 	-0.0024571 	1165.2 
463.22 	-0.0024571 	1165.2 
463.72 	-0.0024571 	1165.2 
464.22 	-0.0024571 	1165.2 
464.72 	-0.0025639 	1165.2 
465.22 	-0.0024571 	1331.7 
465.72 	-0.0024571 	1165.2 
466.22 	-0.0025639 	1331.7 
466.72 	-0.0025639 	1165.2 
467.22 	-0.0024571 	1331.7 
467.72 	-0.0024571 	998.74 
468.22 	-0.0024571 	1165.2 
468.72 	-0.0024571 	1165.2 
469.22 	-0.0025639 	1331.7 
469.72 	-0.0025639 	1165.2 
470.22 	-0.0025639 	998.74 
470.72 	-0.0025639 	1165.2 
471.22 	-0.0025639 	998.74 
471.72 	-0.0025639 	1165.2 
472.22 	-0.0025639 	998.74 
472.72 	-0.0025639 	1165.2 
473.22 	-0.0025639 	1165.2 
473.72 	-0.0025639 	1165.2 
474.22 	-0.0025639 	1165.2 
474.72 	-0.0025639 	1165.2 
475.22 	-0.0025639 	1165.2 
475.72 	-0.0025639 	1165.2 
476.22 	-0.0025639 	998.74 
476.72 	-0.0025639 	1331.7 
477.22 	-0.0025639 	1165.2 
477.72 	-0.0025639 	1331.7 
478.22 	-0.0025639 	1165.2 
478.72 	-0.0025639 	1331.7 
479.22 	-0.0025639 	1165.2 
479.72 	-0.0025639 	1165.2 
480.22 	-0.0025639 	1165.2 
480.72 	-0.0025639 	1331.7 
480.83 	-0.0025639 	1165.2 
481.33 	-0.0025639 	1165.2 
481.83 	-0.0026708 	1165.2 
482.33 	-0.0025639 	998.74 
482.83 	-0.0025639 	1165.2 
483.33 	-0.0025639 	998.74 
483.83 	-0.0025639 	1165.2 
484.33 	-0.0025639 	1165.2 
484.83 	-0.0025639 	1165.2 
485.33 	-0.0025639 	1331.7 
485.83 	-0.0025639 	998.74 
486.33 	-0.0025639 	1165.2 
486.83 	-0.0025639 	1165.2 
487.33 	-0.0025639 	1165.2 
487.83 	-0.0025639 	1331.7 
488.33 	-0.0025639 	1165.2 
488.83 	-0.0025639 	1165.2 
489.33 	-0.0026708 	1165.2 
489.83 	-0.0026708 	1165.2 
490.33 	-0.0026708 	1165.2 
490.83 	-0.0026708 	1165.2 
491.33 	-0.0026708 	1165.2 
491.83 	-0.0026708 	1165.2 
492.33 	-0.0026708 	1165.2 
492.83 	-0.0026708 	1165.2 
493.33 	-0.0026708 	1165.2 
493.83 	-0.0026708 	1165.2 
494.33 	-0.0026708 	1165.2 
494.83 	-0.0026708 	1165.2 
495.33 	-0.0026708 	1165.2 
495.83 	-0.0026708 	1165.2 
496.33 	-0.0026708 	1165.2 
496.83 	-0.0026708 	1165.2 
497.33 	-0.0026708 	1165.2 
497.83 	-0.0026708 	998.74 
498.33 	-0.0026708 	1331.7 
498.83 	-0.0026708 	998.74 
499.33 	-0.0026708 	1165.2 
499.83 	-0.0026708 	1165.2 
500.33 	-0.0026708 	1165.2 
500.83 	-0.0026708 	1165.2 
501.33 	-0.0025639 	1165.2 
501.83 	-0.0026708 	1165.2 
502.33 	-0.0026708 	1165.2 
502.83 	-0.0026708 	1165.2 
503.33 	-0.0026708 	1165.2 
503.83 	-0.0026708 	1165.2 
504.33 	-0.0026708 	1165.2 
504.83 	-0.0026708 	1165.2 
505.33 	-0.0026708 	1331.7 
505.83 	-0.0026708 	998.74 
506.33 	-0.0026708 	1331.7 
506.83 	-0.0026708 	1165.2 
507.33 	-0.0026708 	1165.2 
507.83 	-0.0026708 	1165.2 
508.33 	-0.0026708 	1165.2 
508.83 	-0.0026708 	1165.2 
509.33 	-0.0026708 	1165.2 
509.83 	-0.0026708 	1165.2 
510.33 	-0.0026708 	1165.2 
510.82 	-0.0027776 	998.74 
511.32 	-0.0026708 	1331.7 
511.82 	-0.0027776 	998.74 
512.32 	-0.0026708 	998.74 
512.82 	-0.0026708 	1331.7 
513.32 	-0.0024571 	1664.6 
513.82 	-0.0022435 	2163.9 
514.27 	-0.0020298 	2829.8 
514.77 	-0.0017093 	3329.1 
515.27 	-0.0013888 	3828.5 
515.77 	-0.0010683 	4161.4 
516.27 	-0.0008546 	4660.8 
516.67 	-0.0005341 	5326.6 
517.17 	-0.0002136 	5826.0 
517.67 	0.00010662 	6158.9 
518.05 	0.00031985 	6824.7 
518.55 	0.00063971 	7157.6 
519.03 	0.00095956 	7823.5 
519.53 	0.0011728 	8156.4 
520.03 	0.0015993 	8822.2 
520.53 	0.0018125 	9155.1 
520.93 	0.0021324 	9820.9 
521.43 	0.0023456 	10154 
521.93 	0.0025588 	10653 
522.43 	0.0027721 	11153 
522.93 	0.0029853 	11319 
523.43 	0.0031985 	11818 
523.83 	0.0034118 	12484 
524.30 	0.0038383 	12984 
524.73 	0.0040515 	13649 
525.23 	0.0043713 	14149 
525.63 	0.0045846 	14815 
526.13 	0.0047978 	15148 
526.58 	0.0051177 	15813 
527.08 	0.0053309 	16313 
527.58 	0.0055441 	16812 
528.08 	0.0057574 	17478 
528.58 	0.0060772 	17811 
529.08 	0.0062905 	18310 
529.55 	0.0065037 	18976 
530.05 	0.0067169 	19309 
530.55 	0.0069302 	19975 
531.05 	0.0071434 	20308 
531.55 	0.0072500 	20641 
532.05 	0.0074633 	20974 
532.55 	0.0074633 	20974 
533.05 	0.0074633 	20974 
533.55 	0.0074633 	21140 
534.05 	0.0074633 	21140 
534.55 	0.0073566 	20974 
535.05 	0.0073566 	21140 
535.55 	0.0073566 	21140 
536.05 	0.0073566 	21140 
536.55 	0.0073566 	21140 
537.05 	0.0073566 	21140 
537.55 	0.0073566 	21140 
538.05 	0.0072500 	21140 
538.55 	0.0073566 	21140 
539.05 	0.0073566 	21140 
539.55 	0.0072500 	21140 
540.05 	0.0072500 	21140 
540.55 	0.0073566 	21140 
541.05 	0.0073566 	21140 
541.55 	0.0072500 	21140 
542.05 	0.0072500 	21140 
542.55 	0.0072500 	21140 
543.05 	0.0072500 	21306 
543.55 	0.0072500 	21140 
544.05 	0.0072500 	21140 
544.55 	0.0072500 	21140 
545.05 	0.0072500 	21140 
545.55 	0.0072500 	21140 
546.05 	0.0072500 	21306 
546.55 	0.0072500 	21140 
547.05 	0.0072500 	21140 
547.55 	0.0071434 	21140 
548.05 	0.0072500 	21140 
548.55 	0.0072500 	21140 
549.05 	0.0072500 	21140 
549.55 	0.0072500 	21140 
550.05 	0.0072500 	21306 
550.55 	0.0072500 	21140 
551.05 	0.0072500 	21140 
551.55 	0.0071434 	21140 
552.05 	0.0072500 	21140 
552.55 	0.0071434 	21140 
553.05 	0.0072500 	21140 
553.55 	0.0072500 	21140 
554.05 	0.0072500 	21140 
554.55 	0.0071434 	21140 
555.05 	0.0071434 	21140 
555.55 	0.0071434 	21140 
556.05 	0.0072500 	21306 
556.55 	0.0071434 	21140 
557.05 	0.0071434 	21140 
557.55 	0.0071434 	21140 
558.05 	0.0072500 	21140 
558.55 	0.0072500 	21140 
559.05 	0.0072500 	21140 
559.55 	0.0072500 	21140 
560.05 	0.0071434 	20974 
560.55 	0.0072500 	21140 
561.05 	0.0072500 	21140 
561.55 	0.0071434 	21140 
562.05 	0.0072500 	21140 
562.55 	0.0071434 	21140 
563.05 	0.0072500 	21140 
563.55 	0.0072500 	21140 
564.05 	0.0071434 	21140 
564.55 	0.0071434 	21140 
565.05 	0.0072500 	21140 
565.55 	0.0072500 	21140 
566.05 	0.0071434 	21140 
566.55 	0.0071434 	21140 
567.05 	0.0072500 	21306 
567.55 	0.0071434 	21140 
568.05 	0.0071434 	21140 
568.55 	0.0072500 	21140 
569.05 	0.0071434 	21140 
569.55 	0.0072500 	21140 
570.05 	0.0071434 	21140 
570.55 	0.0071434 	21140 
571.05 	0.0071434 	21140 
571.55 	0.0071434 	21140 
572.05 	0.0071434 	21140 
572.55 	0.0071434 	21306 
573.05 	0.0071434 	21140 
573.55 	0.0071434 	21140 
574.05 	0.0071434 	21140 
574.55 	0.0071434 	21140 
575.05 	0.0071434 	21140 
575.55 	0.0071434 	21140 
576.05 	0.0071434 	21140 
576.55 	0.0071434 	21140 
577.05 	0.0071434 	21140 
577.55 	0.0071434 	21140 
578.05 	0.0071434 	21140 
578.55 	0.0071434 	21140 
579.05 	0.0071434 	21140 
579.55 	0.0072500 	21140 
580.05 	0.0071434 	21140 
580.55 	0.0071434 	21140 
581.05 	0.0071434 	21140 
581.55 	0.0071434 	21140 
582.05 	0.0071434 	21306 
582.55 	0.0072500 	21140 
583.05 	0.0071434 	21140 
583.55 	0.0071434 	21140 
584.05 	0.0071434 	21140 
584.55 	0.0071434 	21140 
585.05 	0.0071434 	21140 
585.55 	0.0071434 	21140 
586.05 	0.0071434 	21140 
586.55 	0.0071434 	21140 
587.05 	0.0071434 	21140 
587.55 	0.0071434 	21140 
588.05 	0.0071434 	21306 
588.55 	0.0071434 	21140 
589.05 	0.0071434 	21140 
589.55 	0.0071434 	20974 
590.05 	0.0071434 	21140 
590.55 	0.0071434 	21140 
591.05 	0.0071434 	21140 
591.25 	0.0071434 	21140 
591.75 	0.0071434 	21140 
592.25 	0.0071434 	21140 
592.75 	0.0071434 	21140 
593.25 	0.0071434 	21140 
593.75 	0.0071434 	21306 
594.25 	0.0071434 	21140 
594.75 	0.0071434 	21140 
595.25 	0.0071434 	21140 
595.75 	0.0071434 	21140 
596.25 	0.0071434 	21140 
596.75 	0.0071434 	21140 
597.25 	0.0071434 	21140 
597.75 	0.0071434 	21140 
598.25 	0.0071434 	21140 
598.75 	0.0071434 	21140 
599.25 	0.0071434 	21140 
599.75 	0.0072500 	21306 
600.25 	0.0071434 	21306 
600.75 	0.0071434 	21140 
601.25 	0.0071434 	21140 
601.75 	0.0071434 	21140 
602.25 	0.0071434 	20974 
602.75 	0.0071434 	21140 
603.25 	0.0071434 	21140 
603.75 	0.0071434 	21140 
604.25 	0.0071434 	21140 
604.75 	0.0071434 	21140 
605.25 	0.0071434 	21140 
605.75 	0.0070368 	21140 
606.25 	0.0071434 	21306 
606.75 	0.0071434 	21140 
607.25 	0.0071434 	21140 
607.75 	0.0070368 	21140 
608.25 	0.0071434 	21140 
608.75 	0.0071434 	21306 
609.25 	0.0071434 	21140 
609.75 	0.0071434 	21140 
610.25 	0.0071434 	21306 
610.75 	0.0071434 	20974 
611.25 	0.0071434 	21140 
611.75 	0.0071434 	21140 
612.25 	0.0071434 	21140 
612.75 	0.0071434 	21140 
613.25 	0.0071434 	21140 
613.75 	0.0071434 	21140 
614.25 	0.0071434 	21140 
614.75 	0.0070368 	21140 
615.25 	0.0071434 	21140 
615.75 	0.0070368 	21140 
616.25 	0.0071434 	21140 
616.75 	0.0071434 	21140 
617.25 	0.0071434 	21140 
617.75 	0.0071434 	21140 
618.25 	0.0071434 	21140 
618.75 	0.0071434 	20974 
619.25 	0.0071434 	21140 
619.75 	0.0071434 	21140 
620.25 	0.0071434 	21140 
620.75 	0.0071434 	21140 
621.25 	0.0071434 	21306 
621.75 	0.0071434 	20974 
622.25 	0.0071434 	21140 
622.75 	0.0071434 	21140 
623.25 	0.0071434 	21140 
623.75 	0.0071434 	21306 
624.25 	0.0071434 	21140 
624.75 	0.0071434 	21140 
625.25 	0.0071434 	21140 
625.75 	0.0071434 	21140 
626.25 	0.0071434 	21140 
626.75 	0.0071434 	21306 
627.25 	0.0071434 	21140 
627.75 	0.0071434 	20974 
628.25 	0.0071434 	21140 
628.75 	0.0071434 	21306 
629.25 	0.0071434 	21140 
629.75 	0.0071434 	21140 
630.25 	0.0071434 	21140 
630.75 	0.0071434 	20974 
631.25 	0.0071434 	20974 
631.75 	0.0071434 	21140 
632.25 	0.0071434 	21140 
632.75 	0.0071434 	21140 
633.25 	0.0071434 	21140 
633.75 	0.0071434 	21140 
634.25 	0.0071434 	21140 
634.75 	0.0071434 	21140 
635.25 	0.0071434 	21140 
635.75 	0.0071434 	21140 
636.25 	0.0071434 	20974 
636.75 	0.0071434 	20974 
637.25 	0.0071434 	20974 
637.75 	0.0071434 	21140 
638.25 	0.0071434 	21140 
638.75 	0.0071434 	21306 
639.25 	0.0071434 	21140 
639.75 	0.0071434 	21140 
640.25 	0.0071434 	21140 
640.75 	0.0071434 	21140 
641.25 	0.0071434 	21140 
641.75 	0.0071434 	21140 
642.25 	0.0071434 	21140 
642.75 	0.0071434 	21140 
643.25 	0.0071434 	21140 
643.75 	0.0071434 	21140 
644.25 	0.0071434 	20974 
644.75 	0.0071434 	21140 
645.25 	0.0071434 	21140 
645.75 	0.0071434 	21306 
646.25 	0.0071434 	21140 
646.75 	0.0071434 	21140 
647.25 	0.0071434 	21140 
647.75 	0.0071434 	20974 
648.25 	0.0071434 	20974 
648.75 	0.0071434 	21140 
649.25 	0.0071434 	21306 
649.75 	0.0071434 	21306 
650.25 	0.0071434 	21140 
650.75 	0.0071434 	21140 
651.25 	0.0071434 	20974 
651.75 	0.0071434 	21140 
652.25 	0.0071434 	21140 
652.75 	0.0071434 	21140 
653.25 	0.0071434 	20974 
653.75 	0.0071434 	21140 
654.25 	0.0071434 	21140 
654.75 	0.0071434 	21140 
655.25 	0.0071434 	21140 
655.75 	0.0071434 	21140 
656.25 	0.0071434 	21140 
656.75 	0.0071434 	21140 
657.25 	0.0071434 	21306 
657.75 	0.0071434 	21140 
658.25 	0.0071434 	21140 
658.75 	0.0071434 	21140 
659.25 	0.0071434 	21140 
659.75 	0.0071434 	21140 
660.25 	0.0071434 	21140 
660.75 	0.0071434 	21140 
661.25 	0.0071434 	21140 
661.75 	0.0071434 	21140 
662.25 	0.0071434 	21140 
662.75 	0.0071434 	21140 
663.25 	0.0071434 	21140 
663.75 	0.0071434 	21140 
664.25 	0.0071434 	21140 
664.75 	0.0071434 	21140 
665.25 	0.0071434 	21140 
665.75 	0.0071434 	21140 
666.25 	0.0071434 	21140 
666.75 	0.0071434 	21140 
667.25 	0.0071434 	21140 
667.75 	0.0071434 	21140 
668.25 	0.0071434 	20974 
668.75 	0.0071434 	21140 
669.25 	0.0071434 	21140 
669.75 	0.0071434 	21140 
670.25 	0.0071434 	21306 
670.75 	0.0071434 	21140 
671.25 	0.0071434 	20974 
671.75 	0.0071434 	21140 
672.25 	0.0071434 	21140 
672.75 	0.0071434 	21140 
673.25 	0.0071434 	21140 
673.75 	0.0071434 	21140 
674.25 	0.0071434 	21140 
674.75 	0.0071434 	20974 
675.25 	0.0071434 	21140 
675.75 	0.0071434 	21306 
676.25 	0.0071434 	21140 
676.75 	0.0071434 	21140 
677.25 	0.0071434 	20974 
677.75 	0.0071434 	21140 
678.25 	0.0071434 	21140 
678.75 	0.0071434 	21140 
679.25 	0.0071434 	21140 
679.75 	0.0071434 	21140 
680.25 	0.0071434 	21140 
680.75 	0.0071434 	21306 
681.25 	0.0071434 	21140 
681.75 	0.0071434 	21140 
682.25 	0.0071434 	21140 
682.75 	0.0071434 	21140 
683.25 	0.0071434 	21140 
683.75 	0.0071434 	21140 
684.25 	0.0071434 	21140 
684.75 	0.0071434 	21140 
685.25 	0.0071434 	21140 
685.75 	0.0071434 	20974 
686.25 	0.0071434 	21140 
686.75 	0.0071434 	21140 
687.25 	0.0071434 	21140 
687.75 	0.0071434 	21140 
688.25 	0.0071434 	21140 
688.75 	0.0071434 	21140 
689.25 	0.0071434 	21140 
689.75 	0.0071434 	21140 
690.25 	0.0071434 	21140 
690.75 	0.0071434 	21140 
691.25 	0.0071434 	21140 
691.75 	0.0071434 	21306 
692.25 	0.0071434 	21639 
692.72 	0.0071434 	22305 
693.22 	0.0071434 	22638 
693.68 	0.0071434 	23304 
694.18 	0.0071434 	23637 
694.68 	0.0071434 	24303 
695.18 	0.0071434 	24636 
695.68 	0.0071434 	25135 
696.18 	0.0071434 	25634 
696.68 	0.0071434 	26134 
697.18 	0.0071434 	26633 
697.68 	0.0071434 	27132 
698.18 	0.0071434 	27465 
698.68 	0.0071434 	27965 
699.18 	0.0071434 	28464 
699.68 	0.0071434 	29130 
700.18 	0.0071434 	29629 
700.68 	0.0071434 	30129 
701.18 	0.0071434 	30628 
701.57 	0.0071434 	31294 
702.02 	0.0071434 	31960 
702.52 	0.0071434 	32459 
703.02 	0.0071434 	32958 
703.52 	0.0071434 	33624 
704.02 	0.0071434 	34124 
704.52 	0.0071434 	34623 
705.02 	0.0071434 	35122 
705.50 	0.0071434 	35788 
706.00 	0.0071434 	36288 
706.50 	0.0071434 	36620 
706.97 	0.0071434 	37286 
707.47 	0.0071434 	37786 
707.97 	0.0071434 	38285 
708.45 	0.0071434 	38951 
708.95 	0.0071434 	39284 
709.45 	0.0071434 	39783 
709.90 	0.0071434 	40449 
710.40 	0.0071434 	40948 
710.90 	0.0071434 	41281 
711.28 	0.0071434 	41947 
711.78 	0.0071434 	42446 
712.28 	0.0071434 	42946 
712.78 	0.0071434 	43445 
713.28 	0.0071434 	43945 
713.78 	0.0071434 	44444 
714.27 	0.0071434 	45110 
714.77 	0.0071434 	45443 
715.20 	0.0071434 	46109 
715.70 	0.0071434 	46441 
716.18 	0.0071434 	47107 
716.68 	0.0071434 	47607 
717.18 	0.0071434 	48106 
717.68 	0.0071434 	48605 
718.15 	0.0071434 	49271 
718.65 	0.0071434 	49771 
719.15 	0.0071434 	50270 
719.65 	0.0071434 	50769 
720.15 	0.0071434 	51269 
720.65 	0.0071434 	51768 
721.15 	0.0071434 	52267 
721.62 	0.0071434 	52933 
722.12 	0.0071434 	53266 
722.58 	0.0071434 	53932 
723.08 	0.0071434 	54431 
723.58 	0.0071434 	54931 
724.08 	0.0071434 	55430 
724.58 	0.0071434 	55929 
725.08 	0.0071434 	56429 
725.57 	0.0071434 	57095 
726.07 	0.0071434 	57594 
726.57 	0.0071434 	58093 
727.07 	0.0071434 	58593 
727.57 	0.0071434 	59092 
728.03 	0.0071434 	59758 
728.53 	0.0071434 	60091 
728.97 	0.0071434 	60757 
729.47 	0.0071434 	61090 
729.97 	0.0071434 	61589 
730.40 	0.0071434 	62255 
730.90 	0.0071434 	62754 
731.40 	0.0071434 	63254 
731.90 	0.0071434 	63753 
732.40 	0.0071434 	64252 
732.90 	0.0071434 	64918 
733.40 	0.0071434 	65418 
733.90 	0.0071434 	65917 
734.40 	0.0071434 	66416 
734.90 	0.0071434 	66916 
735.37 	0.0071434 	67581 
735.87 	0.0071434 	67914 
736.33 	0.0071434 	68580 
736.83 	0.0071434 	68913 
737.28 	0.0071434 	69579 
737.78 	0.0071434 	70078 
738.28 	0.0071434 	70578 
738.78 	0.0071434 	71077 
739.28 	0.0071434 	71576 
739.78 	0.0071434 	72076 
740.27 	0.0071434 	72742 
740.77 	0.0071434 	73075 
741.25 	0.0071434 	73740 
741.75 	0.0071434 	74240 
742.25 	0.0071434 	74739 
742.75 	0.0071434 	75238 
743.25 	0.0071434 	75738 
743.68 	0.0071434 	76404 
744.18 	0.0071434 	76737 
744.63 	0.0071434 	77402 
745.13 	0.0071434 	77735 
745.63 	0.0071434 	78401 
746.13 	0.0071434 	78734 
746.55 	0.0071434 	79400 
747.05 	0.0071434 	79899 
747.55 	0.0071434 	80399 
748.05 	0.0071434 	80898 
748.55 	0.0071434 	81564 
749.05 	0.0071434 	81897 
749.52 	0.0071434 	82563 
750.02 	0.0071434 	83062 
750.52 	0.0071434 	83561 
751.02 	0.0071434 	84061 
751.52 	0.0071434 	84560 
751.97 	0.0071434 	85226 
752.47 	0.0071434 	85559 
752.97 	0.0071434 	86058 
753.47 	0.0071434 	86558 
753.88 	0.0071434 	87223 
754.38 	0.0071434 	87556 
754.83 	0.0071434 	88222 
755.33 	0.0071434 	88555 
755.77 	0.0071434 	89221 
756.27 	0.0071434 	89720 
756.77 	0.0071434 	90220 
757.27 	0.0071434 	90719 
757.77 	0.0071434 	91218 
758.25 	0.0071434 	91884 
758.75 	0.0071434 	92217 
759.25 	0.0071434 	92716 
759.73 	0.0071434 	93382 
760.23 	0.0071434 	93715 
760.72 	0.0071434 	94381 
761.22 	0.0071434 	94880 
761.72 	0.0071434 	95380 
762.22 	0.0071434 	95879 
762.72 	0.0071434 	96378 
763.22 	0.0071434 	97044 
763.72 	0.0071434 	97544 
764.22 	0.0071434 	98043 
764.72 	0.0071434 	98542 
765.22 	0.0071434 	99042 
765.68 	0.0071434 	99708 
766.18 	0.0071434 	100210 
766.68 	0.0071434 	100710 
767.18 	0.0071434 	101210 
767.68 	0.0071434 	101710 
768.18 	0.0071434 	102200 
768.68 	0.0071434 	102700 
769.18 	0.0071434 	103200 
769.67 	0.0071434 	103870 
770.17 	0.0071434 	104200 
770.65 	0.0071434 	104870 
771.15 	0.0071434 	105200 
771.65 	0.0071434 	105700 
772.15 	0.0071434 	106030 
772.62 	0.0071434 	106700 
773.12 	0.0071434 	107200 
773.62 	0.0071434 	107700 
774.12 	0.0071434 	107860 
774.23 	0.0071434 	107200 
774.58 	0.0071434 	107860 
774.87 	0.0071434 	108530 
775.37 	0.0071434 	109030 
775.87 	0.0071434 	109200 
776.37 	0.0071434 	109200 
776.43 	0.0071434 	108360 
776.93 	0.0071434 	109030 
777.00 	0.0071434 	108030 
777.03 	0.0071434 	107200 
777.07 	0.0071434 	106370 
777.15 	0.0071434 	105530 
777.25 	0.0071434 	104870 
777.42 	0.0071434 	104200 
777.47 	0.0071434 	103370 
777.50 	0.0071434 	102700 
777.52 	0.0071434 	99874 
777.53 	0.0071434 	90220 
777.55 	0.0071434 	72908 
