Tempo(s)	Deformação(mm)	Força(N)
0.016667 	0.00000 	0.00000 
0.51667 	0.00000 	0.00000 
1.0167 	0.00010662 	332.91 
1.5167 	0.00021324 	665.83 
2.0167 	0.00031985 	998.74 
2.5167 	0.00053309 	1498.1 
3.0167 	0.00074633 	1997.5 
3.5167 	0.00085294 	2496.9 
4.0167 	0.0010662 	2829.8 
4.5167 	0.00095956 	2829.8 
5.0167 	0.0010662 	2996.2 
5.5167 	0.0012794 	3329.1 
6.0167 	0.0012794 	3495.6 
6.5167 	0.0012794 	3828.5 
7.0167 	0.0014927 	4327.9 
7.3667 	0.0017059 	4993.7 
7.8500 	0.0018125 	5659.5 
8.3500 	0.0019191 	5659.5 
8.8500 	0.0022390 	5992.4 
9.1500 	0.0024522 	6658.3 
9.5833 	0.0028787 	7157.6 
9.9167 	0.0030919 	7823.5 
10.233 	0.0033052 	8489.3 
10.583 	0.0036250 	9155.1 
10.983 	0.0039449 	9820.9 
11.433 	0.0041581 	10487 
11.883 	0.0044780 	11153 
12.383 	0.0047978 	11652 
12.717 	0.0050111 	12318 
13.217 	0.0052243 	12817 
13.650 	0.0054375 	13483 
14.150 	0.0056508 	13982 
14.650 	0.0058640 	14482 
15.150 	0.0060772 	14981 
15.650 	0.0062905 	15480 
16.150 	0.0063971 	15980 
16.650 	0.0066103 	16313 
17.150 	0.0066103 	16313 
17.533 	0.0068236 	16979 
17.850 	0.0070368 	17644 
18.300 	0.0072500 	18310 
18.800 	0.0075699 	18810 
19.300 	0.0077831 	19475 
19.800 	0.0079964 	19975 
20.300 	0.0082096 	20474 
20.767 	0.0083162 	21140 
21.267 	0.0085294 	21639 
21.767 	0.0087427 	22139 
22.267 	0.0089559 	22305 
22.767 	0.0089559 	22638 
23.267 	0.0090625 	22805 
23.767 	0.0090625 	22971 
24.267 	0.0091692 	22971 
24.767 	0.0091692 	23137 
25.267 	0.0091692 	23137 
25.767 	0.0091692 	23137 
26.267 	0.0091692 	23137 
26.767 	0.0091692 	23137 
27.267 	0.0091692 	22971 
27.767 	0.0091692 	23137 
28.267 	0.0091692 	23304 
28.767 	0.0091692 	23137 
29.267 	0.0091692 	23137 
29.767 	0.0091692 	23137 
30.267 	0.0091692 	23137 
30.767 	0.0091692 	23137 
31.267 	0.0092758 	23137 
31.767 	0.0091692 	23137 
32.267 	0.0091692 	23137 
32.767 	0.0091692 	23137 
33.267 	0.0092758 	23137 
33.767 	0.0091692 	23137 
34.267 	0.0092758 	23137 
34.767 	0.0092758 	23137 
35.267 	0.0091692 	23137 
35.767 	0.0091692 	23137 
36.267 	0.0091692 	23137 
36.767 	0.0091692 	23137 
37.267 	0.0091692 	23137 
37.767 	0.0091692 	23137 
38.267 	0.0091692 	23137 
38.767 	0.0091692 	23137 
39.267 	0.0091692 	23137 
39.767 	0.0091692 	23137 
40.267 	0.0091692 	23137 
40.767 	0.0091692 	23304 
41.267 	0.0091692 	23137 
41.767 	0.0092758 	23137 
42.267 	0.0091692 	23137 
42.767 	0.0091692 	23137 
43.267 	0.0092758 	23137 
43.767 	0.0092758 	23137 
44.267 	0.0091692 	23137 
44.767 	0.0091692 	23137 
45.267 	0.0091692 	23137 
45.767 	0.0091692 	23304 
46.267 	0.0091692 	23137 
46.767 	0.0091692 	23137 
47.267 	0.0091692 	23304 
47.767 	0.0092758 	23137 
48.267 	0.0092758 	23137 
48.767 	0.0091692 	23137 
49.267 	0.0091692 	23137 
49.767 	0.0091692 	23137 
50.267 	0.0091692 	23137 
50.767 	0.0091692 	23137 
51.267 	0.0091692 	23137 
51.767 	0.0091692 	23137 
52.267 	0.0091692 	23137 
52.767 	0.0091692 	23137 
53.267 	0.0091692 	23137 
53.767 	0.0091692 	23137 
54.267 	0.0091692 	23137 
54.767 	0.0091692 	23137 
55.267 	0.0091692 	23137 
55.767 	0.0091692 	23137 
56.267 	0.0092758 	23304 
56.767 	0.0091692 	23137 
57.267 	0.0091692 	23137 
57.767 	0.0091692 	23137 
58.267 	0.0091692 	23137 
58.767 	0.0091692 	23137 
59.267 	0.0091692 	23137 
59.767 	0.0091692 	23137 
60.267 	0.0091692 	23137 
60.767 	0.0091692 	22971 
61.267 	0.0091692 	23137 
61.767 	0.0091692 	23137 
62.267 	0.0091692 	23137 
62.767 	0.0091692 	23137 
63.267 	0.0091692 	23137 
63.767 	0.0091692 	23137 
64.267 	0.0091692 	23304 
64.767 	0.0091692 	23137 
65.267 	0.0091692 	23137 
65.767 	0.0091692 	23137 
66.267 	0.0091692 	23137 
66.767 	0.0091692 	23137 
67.267 	0.0091692 	23137 
67.767 	0.0091692 	23137 
68.267 	0.0091692 	23137 
68.767 	0.0091692 	23137 
69.267 	0.0091692 	23137 
69.767 	0.0091692 	23137 
70.267 	0.0091692 	23137 
70.767 	0.0091692 	23137 
71.267 	0.0091692 	23137 
71.767 	0.0090625 	23137 
72.267 	0.0091692 	23137 
72.767 	0.0091692 	23137 
73.267 	0.0091692 	23137 
73.767 	0.0091692 	23137 
74.267 	0.0091692 	23137 
74.767 	0.0091692 	23137 
75.267 	0.0091692 	23137 
75.767 	0.0091692 	23137 
76.267 	0.0091692 	23137 
76.767 	0.0091692 	23137 
77.267 	0.0091692 	23137 
77.767 	0.0091692 	23137 
78.267 	0.0091692 	23137 
78.767 	0.0091692 	23137 
79.267 	0.0091692 	23137 
79.767 	0.0091692 	23137 
80.267 	0.0091692 	23304 
80.767 	0.0091692 	23137 
81.267 	0.0091692 	22971 
81.767 	0.0091692 	23137 
82.267 	0.0091692 	23137 
82.767 	0.0091692 	23137 
83.267 	0.0090625 	22971 
83.583 	0.0090625 	22305 
84.083 	0.0088493 	21806 
84.583 	0.0087427 	21473 
85.033 	0.0085294 	20807 
85.533 	0.0084228 	20474 
86.033 	0.0082096 	19975 
86.533 	0.0079964 	19475 
87.000 	0.0078897 	18810 
87.500 	0.0076765 	18477 
88.000 	0.0075699 	18144 
88.500 	0.0073566 	17977 
89.000 	0.0072500 	17644 
89.267 	0.0071434 	16979 
89.683 	0.0068236 	16313 
90.183 	0.0066103 	15813 
90.617 	0.0063971 	15148 
91.117 	0.0060772 	14648 
91.617 	0.0058640 	14149 
92.117 	0.0056508 	13649 
92.617 	0.0054375 	13150 
93.117 	0.0052243 	12651 
93.550 	0.0051177 	11985 
94.050 	0.0047978 	11652 
94.533 	0.0045846 	10986 
95.033 	0.0043713 	10653 
95.450 	0.0042647 	9987.4 
95.950 	0.0039449 	9488.0 
96.450 	0.0038383 	9321.6 
96.800 	0.0036250 	8655.8 
97.300 	0.0034118 	8156.4 
97.800 	0.0031985 	7989.9 
98.133 	0.0030919 	7324.1 
98.633 	0.0028787 	6991.2 
99.083 	0.0026655 	6325.4 
99.583 	0.0024522 	5992.4 
100.08 	0.0023456 	5826.0 
100.58 	0.0021324 	5160.2 
101.08 	0.0019191 	4827.2 
101.58 	0.0018125 	4494.3 
102.08 	0.0015993 	3995.0 
102.58 	0.0013860 	3828.5 
103.08 	0.0012794 	3495.6 
103.58 	0.0011728 	3162.7 
104.08 	0.0010662 	3162.7 
104.58 	0.0010662 	2996.2 
105.08 	0.0010662 	2996.2 
105.58 	0.00095956 	2996.2 
106.08 	0.00095956 	2663.3 
106.58 	0.00085294 	2663.3 
107.08 	0.00085294 	2496.9 
107.58 	0.00095956 	2663.3 
108.08 	0.00095956 	2496.9 
108.58 	0.00085294 	2496.9 
109.08 	0.00085294 	2330.4 
109.58 	0.00085294 	2163.9 
110.08 	0.00085294 	2330.4 
110.58 	0.00085294 	2163.9 
111.08 	0.00074633 	1997.5 
111.58 	0.00074633 	1997.5 
112.08 	0.00063971 	1664.6 
112.58 	0.00053309 	1498.1 
113.08 	0.00042647 	1331.7 
113.58 	0.00042647 	1331.7 
114.08 	0.00031985 	1331.7 
114.58 	0.00042647 	1165.2 
115.08 	0.00042647 	1165.2 
115.58 	0.00031985 	1165.2 
116.08 	0.00031985 	1165.2 
116.58 	0.00031985 	1165.2 
117.08 	0.00031985 	1165.2 
117.58 	0.00031985 	1165.2 
118.08 	0.00031985 	1331.7 
118.58 	0.00031985 	1165.2 
119.08 	0.00031985 	1165.2 
119.58 	0.00031985 	1165.2 
120.08 	0.00031985 	1165.2 
120.58 	0.00031985 	1165.2 
121.08 	0.00031985 	1165.2 
121.58 	0.00031985 	1165.2 
122.08 	0.00031985 	1165.2 
122.58 	0.00031985 	1165.2 
123.08 	0.00031985 	1165.2 
123.58 	0.00031985 	1165.2 
124.08 	0.00021324 	1165.2 
124.58 	0.00021324 	1165.2 
125.08 	0.00031985 	1165.2 
125.58 	0.00021324 	1165.2 
126.08 	0.00021324 	1165.2 
126.58 	0.00031985 	1165.2 
127.08 	0.00031985 	1165.2 
127.58 	0.00031985 	1165.2 
128.08 	0.00031985 	998.74 
128.58 	0.00031985 	1165.2 
129.08 	0.00031985 	1165.2 
129.58 	0.00021324 	1165.2 
130.08 	0.00031985 	1165.2 
130.58 	0.00021324 	1165.2 
131.08 	0.00031985 	1165.2 
131.58 	0.00021324 	998.74 
132.08 	0.00021324 	998.74 
132.58 	0.00031985 	1165.2 
133.08 	0.00021324 	1165.2 
133.58 	0.00021324 	998.74 
134.08 	0.00021324 	1165.2 
134.58 	0.00021324 	1165.2 
135.08 	0.00021324 	1331.7 
135.58 	0.00021324 	1165.2 
136.08 	0.00031985 	1165.2 
136.58 	0.00031985 	1165.2 
137.08 	0.00021324 	1165.2 
137.58 	0.00021324 	1165.2 
138.08 	0.00021324 	1165.2 
138.58 	0.00021324 	1165.2 
139.08 	0.00021324 	998.74 
139.58 	0.00031985 	1165.2 
140.08 	0.00021324 	1165.2 
140.58 	0.00021324 	1331.7 
141.08 	0.00021324 	1165.2 
141.58 	0.00021324 	1165.2 
142.08 	0.00021324 	1165.2 
142.58 	0.00021324 	1165.2 
143.08 	0.00021324 	1165.2 
143.58 	0.00021324 	1165.2 
144.08 	0.00021324 	1165.2 
144.58 	0.00021324 	1165.2 
145.08 	0.00021324 	1331.7 
145.58 	0.00021324 	1331.7 
146.08 	0.00021324 	1165.2 
146.58 	0.00021324 	998.74 
147.08 	0.00021324 	1165.2 
147.58 	0.00031985 	1165.2 
148.08 	0.00031985 	1331.7 
148.58 	0.00021324 	1331.7 
149.08 	0.00021324 	998.74 
149.58 	0.00021324 	1165.2 
150.08 	0.00021324 	1331.7 
150.58 	0.00021324 	1331.7 
151.08 	0.00021324 	1165.2 
151.58 	0.00021324 	1165.2 
152.08 	0.00021324 	1165.2 
152.58 	0.00021324 	1165.2 
153.08 	0.00021324 	1165.2 
153.58 	0.00021324 	1331.7 
154.08 	0.00021324 	1331.7 
154.58 	0.00021324 	1331.7 
155.08 	0.00021324 	1165.2 
155.58 	0.00021324 	1165.2 
156.08 	0.00021324 	1165.2 
156.58 	0.00021324 	1165.2 
157.08 	0.00021324 	1165.2 
157.58 	0.00021324 	1165.2 
158.08 	0.00021324 	1165.2 
158.58 	0.00021324 	1165.2 
159.08 	0.00021324 	1165.2 
159.58 	0.00021324 	1165.2 
160.08 	0.00021324 	1165.2 
160.58 	0.00010662 	1165.2 
161.08 	0.00021324 	1331.7 
161.58 	0.00021324 	1165.2 
162.08 	0.00021324 	1165.2 
162.58 	0.00021324 	1165.2 
163.08 	0.00021324 	1165.2 
163.58 	0.00021324 	1165.2 
164.08 	0.00021324 	1331.7 
164.58 	0.00021324 	1165.2 
165.08 	0.00021324 	1165.2 
165.58 	0.00021324 	1165.2 
166.08 	0.00021324 	1165.2 
166.58 	0.00021324 	1165.2 
167.08 	0.00021324 	1165.2 
167.58 	0.00031985 	1498.1 
168.08 	0.00031985 	1831.0 
168.58 	0.00053309 	2163.9 
169.08 	0.00063971 	2663.3 
169.58 	0.00074633 	2829.8 
170.08 	0.00074633 	2829.8 
170.58 	0.00074633 	3162.7 
171.08 	0.00085294 	3329.1 
171.58 	0.00095956 	3495.6 
172.08 	0.0010662 	3828.5 
172.47 	0.0011728 	4494.3 
172.97 	0.0013860 	4993.7 
173.47 	0.0014927 	5326.6 
173.97 	0.0017059 	5826.0 
174.47 	0.0019191 	6158.9 
174.73 	0.0022390 	6824.7 
175.23 	0.0025588 	7490.6 
175.52 	0.0027721 	8156.4 
175.90 	0.0031985 	8489.3 
176.12 	0.0033052 	9155.1 
176.45 	0.0035184 	9820.9 
176.93 	0.0039449 	10320 
177.23 	0.0040515 	10986 
177.73 	0.0043713 	11486 
178.13 	0.0045846 	12151 
178.62 	0.0047978 	12817 
179.12 	0.0051177 	13317 
179.60 	0.0053309 	13982 
180.10 	0.0055441 	14315 
180.50 	0.0057574 	14981 
181.00 	0.0059706 	15314 
181.50 	0.0060772 	15647 
182.00 	0.0061839 	16146 
182.50 	0.0063971 	16479 
183.00 	0.0063971 	16812 
183.33 	0.0066103 	17478 
183.77 	0.0069302 	18144 
184.27 	0.0071434 	18643 
184.67 	0.0073566 	19309 
185.17 	0.0076765 	19808 
185.67 	0.0077831 	20308 
186.17 	0.0079964 	20807 
186.67 	0.0082096 	21306 
187.17 	0.0084228 	21806 
187.67 	0.0086361 	22305 
188.17 	0.0087427 	22472 
188.67 	0.0088493 	22805 
189.17 	0.0088493 	22971 
189.67 	0.0088493 	22971 
190.17 	0.0089559 	23137 
190.67 	0.0089559 	23137 
191.17 	0.0089559 	23137 
191.67 	0.0089559 	23137 
192.17 	0.0089559 	23137 
192.67 	0.0089559 	23137 
193.17 	0.0089559 	23137 
193.67 	0.0089559 	22971 
194.17 	0.0089559 	23137 
194.67 	0.0089559 	23137 
195.17 	0.0089559 	23137 
195.67 	0.0088493 	23137 
196.17 	0.0088493 	22971 
196.67 	0.0089559 	23137 
197.17 	0.0088493 	23137 
197.67 	0.0088493 	23137 
198.17 	0.0089559 	23137 
198.67 	0.0088493 	23137 
199.17 	0.0088493 	23137 
199.67 	0.0089559 	23137 
200.17 	0.0089559 	23137 
200.67 	0.0088493 	23137 
201.17 	0.0089559 	23137 
201.67 	0.0089559 	23137 
202.17 	0.0089559 	23137 
202.67 	0.0089559 	23137 
203.17 	0.0089559 	23137 
203.67 	0.0088493 	23137 
204.17 	0.0089559 	23137 
204.67 	0.0089559 	23137 
205.17 	0.0089559 	23137 
205.67 	0.0089559 	22971 
206.17 	0.0088493 	23137 
206.67 	0.0089559 	23137 
207.17 	0.0089559 	23137 
207.67 	0.0088493 	23137 
208.17 	0.0089559 	23137 
208.67 	0.0089559 	23137 
209.17 	0.0089559 	23137 
209.67 	0.0089559 	23137 
210.17 	0.0089559 	23137 
210.67 	0.0089559 	23137 
211.17 	0.0088493 	23137 
211.67 	0.0089559 	23137 
212.17 	0.0089559 	23137 
212.67 	0.0089559 	23137 
213.17 	0.0089559 	23137 
213.67 	0.0089559 	23137 
214.17 	0.0089559 	23137 
214.67 	0.0088493 	23137 
215.17 	0.0089559 	23137 
215.67 	0.0089559 	23137 
216.17 	0.0089559 	23137 
216.67 	0.0088493 	22971 
217.17 	0.0089559 	23137 
217.67 	0.0089559 	23137 
218.17 	0.0089559 	23137 
218.67 	0.0089559 	23137 
219.17 	0.0089559 	23137 
219.67 	0.0089559 	23137 
220.17 	0.0089559 	23137 
220.67 	0.0088493 	23137 
221.17 	0.0089559 	23137 
221.67 	0.0089559 	23137 
222.17 	0.0089559 	23137 
222.67 	0.0088493 	23304 
223.17 	0.0089559 	23137 
223.67 	0.0088493 	23137 
224.17 	0.0089559 	23137 
224.67 	0.0089559 	23137 
225.17 	0.0089559 	23137 
225.67 	0.0088493 	23137 
226.17 	0.0088493 	23137 
226.67 	0.0089559 	23137 
227.17 	0.0089559 	23137 
227.67 	0.0089559 	23137 
228.17 	0.0089559 	23137 
228.67 	0.0089559 	23137 
229.17 	0.0088493 	23137 
229.67 	0.0088493 	23137 
230.17 	0.0089559 	23137 
230.67 	0.0089559 	23304 
231.17 	0.0088493 	23137 
231.67 	0.0089559 	23137 
232.17 	0.0089559 	23137 
232.67 	0.0089559 	23137 
233.17 	0.0088493 	23137 
233.67 	0.0089559 	23137 
234.17 	0.0088493 	23137 
234.67 	0.0089559 	22971 
235.17 	0.0089559 	22971 
235.67 	0.0089559 	23137 
236.17 	0.0088493 	23137 
236.67 	0.0089559 	23137 
237.17 	0.0088493 	23137 
237.67 	0.0088493 	23304 
238.17 	0.0088493 	23137 
238.67 	0.0088493 	23137 
239.17 	0.0089559 	23137 
239.67 	0.0088493 	23137 
240.17 	0.0088493 	23137 
240.67 	0.0089559 	23304 
241.17 	0.0089559 	23137 
241.67 	0.0089559 	23137 
242.17 	0.0089559 	23137 
242.67 	0.0088493 	23304 
243.17 	0.0089559 	23137 
243.67 	0.0088493 	23137 
244.17 	0.0089559 	23137 
244.67 	0.0089559 	23137 
245.17 	0.0089559 	23137 
245.67 	0.0089559 	23137 
246.17 	0.0088493 	23137 
246.67 	0.0088493 	23137 
247.17 	0.0088493 	23137 
247.67 	0.0088493 	23137 
248.17 	0.0088493 	23137 
248.67 	0.0088493 	22971 
249.08 	0.0088493 	22305 
249.58 	0.0086361 	21972 
250.08 	0.0084228 	21473 
250.58 	0.0083162 	20974 
251.08 	0.0082096 	20308 
251.58 	0.0079964 	19975 
252.08 	0.0077831 	19475 
252.58 	0.0075699 	18976 
253.08 	0.0073566 	18477 
253.58 	0.0072500 	18144 
254.08 	0.0071434 	17977 
254.58 	0.0070368 	17478 
254.92 	0.0068236 	16812 
255.37 	0.0065037 	16146 
255.87 	0.0062905 	15647 
256.30 	0.0060772 	14981 
256.80 	0.0058640 	14648 
257.25 	0.0056508 	13982 
257.75 	0.0054375 	13483 
258.25 	0.0052243 	12984 
258.75 	0.0050111 	12484 
259.25 	0.0047978 	11985 
259.75 	0.0045846 	11486 
260.25 	0.0042647 	10986 
260.65 	0.0040515 	10320 
261.15 	0.0039449 	10154 
261.52 	0.0037316 	9488.0 
262.02 	0.0035184 	9321.6 
262.37 	0.0034118 	8655.8 
262.87 	0.0031985 	8156.4 
263.37 	0.0028787 	7823.5 
263.87 	0.0026655 	7324.1 
264.33 	0.0025588 	6658.3 
264.83 	0.0022390 	6325.4 
265.33 	0.0021324 	5826.0 
265.83 	0.0019191 	5493.1 
266.33 	0.0017059 	4993.7 
266.83 	0.0014927 	4494.3 
267.33 	0.0013860 	4327.9 
267.83 	0.0011728 	3995.0 
268.33 	0.0010662 	3662.0 
268.83 	0.00095956 	3329.1 
269.33 	0.00085294 	3329.1 
269.83 	0.00074633 	3162.7 
270.33 	0.00074633 	3162.7 
270.83 	0.00074633 	2996.2 
271.33 	0.00074633 	2996.2 
271.83 	0.00063971 	2663.3 
272.33 	0.00063971 	2663.3 
272.83 	0.00063971 	2663.3 
273.33 	0.00063971 	2663.3 
273.83 	0.00063971 	2496.9 
274.33 	0.00063971 	2330.4 
274.83 	0.00063971 	2330.4 
275.33 	0.00063971 	2330.4 
275.83 	0.00053309 	2163.9 
276.33 	0.00053309 	1997.5 
276.83 	0.00053309 	1997.5 
277.33 	0.00042647 	1831.0 
277.83 	0.00031985 	1664.6 
278.33 	0.00021324 	1331.7 
278.83 	0.00021324 	1331.7 
279.33 	0.00021324 	1331.7 
279.83 	0.00010662 	1331.7 
280.33 	0.00010662 	1165.2 
280.83 	0.00010662 	1165.2 
281.33 	0.00010662 	1165.2 
281.83 	0.00010662 	1331.7 
282.33 	0.00010662 	1165.2 
282.83 	0.00000 	1165.2 
283.33 	0.00000 	1165.2 
283.83 	0.00010662 	1165.2 
284.33 	0.00000 	998.74 
284.83 	0.00000 	1165.2 
285.33 	0.00000 	1165.2 
285.83 	0.00000 	1165.2 
286.33 	0.00000 	1165.2 
286.83 	0.00000 	1165.2 
287.33 	0.00000 	1165.2 
287.83 	0.00000 	1165.2 
288.33 	0.00000 	1331.7 
288.83 	0.00000 	998.74 
289.33 	0.00000 	1165.2 
289.83 	0.00000 	1165.2 
290.33 	0.00000 	1165.2 
290.83 	0.00000 	1165.2 
291.33 	0.00000 	1165.2 
291.83 	0.00000 	1331.7 
292.33 	0.00000 	1331.7 
292.83 	0.00000 	1165.2 
293.33 	0.00000 	1165.2 
293.83 	0.00000 	1165.2 
294.33 	0.00000 	1165.2 
294.83 	0.00000 	1165.2 
295.33 	0.00000 	1165.2 
295.83 	0.00000 	1165.2 
296.33 	0.00000 	1165.2 
296.83 	0.00000 	1165.2 
297.33 	0.00010662 	1165.2 
297.83 	0.00000 	1165.2 
298.33 	0.00000 	1165.2 
298.83 	0.00000 	1165.2 
299.33 	0.00010662 	1331.7 
299.83 	0.00000 	1165.2 
300.33 	0.00000 	1165.2 
300.83 	0.00000 	1165.2 
301.33 	0.00000 	1331.7 
301.83 	0.00000 	1165.2 
302.33 	0.00000 	1165.2 
302.83 	0.00000 	1165.2 
303.33 	0.00000 	1165.2 
303.83 	0.00000 	1331.7 
304.33 	0.00000 	1165.2 
304.83 	0.00000 	998.74 
305.33 	0.00000 	1165.2 
305.83 	0.00000 	1165.2 
306.33 	0.00000 	1165.2 
306.83 	0.00000 	1165.2 
307.33 	0.00000 	1165.2 
307.83 	0.00000 	1165.2 
308.33 	0.00000 	1331.7 
308.83 	0.00000 	1165.2 
309.33 	0.00000 	1165.2 
309.83 	0.00000 	1165.2 
310.33 	0.00000 	1165.2 
310.83 	0.00000 	1331.7 
311.33 	0.00000 	1165.2 
311.83 	0.00000 	1165.2 
312.33 	0.00000 	1165.2 
312.83 	0.00000 	1165.2 
313.33 	0.00000 	1165.2 
313.83 	0.00000 	1165.2 
314.33 	0.00000 	1165.2 
314.83 	0.00000 	1331.7 
315.33 	0.00000 	1331.7 
315.83 	0.00000 	1165.2 
316.33 	0.00000 	998.74 
316.83 	0.00000 	1165.2 
317.33 	0.00000 	1165.2 
317.83 	0.00000 	1331.7 
318.33 	0.00000 	998.74 
318.83 	0.00000 	1165.2 
319.33 	0.00000 	1165.2 
319.83 	0.00000 	1165.2 
320.33 	0.00000 	1331.7 
320.83 	0.00000 	998.74 
321.33 	0.00000 	1165.2 
321.83 	0.00000 	1165.2 
322.33 	0.00000 	1331.7 
322.83 	0.00000 	1165.2 
323.33 	0.00000 	1165.2 
323.83 	-0.0001068 	1165.2 
324.33 	0.00000 	1165.2 
324.83 	0.00000 	1165.2 
325.33 	0.00000 	1165.2 
325.83 	0.00000 	1165.2 
326.33 	0.00000 	1165.2 
326.83 	0.00000 	1165.2 
327.33 	-0.0001068 	1165.2 
327.83 	0.00000 	1165.2 
328.33 	0.00000 	1331.7 
328.83 	0.00000 	1331.7 
329.33 	0.00000 	1165.2 
329.83 	0.00000 	998.74 
330.33 	0.00000 	1165.2 
330.83 	0.00000 	1165.2 
331.33 	0.00000 	1165.2 
331.83 	0.00000 	1165.2 
332.33 	0.00000 	1165.2 
332.83 	0.00000 	1165.2 
333.33 	0.00010662 	1498.1 
333.83 	0.00021324 	1831.0 
334.33 	0.00031985 	2330.4 
334.83 	0.00053309 	2663.3 
335.33 	0.00053309 	2829.8 
335.83 	0.00053309 	2996.2 
336.33 	0.00053309 	3162.7 
336.83 	0.00063971 	3495.6 
337.33 	0.00063971 	3495.6 
337.75 	0.00085294 	4161.4 
338.20 	0.0010662 	4827.2 
338.70 	0.0012794 	5326.6 
339.20 	0.0013860 	5493.1 
339.70 	0.0015993 	5826.0 
340.10 	0.0018125 	6491.8 
340.50 	0.0021324 	7157.6 
340.87 	0.0024522 	7823.5 
341.32 	0.0028787 	8322.8 
341.57 	0.0029853 	8988.7 
341.92 	0.0033052 	9654.5 
342.40 	0.0036250 	10320 
342.87 	0.0039449 	10986 
343.25 	0.0041581 	11652 
343.75 	0.0044780 	12151 
344.18 	0.0046912 	12817 
344.68 	0.0049044 	13317 
345.18 	0.0051177 	13816 
345.67 	0.0053309 	14482 
346.17 	0.0055441 	14815 
346.60 	0.0057574 	15480 
347.10 	0.0058640 	15813 
347.60 	0.0060772 	16146 
348.10 	0.0061839 	16646 
348.60 	0.0062905 	16812 
348.88 	0.0065037 	17478 
349.32 	0.0068236 	18144 
349.80 	0.0070368 	18810 
350.30 	0.0072500 	19309 
350.77 	0.0074633 	19975 
351.27 	0.0075699 	20308 
351.75 	0.0078897 	20974 
352.25 	0.0079964 	21306 
352.75 	0.0082096 	21806 
353.25 	0.0083162 	22305 
353.75 	0.0085294 	22638 
354.25 	0.0086361 	22805 
354.75 	0.0086361 	22971 
355.25 	0.0086361 	22971 
355.75 	0.0087427 	23137 
356.25 	0.0087427 	23304 
356.75 	0.0087427 	23137 
357.25 	0.0086361 	22971 
357.75 	0.0087427 	23137 
358.25 	0.0087427 	23137 
358.75 	0.0087427 	23137 
359.25 	0.0087427 	23137 
359.75 	0.0087427 	23137 
360.25 	0.0087427 	23304 
360.75 	0.0087427 	23137 
361.25 	0.0087427 	23137 
361.75 	0.0087427 	23137 
362.25 	0.0087427 	23137 
362.75 	0.0087427 	23137 
363.25 	0.0086361 	23137 
363.75 	0.0087427 	23137 
364.25 	0.0087427 	23137 
364.75 	0.0087427 	23137 
365.25 	0.0087427 	23137 
365.75 	0.0087427 	23137 
366.25 	0.0086361 	23137 
366.75 	0.0087427 	23304 
367.25 	0.0087427 	23137 
367.75 	0.0087427 	23137 
368.25 	0.0087427 	22971 
368.75 	0.0087427 	23137 
369.25 	0.0087427 	23137 
369.75 	0.0087427 	23137 
370.25 	0.0087427 	23137 
370.75 	0.0087427 	23137 
371.25 	0.0087427 	23137 
371.75 	0.0087427 	23137 
372.25 	0.0087427 	23137 
372.75 	0.0087427 	23137 
373.25 	0.0087427 	23137 
373.75 	0.0087427 	23137 
374.25 	0.0087427 	23137 
374.75 	0.0087427 	23137 
375.25 	0.0087427 	23137 
375.75 	0.0087427 	23137 
376.25 	0.0087427 	23137 
376.75 	0.0087427 	23137 
377.25 	0.0087427 	23137 
377.75 	0.0087427 	22971 
378.25 	0.0087427 	23137 
378.75 	0.0087427 	23137 
379.25 	0.0087427 	23137 
379.75 	0.0087427 	23137 
380.25 	0.0088493 	23137 
380.75 	0.0087427 	23137 
381.25 	0.0087427 	23137 
381.75 	0.0087427 	23137 
382.25 	0.0087427 	23137 
382.75 	0.0087427 	23137 
383.25 	0.0087427 	23304 
383.75 	0.0087427 	23137 
384.25 	0.0087427 	23137 
384.75 	0.0087427 	23137 
385.25 	0.0087427 	23137 
385.75 	0.0087427 	23137 
386.25 	0.0087427 	23137 
386.75 	0.0087427 	23137 
387.25 	0.0087427 	23137 
387.75 	0.0087427 	22971 
388.25 	0.0087427 	23137 
388.75 	0.0087427 	23137 
389.25 	0.0087427 	23137 
389.75 	0.0087427 	23137 
390.25 	0.0087427 	23137 
390.75 	0.0087427 	23137 
391.25 	0.0087427 	23137 
391.75 	0.0088493 	23137 
392.25 	0.0087427 	23137 
392.75 	0.0087427 	23137 
393.25 	0.0088493 	23304 
393.75 	0.0088493 	23137 
394.25 	0.0087427 	23137 
394.75 	0.0087427 	23137 
395.25 	0.0087427 	23137 
395.75 	0.0087427 	23137 
396.25 	0.0087427 	23137 
396.75 	0.0087427 	23137 
397.25 	0.0087427 	23137 
397.75 	0.0087427 	23137 
398.25 	0.0087427 	23137 
398.75 	0.0088493 	23137 
399.25 	0.0087427 	23137 
399.75 	0.0087427 	23137 
400.25 	0.0087427 	23137 
400.75 	0.0087427 	23137 
401.25 	0.0087427 	23137 
401.75 	0.0087427 	23137 
402.25 	0.0087427 	23137 
402.75 	0.0087427 	23137 
403.25 	0.0087427 	23137 
403.75 	0.0087427 	23137 
404.25 	0.0087427 	23137 
404.75 	0.0087427 	23137 
405.25 	0.0087427 	23304 
405.75 	0.0088493 	23304 
406.25 	0.0087427 	23137 
406.75 	0.0087427 	23137 
407.25 	0.0087427 	22971 
407.75 	0.0087427 	23137 
408.25 	0.0087427 	23137 
408.75 	0.0087427 	23137 
409.25 	0.0087427 	23304 
409.75 	0.0087427 	23137 
410.25 	0.0087427 	23137 
410.75 	0.0087427 	23137 
411.25 	0.0087427 	23137 
411.75 	0.0087427 	23137 
412.25 	0.0088493 	23137 
412.75 	0.0087427 	23137 
413.25 	0.0087427 	23137 
413.75 	0.0087427 	23137 
414.25 	0.0087427 	22971 
414.60 	0.0086361 	22305 
415.10 	0.0085294 	21972 
415.60 	0.0083162 	21473 
416.10 	0.0082096 	20974 
416.60 	0.0079964 	20474 
417.10 	0.0077831 	19975 
417.60 	0.0076765 	19475 
418.10 	0.0074633 	18976 
418.60 	0.0072500 	18643 
419.10 	0.0070368 	18144 
419.60 	0.0069302 	17811 
420.10 	0.0069302 	17644 
420.45 	0.0067169 	16979 
420.83 	0.0063971 	16313 
421.28 	0.0061839 	15647 
421.78 	0.0059706 	15148 
422.28 	0.0057574 	14648 
422.78 	0.0055441 	14149 
423.28 	0.0053309 	13649 
423.75 	0.0051177 	12984 
424.25 	0.0049044 	12484 
424.75 	0.0045846 	11985 
425.25 	0.0043713 	11486 
425.75 	0.0042647 	10986 
426.25 	0.0040515 	10487 
426.75 	0.0037316 	9987.4 
427.25 	0.0035184 	9488.0 
427.75 	0.0033052 	8988.7 
428.25 	0.0030919 	8655.8 
428.58 	0.0029853 	7989.9 
429.08 	0.0026655 	7657.0 
429.58 	0.0025588 	6991.2 
430.08 	0.0023456 	6658.3 
430.58 	0.0021324 	6325.4 
431.00 	0.0019191 	5659.5 
431.50 	0.0018125 	5326.6 
432.00 	0.0015993 	5160.2 
432.48 	0.0014927 	4494.3 
432.98 	0.0012794 	4161.4 
433.48 	0.0010662 	3828.5 
433.98 	0.00095956 	3662.0 
434.48 	0.00085294 	3162.7 
434.98 	0.00074633 	3162.7 
435.48 	0.00063971 	3162.7 
435.98 	0.00063971 	3162.7 
436.48 	0.00063971 	2996.2 
436.98 	0.00053309 	2996.2 
437.48 	0.00053309 	2663.3 
437.98 	0.00053309 	2496.9 
438.48 	0.00053309 	2496.9 
438.98 	0.00042647 	2663.3 
439.48 	0.00053309 	2496.9 
439.98 	0.00042647 	2330.4 
440.48 	0.00042647 	2330.4 
440.98 	0.00042647 	2163.9 
441.48 	0.00042647 	2163.9 
441.98 	0.00042647 	2163.9 
442.48 	0.00031985 	1831.0 
442.98 	0.00021324 	1664.6 
443.48 	0.00010662 	1498.1 
443.98 	0.00010662 	1498.1 
444.48 	0.00010662 	1331.7 
444.98 	0.00000 	1331.7 
445.48 	0.00000 	1331.7 
445.98 	0.00000 	1165.2 
446.48 	-0.0001068 	1165.2 
446.98 	-0.0001068 	998.74 
447.48 	-0.0001068 	1165.2 
447.98 	-0.0001068 	1331.7 
448.48 	-0.0001068 	1165.2 
448.98 	-0.0001068 	1165.2 
449.48 	-0.0001068 	1331.7 
449.98 	-0.0001068 	1165.2 
450.48 	-0.0001068 	1165.2 
450.98 	-0.0001068 	1165.2 
451.48 	-0.0001068 	1165.2 
451.98 	-0.0001068 	1165.2 
452.48 	-0.0001068 	1331.7 
452.98 	-0.0001068 	1331.7 
453.48 	-0.0001068 	1165.2 
453.98 	-0.0001068 	1165.2 
454.48 	-0.0001068 	1165.2 
454.98 	-0.0001068 	1165.2 
455.48 	-0.0001068 	1165.2 
455.98 	-0.0001068 	1165.2 
456.48 	-0.0001068 	1165.2 
456.98 	-0.0002136 	1165.2 
457.48 	-0.0001068 	1165.2 
457.98 	-0.0001068 	1165.2 
458.48 	-0.0002136 	998.74 
458.98 	-0.0001068 	1165.2 
459.48 	-0.0001068 	1165.2 
459.98 	-0.0001068 	1331.7 
460.48 	-0.0001068 	1331.7 
460.98 	-0.0002136 	1165.2 
461.48 	-0.0002136 	1165.2 
461.98 	-0.0001068 	1165.2 
462.48 	-0.0001068 	1165.2 
462.98 	-0.0002136 	1165.2 
463.48 	-0.0001068 	1165.2 
463.98 	-0.0002136 	1165.2 
464.48 	-0.0001068 	1331.7 
464.98 	-0.0001068 	1165.2 
465.48 	-0.0001068 	1165.2 
465.98 	-0.0001068 	998.74 
466.48 	-0.0001068 	1331.7 
466.98 	-0.0002136 	1331.7 
467.48 	-0.0002136 	1331.7 
467.98 	-0.0001068 	1165.2 
468.48 	-0.0001068 	1165.2 
468.98 	-0.0002136 	1165.2 
469.48 	-0.0002136 	1331.7 
469.98 	-0.0002136 	1165.2 
470.48 	-0.0002136 	1165.2 
470.98 	-0.0002136 	1165.2 
471.48 	-0.0002136 	1331.7 
471.98 	-0.0001068 	1165.2 
472.48 	-0.0002136 	1165.2 
472.98 	-0.0001068 	1165.2 
473.48 	-0.0001068 	1331.7 
473.98 	-0.0001068 	1331.7 
474.48 	-0.0001068 	1165.2 
474.98 	-0.0001068 	998.74 
475.48 	-0.0001068 	1165.2 
475.98 	-0.0001068 	1331.7 
476.48 	-0.0002136 	1165.2 
476.98 	-0.0002136 	1165.2 
477.48 	-0.0002136 	998.74 
477.98 	-0.0002136 	1165.2 
478.48 	-0.0002136 	1331.7 
478.98 	-0.0002136 	1331.7 
479.48 	-0.0001068 	1165.2 
479.98 	-0.0002136 	998.74 
480.48 	-0.0002136 	998.74 
480.98 	-0.0001068 	1331.7 
481.48 	-0.0002136 	1331.7 
481.98 	-0.0002136 	1165.2 
482.48 	-0.0002136 	1165.2 
482.98 	-0.0002136 	1165.2 
483.48 	-0.0002136 	1331.7 
483.98 	-0.0001068 	1331.7 
484.48 	-0.0002136 	998.74 
484.98 	-0.0002136 	1165.2 
485.48 	-0.0002136 	1165.2 
485.98 	-0.0002136 	1165.2 
486.48 	-0.0002136 	1331.7 
486.98 	-0.0002136 	1331.7 
487.48 	-0.0001068 	1165.2 
487.98 	-0.0002136 	1165.2 
488.48 	-0.0001068 	1165.2 
488.98 	-0.0002136 	1165.2 
489.48 	-0.0002136 	1331.7 
489.98 	-0.0002136 	998.74 
490.48 	-0.0002136 	1165.2 
490.98 	-0.0001068 	1331.7 
491.48 	-0.0002136 	1165.2 
491.98 	-0.0002136 	1165.2 
492.48 	-0.0002136 	1165.2 
492.98 	-0.0001068 	1165.2 
493.48 	-0.0001068 	1331.7 
493.98 	-0.0002136 	1165.2 
494.48 	-0.0001068 	1165.2 
494.98 	-0.0002136 	1165.2 
495.48 	-0.0002136 	998.74 
495.98 	-0.0002136 	1165.2 
496.48 	-0.0002136 	1331.7 
496.98 	-0.0002136 	1165.2 
497.48 	-0.0002136 	1165.2 
497.83 	-0.0002136 	1165.2 
498.33 	-0.0001068 	1331.7 
498.83 	-0.0002136 	1165.2 
499.33 	-0.0002136 	1165.2 
499.83 	-0.0002136 	1165.2 
500.33 	-0.0002136 	1165.2 
500.83 	-0.0001068 	1165.2 
501.33 	-0.0002136 	1165.2 
501.83 	-0.0001068 	1165.2 
502.33 	-0.0002136 	1165.2 
502.83 	-0.0002136 	1165.2 
503.33 	-0.0002136 	1331.7 
503.83 	-0.0002136 	1165.2 
504.33 	-0.0002136 	1165.2 
504.83 	-0.0002136 	1165.2 
505.33 	-0.0002136 	1165.2 
505.83 	-0.0002136 	1165.2 
506.33 	-0.0002136 	1331.7 
506.83 	-0.0002136 	1165.2 
507.33 	-0.0002136 	1165.2 
507.83 	-0.0002136 	1165.2 
508.33 	-0.0002136 	1331.7 
508.83 	-0.0002136 	1165.2 
509.33 	-0.0002136 	1165.2 
509.83 	-0.0002136 	1165.2 
510.33 	-0.0002136 	1165.2 
510.83 	-0.0002136 	1165.2 
511.33 	-0.0002136 	1165.2 
511.83 	-0.0002136 	1165.2 
512.33 	-0.0002136 	1165.2 
512.83 	-0.0002136 	1331.7 
513.33 	-0.0001068 	1331.7 
513.83 	-0.0001068 	1331.7 
514.33 	-0.0001068 	1165.2 
514.83 	-0.0002136 	1165.2 
515.33 	-0.0001068 	1165.2 
515.83 	-0.0002136 	1165.2 
516.33 	-0.0002136 	998.74 
516.83 	-0.0002136 	1165.2 
517.33 	-0.0002136 	1165.2 
517.83 	-0.0001068 	1331.7 
518.33 	-0.0002136 	1165.2 
518.83 	-0.0002136 	1165.2 
519.33 	-0.0002136 	1165.2 
519.83 	-0.0002136 	1165.2 
520.33 	-0.0001068 	1165.2 
520.83 	-0.0001068 	1165.2 
521.33 	-0.0002136 	1331.7 
521.83 	-0.0002136 	1165.2 
522.33 	-0.0002136 	998.74 
522.83 	-0.0002136 	998.74 
523.33 	-0.0002136 	1165.2 
523.83 	-0.0001068 	1331.7 
524.33 	-0.0002136 	1331.7 
524.83 	-0.0001068 	998.74 
525.33 	-0.0002136 	1165.2 
525.83 	-0.0002136 	1165.2 
526.33 	-0.0001068 	1165.2 
526.83 	-0.0002136 	1165.2 
527.33 	-0.0002136 	1165.2 
527.83 	-0.0002136 	1165.2 
528.33 	-0.0002136 	1165.2 
528.83 	-0.0002136 	1165.2 
529.33 	-0.0002136 	1331.7 
529.83 	-0.0001068 	1498.1 
530.33 	0.00000 	1831.0 
530.83 	0.00021324 	2330.4 
531.33 	0.00031985 	2829.8 
531.83 	0.00031985 	2829.8 
532.33 	0.00042647 	2829.8 
532.83 	0.00042647 	3162.7 
533.33 	0.00053309 	3329.1 
533.83 	0.00053309 	3495.6 
534.33 	0.00074633 	4161.4 
534.80 	0.00095956 	4827.2 
535.28 	0.0011728 	5493.1 
535.78 	0.0012794 	5493.1 
536.28 	0.0014927 	5826.0 
536.63 	0.0015993 	6491.8 
537.02 	0.0019191 	7157.6 
537.47 	0.0023456 	7490.6 
537.70 	0.0024522 	8156.4 
538.05 	0.0027721 	8822.2 
538.28 	0.0029853 	9488.0 
538.78 	0.0033052 	9820.9 
539.02 	0.0035184 	10487 
539.52 	0.0038383 	11153 
540.02 	0.0040515 	11652 
540.40 	0.0042647 	12318 
540.88 	0.0045846 	12984 
541.38 	0.0047978 	13483 
541.88 	0.0050111 	13982 
542.38 	0.0052243 	14648 
542.88 	0.0054375 	15148 
543.38 	0.0056508 	15480 
543.88 	0.0057574 	15813 
544.38 	0.0059706 	16313 
544.88 	0.0060772 	16479 
545.33 	0.0061839 	17145 
545.68 	0.0063971 	17811 
546.13 	0.0067169 	18477 
546.63 	0.0069302 	18976 
547.07 	0.0071434 	19642 
547.57 	0.0073566 	19975 
548.05 	0.0075699 	20641 
548.55 	0.0077831 	21140 
549.05 	0.0079964 	21639 
549.55 	0.0082096 	22139 
550.05 	0.0083162 	22472 
550.55 	0.0083162 	22638 
551.05 	0.0085294 	22805 
551.55 	0.0085294 	23137 
552.05 	0.0085294 	23137 
552.55 	0.0085294 	23137 
553.05 	0.0085294 	23137 
553.55 	0.0085294 	23137 
554.05 	0.0086361 	23137 
554.55 	0.0086361 	23137 
555.05 	0.0085294 	23137 
555.55 	0.0085294 	22971 
556.05 	0.0086361 	23137 
556.55 	0.0086361 	23304 
557.05 	0.0085294 	23137 
557.55 	0.0086361 	23137 
558.05 	0.0086361 	22971 
558.55 	0.0085294 	23137 
559.05 	0.0086361 	23137 
559.55 	0.0086361 	23304 
560.05 	0.0085294 	23137 
560.55 	0.0085294 	23137 
561.05 	0.0085294 	22971 
561.55 	0.0086361 	23137 
562.05 	0.0086361 	23137 
562.55 	0.0085294 	23137 
563.05 	0.0086361 	23304 
563.55 	0.0086361 	23137 
564.05 	0.0086361 	23137 
564.55 	0.0086361 	23137 
565.05 	0.0086361 	23137 
565.55 	0.0086361 	23137 
566.05 	0.0086361 	23137 
566.55 	0.0085294 	23137 
567.05 	0.0085294 	23137 
567.55 	0.0085294 	23137 
568.05 	0.0086361 	23137 
568.55 	0.0086361 	23137 
569.05 	0.0086361 	23137 
569.55 	0.0086361 	22971 
570.05 	0.0086361 	23137 
570.55 	0.0086361 	23137 
571.05 	0.0086361 	23137 
571.55 	0.0085294 	23137 
572.05 	0.0085294 	23137 
572.55 	0.0086361 	23137 
573.05 	0.0086361 	23137 
573.55 	0.0086361 	23137 
574.05 	0.0085294 	23137 
574.55 	0.0086361 	23137 
575.05 	0.0086361 	23137 
575.55 	0.0086361 	23137 
576.05 	0.0086361 	23137 
576.55 	0.0086361 	23137 
577.05 	0.0085294 	23137 
577.55 	0.0086361 	23304 
578.05 	0.0086361 	23137 
578.55 	0.0086361 	23137 
579.05 	0.0086361 	22971 
579.55 	0.0086361 	23137 
580.05 	0.0086361 	23137 
580.55 	0.0086361 	23137 
581.05 	0.0086361 	23137 
581.55 	0.0086361 	23137 
582.05 	0.0086361 	23137 
582.55 	0.0086361 	23137 
583.05 	0.0086361 	23137 
583.55 	0.0086361 	23137 
584.05 	0.0086361 	23137 
584.55 	0.0086361 	23137 
585.05 	0.0086361 	23137 
585.55 	0.0085294 	23304 
586.05 	0.0086361 	23137 
586.55 	0.0086361 	23137 
587.05 	0.0086361 	23137 
587.55 	0.0086361 	23137 
588.05 	0.0086361 	23137 
588.55 	0.0086361 	23137 
589.05 	0.0086361 	23137 
589.55 	0.0086361 	23137 
590.05 	0.0086361 	22971 
590.55 	0.0086361 	23137 
591.05 	0.0086361 	23137 
591.55 	0.0086361 	23137 
592.05 	0.0086361 	23137 
592.55 	0.0086361 	23137 
593.05 	0.0086361 	23137 
593.55 	0.0086361 	23137 
594.05 	0.0086361 	23137 
594.55 	0.0086361 	23304 
595.05 	0.0086361 	23137 
595.55 	0.0086361 	23137 
596.05 	0.0086361 	23137 
596.55 	0.0086361 	23137 
597.05 	0.0086361 	23137 
597.55 	0.0085294 	23137 
598.05 	0.0086361 	23137 
598.55 	0.0086361 	23137 
599.05 	0.0086361 	23137 
599.55 	0.0086361 	23137 
600.05 	0.0086361 	23137 
600.55 	0.0086361 	23137 
601.05 	0.0086361 	22971 
601.55 	0.0086361 	23137 
602.05 	0.0086361 	23137 
602.55 	0.0086361 	23137 
603.05 	0.0086361 	23137 
603.55 	0.0086361 	23137 
604.05 	0.0086361 	23137 
604.55 	0.0086361 	23137 
605.05 	0.0086361 	23137 
605.55 	0.0086361 	23137 
606.05 	0.0086361 	23137 
606.55 	0.0086361 	23137 
607.05 	0.0086361 	23137 
607.55 	0.0085294 	23137 
608.05 	0.0086361 	23137 
608.55 	0.0086361 	23137 
609.05 	0.0086361 	23304 
609.55 	0.0086361 	23137 
610.05 	0.0086361 	23137 
610.17 	0.0086361 	23137 
610.67 	0.0086361 	23137 
611.17 	0.0086361 	23137 
611.67 	0.0086361 	23137 
612.17 	0.0086361 	23137 
612.67 	0.0086361 	23137 
613.17 	0.0086361 	23137 
613.67 	0.0086361 	23137 
614.17 	0.0086361 	23137 
614.67 	0.0086361 	23304 
615.17 	0.0086361 	23137 
615.67 	0.0086361 	23137 
616.17 	0.0086361 	23137 
616.67 	0.0086361 	23137 
617.17 	0.0086361 	23304 
617.67 	0.0086361 	22971 
618.17 	0.0086361 	23137 
618.67 	0.0086361 	23137 
619.17 	0.0086361 	23304 
619.67 	0.0086361 	23137 
620.17 	0.0086361 	23137 
620.67 	0.0086361 	23137 
621.17 	0.0086361 	23137 
621.67 	0.0086361 	22971 
622.17 	0.0086361 	23137 
622.67 	0.0086361 	23137 
623.17 	0.0086361 	23137 
623.67 	0.0086361 	23137 
624.17 	0.0085294 	23137 
624.67 	0.0086361 	23137 
625.17 	0.0086361 	23137 
625.67 	0.0086361 	23137 
626.17 	0.0086361 	23137 
626.67 	0.0085294 	23137 
627.17 	0.0085294 	23137 
627.67 	0.0086361 	23137 
628.17 	0.0085294 	23304 
628.67 	0.0086361 	23137 
629.17 	0.0085294 	23137 
629.67 	0.0086361 	23137 
630.17 	0.0085294 	23137 
630.67 	0.0086361 	23304 
631.17 	0.0085294 	23137 
631.67 	0.0085294 	23137 
632.17 	0.0086361 	23137 
632.67 	0.0086361 	23137 
633.17 	0.0086361 	23304 
633.67 	0.0086361 	23137 
634.17 	0.0086361 	22971 
634.67 	0.0085294 	22971 
635.17 	0.0086361 	22971 
635.67 	0.0085294 	23137 
636.17 	0.0086361 	23137 
636.67 	0.0086361 	23137 
637.17 	0.0086361 	23137 
637.67 	0.0086361 	23137 
638.17 	0.0086361 	23137 
638.67 	0.0085294 	23137 
639.17 	0.0085294 	23137 
639.67 	0.0085294 	23137 
640.15 	0.0086361 	23137 
640.65 	0.0086361 	23137 
641.15 	0.0086361 	23137 
641.65 	0.0086361 	23137 
642.15 	0.0086361 	22971 
642.65 	0.0086361 	23137 
643.15 	0.0086361 	23304 
643.65 	0.0086361 	23137 
644.15 	0.0086361 	23137 
644.65 	0.0086361 	23137 
645.15 	0.0086361 	23137 
645.65 	0.0086361 	23304 
646.15 	0.0086361 	22971 
646.65 	0.0086361 	23137 
647.15 	0.0086361 	23137 
647.65 	0.0086361 	23137 
648.15 	0.0086361 	23137 
648.65 	0.0086361 	23137 
649.15 	0.0086361 	23137 
649.65 	0.0086361 	23137 
650.15 	0.0086361 	23304 
650.65 	0.0086361 	23137 
651.15 	0.0086361 	22971 
651.65 	0.0086361 	23137 
652.15 	0.0086361 	23137 
652.65 	0.0086361 	23137 
653.15 	0.0086361 	23137 
653.65 	0.0086361 	23137 
654.15 	0.0086361 	22971 
654.65 	0.0086361 	23137 
655.15 	0.0086361 	23137 
655.65 	0.0086361 	23137 
656.15 	0.0086361 	23137 
656.65 	0.0086361 	23137 
657.15 	0.0086361 	23137 
657.65 	0.0086361 	22971 
658.15 	0.0086361 	23137 
658.65 	0.0086361 	23137 
659.15 	0.0086361 	23137 
659.65 	0.0086361 	23137 
660.15 	0.0086361 	23137 
660.65 	0.0086361 	23137 
661.15 	0.0086361 	23137 
661.65 	0.0086361 	23137 
662.15 	0.0086361 	23137 
662.65 	0.0086361 	23137 
663.15 	0.0086361 	23137 
663.65 	0.0086361 	23137 
664.15 	0.0086361 	23137 
664.65 	0.0086361 	22971 
665.15 	0.0086361 	23137 
665.65 	0.0086361 	23137 
666.15 	0.0086361 	23137 
666.65 	0.0086361 	23137 
667.15 	0.0086361 	23304 
667.65 	0.0086361 	23137 
668.15 	0.0086361 	23137 
668.65 	0.0086361 	23137 
669.15 	0.0086361 	23137 
669.65 	0.0086361 	23137 
670.15 	0.0086361 	23137 
670.65 	0.0086361 	23304 
671.15 	0.0086361 	22971 
671.65 	0.0086361 	23137 
672.15 	0.0086361 	23137 
672.65 	0.0086361 	23137 
673.15 	0.0086361 	23137 
673.65 	0.0086361 	22971 
674.15 	0.0086361 	23137 
674.65 	0.0086361 	23137 
675.15 	0.0086361 	23137 
675.65 	0.0086361 	23137 
676.15 	0.0086361 	22971 
676.65 	0.0086361 	23137 
677.15 	0.0086361 	22971 
677.65 	0.0086361 	23137 
678.15 	0.0086361 	23304 
678.65 	0.0086361 	23137 
679.15 	0.0086361 	22971 
679.65 	0.0086361 	23137 
680.15 	0.0086361 	23137 
680.65 	0.0086361 	23137 
681.15 	0.0086361 	23137 
681.65 	0.0086361 	23137 
682.15 	0.0086361 	22971 
682.65 	0.0086361 	23137 
683.15 	0.0086361 	23137 
683.65 	0.0086361 	23137 
684.15 	0.0086361 	23137 
684.65 	0.0086361 	23137 
685.15 	0.0086361 	23137 
685.65 	0.0086361 	23137 
686.15 	0.0086361 	23304 
686.65 	0.0086361 	23137 
687.15 	0.0086361 	23137 
687.65 	0.0086361 	23137 
688.15 	0.0086361 	23137 
688.65 	0.0086361 	23137 
689.15 	0.0086361 	23137 
689.65 	0.0086361 	23137 
690.15 	0.0086361 	23137 
690.65 	0.0086361 	23137 
691.15 	0.0086361 	23137 
691.65 	0.0086361 	23137 
692.15 	0.0086361 	23137 
692.65 	0.0086361 	23304 
693.15 	0.0086361 	23137 
693.65 	0.0086361 	23137 
694.15 	0.0086361 	23137 
694.65 	0.0086361 	23137 
695.15 	0.0086361 	23137 
695.65 	0.0086361 	22971 
696.15 	0.0086361 	23137 
696.65 	0.0086361 	23137 
697.15 	0.0086361 	23137 
697.65 	0.0086361 	23137 
698.15 	0.0086361 	23137 
698.65 	0.0086361 	22971 
699.15 	0.0086361 	23137 
699.65 	0.0086361 	23137 
700.15 	0.0086361 	23137 
700.65 	0.0086361 	23137 
701.15 	0.0086361 	23137 
701.65 	0.0086361 	23137 
702.15 	0.0086361 	23137 
702.65 	0.0086361 	23137 
703.15 	0.0086361 	23137 
703.65 	0.0086361 	23137 
704.15 	0.0086361 	23304 
704.65 	0.0086361 	23137 
705.15 	0.0086361 	23470 
705.65 	0.0086361 	24136 
706.15 	0.0086361 	24636 
706.65 	0.0086361 	25135 
707.15 	0.0086361 	25634 
707.65 	0.0086361 	25967 
708.13 	0.0086361 	26633 
708.63 	0.0086361 	26966 
709.13 	0.0086361 	27465 
709.63 	0.0086361 	27965 
710.13 	0.0086361 	28464 
710.63 	0.0086361 	28631 
711.13 	0.0086361 	29130 
711.63 	0.0086361 	29629 
712.12 	0.0086361 	30295 
712.62 	0.0086361 	30628 
713.07 	0.0086361 	31294 
713.57 	0.0086361 	31627 
713.93 	0.0086361 	32293 
714.43 	0.0086361 	32459 
714.87 	0.0086361 	33125 
715.37 	0.0086361 	33791 
715.83 	0.0086361 	34457 
716.33 	0.0086361 	34956 
716.83 	0.0086361 	35622 
717.33 	0.0086361 	36121 
717.83 	0.0086361 	36620 
718.30 	0.0086361 	37286 
718.80 	0.0086361 	37619 
719.25 	0.0086361 	38285 
719.75 	0.0086361 	38784 
720.25 	0.0086361 	39284 
720.75 	0.0086361 	39783 
721.23 	0.0086361 	40449 
721.73 	0.0086361 	40782 
722.23 	0.0086361 	41448 
722.73 	0.0086361 	41947 
723.23 	0.0086361 	42446 
723.73 	0.0086361 	42946 
724.23 	0.0086361 	43445 
724.67 	0.0086361 	44111 
725.17 	0.0086361 	44444 
725.63 	0.0086361 	45110 
726.13 	0.0086361 	45443 
726.63 	0.0086361 	46109 
727.13 	0.0086361 	46608 
727.63 	0.0086361 	47107 
728.12 	0.0086361 	47773 
728.62 	0.0086361 	48106 
729.07 	0.0086361 	48772 
729.57 	0.0086361 	49271 
730.07 	0.0086361 	49604 
730.47 	0.0086361 	50270 
730.97 	0.0086361 	50769 
731.47 	0.0086361 	51269 
731.97 	0.0086361 	51602 
732.37 	0.0086361 	52267 
732.87 	0.0086361 	52600 
733.27 	0.0086361 	53266 
733.77 	0.0086361 	53599 
734.27 	0.0086361 	54265 
734.77 	0.0086361 	54598 
735.27 	0.0086361 	55264 
735.77 	0.0086361 	55763 
736.27 	0.0086361 	56262 
736.77 	0.0086361 	56762 
737.27 	0.0086361 	57261 
737.75 	0.0086361 	57927 
738.25 	0.0086361 	58426 
738.75 	0.0086361 	58926 
739.25 	0.0086361 	59425 
739.75 	0.0086361 	59924 
740.23 	0.0086361 	60590 
740.73 	0.0086361 	60923 
741.22 	0.0086361 	61589 
741.72 	0.0086361 	61922 
742.13 	0.0086361 	62588 
742.63 	0.0086361 	63087 
743.13 	0.0086361 	63420 
743.53 	0.0086361 	64086 
744.03 	0.0086361 	64419 
744.53 	0.0086361 	64918 
745.02 	0.0086361 	65584 
745.52 	0.0086361 	66083 
746.02 	0.0086361 	66583 
746.52 	0.0086361 	67082 
747.02 	0.0086361 	67581 
747.52 	0.0086361 	68081 
747.97 	0.0086361 	68747 
748.47 	0.0086361 	69080 
748.97 	0.0086361 	69579 
749.45 	0.0086361 	70245 
749.95 	0.0086361 	70578 
750.40 	0.0086361 	71244 
750.90 	0.0086361 	71576 
751.37 	0.0086361 	72242 
751.87 	0.0086361 	72575 
752.22 	0.0086361 	73241 
752.72 	0.0086361 	73574 
753.22 	0.0086361 	74073 
753.72 	0.0086361 	74573 
754.13 	0.0086361 	75238 
754.63 	0.0086361 	75571 
755.13 	0.0086361 	76071 
755.63 	0.0086361 	76737 
756.13 	0.0086361 	77236 
756.63 	0.0086361 	77735 
757.13 	0.0086361 	78235 
757.63 	0.0086361 	78734 
758.13 	0.0086361 	79233 
758.63 	0.0086361 	79733 
759.12 	0.0086361 	80399 
759.62 	0.0086361 	80898 
760.12 	0.0086361 	81397 
760.62 	0.0086361 	82063 
761.12 	0.0086361 	82396 
761.60 	0.0086361 	83062 
762.10 	0.0086361 	83395 
762.57 	0.0086361 	84061 
763.07 	0.0086361 	84560 
763.57 	0.0086361 	85059 
764.07 	0.0086361 	85559 
764.53 	0.0086361 	86225 
765.03 	0.0086361 	86558 
765.53 	0.0086361 	87223 
766.03 	0.0086361 	87723 
766.53 	0.0086361 	88056 
766.97 	0.0086361 	88721 
767.47 	0.0086361 	89221 
767.97 	0.0086361 	89720 
768.47 	0.0086361 	90220 
768.97 	0.0086361 	90719 
769.47 	0.0086361 	91218 
769.87 	0.0086361 	91884 
770.37 	0.0086361 	92217 
770.85 	0.0086361 	92883 
771.35 	0.0086361 	93382 
771.85 	0.0086361 	93882 
772.35 	0.0086361 	94381 
772.85 	0.0086361 	94880 
773.35 	0.0086361 	95380 
773.77 	0.0086361 	96046 
774.27 	0.0086361 	96378 
774.77 	0.0086361 	96878 
775.27 	0.0086361 	97377 
775.77 	0.0086361 	97877 
776.22 	0.0086361 	98542 
776.72 	0.0086361 	99042 
777.22 	0.0086361 	99541 
777.72 	0.0086361 	100040 
778.22 	0.0086361 	100540 
778.72 	0.0086361 	101040 
779.15 	0.0086361 	101710 
779.65 	0.0086361 	102040 
780.15 	0.0086361 	102540 
780.65 	0.0086361 	103200 
781.15 	0.0086361 	103700 
781.65 	0.0086361 	104040 
782.08 	0.0086361 	104700 
782.58 	0.0086361 	105200 
783.08 	0.0086361 	105700 
783.55 	0.0086361 	106370 
784.05 	0.0086361 	106700 
784.55 	0.0086361 	107200 
785.05 	0.0086361 	107700 
785.52 	0.0086361 	108360 
786.02 	0.0086361 	108860 
786.52 	0.0086361 	109360 
787.02 	0.0086361 	109860 
787.52 	0.0086361 	110360 
787.98 	0.0086361 	111030 
788.48 	0.0086361 	111360 
788.98 	0.0086361 	111860 
789.48 	0.0086361 	112360 
789.90 	0.0086361 	113020 
790.40 	0.0086361 	113360 
790.90 	0.0086361 	113860 
791.40 	0.0086361 	114360 
791.87 	0.0086361 	115020 
792.37 	0.0086361 	115520 
792.87 	0.0086361 	116020 
793.37 	0.0086361 	116690 
793.87 	0.0086361 	117020 
794.37 	0.0086361 	117520 
794.83 	0.0086361 	118180 
795.33 	0.0086361 	118520 
795.80 	0.0086361 	119180 
796.30 	0.0086361 	119680 
796.80 	0.0086361 	120180 
797.30 	0.0086361 	120680 
797.78 	0.0086361 	121350 
798.28 	0.0086361 	121680 
798.78 	0.0086361 	122180 
799.23 	0.0086361 	122850 
799.73 	0.0086361 	123180 
800.23 	0.0086361 	123840 
800.73 	0.0086361 	124340 
801.23 	0.0086361 	124840 
801.73 	0.0086361 	125340 
802.23 	0.0086361 	125840 
802.73 	0.0086361 	126340 
803.23 	0.0086361 	126840 
803.63 	0.0086361 	127510 
804.13 	0.0086361 	127840 
804.63 	0.0086361 	128340 
805.13 	0.0086361 	128840 
805.63 	0.0086361 	129340 
806.13 	0.0086361 	130000 
806.63 	0.0086361 	130500 
807.13 	0.0086361 	131000 
807.63 	0.0086361 	131500 
808.13 	0.0086361 	132170 
808.63 	0.0086361 	132500 
809.13 	0.0086361 	133170 
809.63 	0.0086361 	133660 
810.13 	0.0086361 	134160 
810.63 	0.0086361 	134830 
811.13 	0.0086361 	135330 
811.63 	0.0086361 	135830 
812.13 	0.0086361 	136330 
812.63 	0.0086361 	136830 
813.13 	0.0086361 	137330 
813.63 	0.0086361 	137990 
814.13 	0.0086361 	138330 
814.63 	0.0086361 	138990 
815.13 	0.0086361 	139320 
815.63 	0.0086361 	139990 
816.13 	0.0086361 	140490 
816.63 	0.0086361 	140990 
817.13 	0.0086361 	141490 
817.63 	0.0086361 	142150 
818.13 	0.0086361 	142650 
818.63 	0.0086361 	143150 
819.13 	0.0086361 	143650 
819.63 	0.0086361 	144320 
820.13 	0.0086361 	144650 
820.63 	0.0086361 	145320 
821.13 	0.0086361 	145820 
821.63 	0.0086361 	146320 
822.13 	0.0086361 	146810 
822.63 	0.0086361 	147480 
823.13 	0.0086361 	147980 
823.63 	0.0086361 	148480 
824.13 	0.0086361 	148980 
824.63 	0.0086361 	149480 
825.13 	0.0086361 	150140 
825.63 	0.0086361 	150640 
826.13 	0.0086361 	150980 
826.63 	0.0086361 	151640 
827.13 	0.0086361 	152140 
827.63 	0.0086361 	152640 
828.13 	0.0086361 	153140 
828.63 	0.0086361 	153640 
829.13 	0.0086361 	154310 
829.63 	0.0086361 	154800 
830.13 	0.0086361 	155300 
830.63 	0.0086361 	155800 
831.13 	0.0086361 	156470 
831.63 	0.0086361 	156970 
832.13 	0.0086361 	157470 
832.63 	0.0086361 	157970 
833.13 	0.0086361 	158470 
833.63 	0.0086361 	158970 
834.13 	0.0086361 	159470 
834.63 	0.0086361 	160130 
835.13 	0.0086361 	160630 
835.63 	0.0086361 	161130 
836.13 	0.0086361 	161630 
836.63 	0.0086361 	162130 
837.13 	0.0086361 	162630 
837.63 	0.0086361 	163130 
838.13 	0.0086361 	163790 
838.63 	0.0086361 	164290 
839.13 	0.0086361 	164790 
839.63 	0.0086361 	165290 
840.13 	0.0086361 	165790 
840.63 	0.0086361 	166290 
841.13 	0.0086361 	166960 
841.63 	0.0086361 	167460 
842.13 	0.0086361 	167950 
842.63 	0.0086361 	168450 
843.13 	0.0086361 	168950 
843.63 	0.0086361 	169620 
844.13 	0.0086361 	170120 
844.63 	0.0086361 	170620 
845.13 	0.0086361 	171120 
845.63 	0.0086361 	171780 
846.13 	0.0086361 	172120 
846.63 	0.0086361 	172620 
847.13 	0.0086361 	173280 
847.63 	0.0086361 	173780 
848.13 	0.0086361 	174280 
848.63 	0.0086361 	174780 
849.13 	0.0086361 	175280 
849.63 	0.0086361 	175940 
850.13 	0.0086361 	176440 
850.63 	0.0086361 	176940 
851.13 	0.0086361 	177440 
851.63 	0.0086361 	177940 
852.13 	0.0086361 	178610 
852.63 	0.0086361 	179110 
853.13 	0.0086361 	179610 
853.63 	0.0086361 	180110 
854.13 	0.0086361 	180610 
854.63 	0.0086361 	181100 
855.13 	0.0086361 	181600 
855.63 	0.0086361 	182270 
856.13 	0.0086361 	182770 
856.63 	0.0086361 	183270 
857.13 	0.0086361 	183770 
857.63 	0.0086361 	184430 
858.13 	0.0086361 	184770 
858.63 	0.0086361 	185430 
859.13 	0.0086361 	185930 
859.63 	0.0086361 	186430 
860.13 	0.0086361 	187100 
860.63 	0.0086361 	187430 
861.13 	0.0086361 	187930 
861.63 	0.0086361 	188430 
862.13 	0.0086361 	188930 
862.63 	0.0086361 	189590 
863.13 	0.0086361 	190090 
863.63 	0.0086361 	190590 
864.13 	0.0086361 	191260 
864.63 	0.0086361 	191590 
865.13 	0.0086361 	192090 
865.63 	0.0086361 	192760 
866.13 	0.0086361 	193260 
866.63 	0.0086361 	193760 
867.13 	0.0086361 	194420 
867.63 	0.0086361 	194750 
868.13 	0.0086361 	195420 
868.63 	0.0086361 	195920 
869.13 	0.0086361 	196420 
869.63 	0.0086361 	196920 
870.13 	0.0086361 	197420 
870.63 	0.0086361 	197920 
871.13 	0.0086361 	198580 
871.63 	0.0086361 	198920 
872.13 	0.0086361 	199420 
872.63 	0.0086361 	200080 
873.13 	0.0086361 	200580 
873.63 	0.0086361 	201080 
874.13 	0.0086361 	201580 
874.63 	0.0086361 	202080 
875.13 	0.0086361 	202740 
875.63 	0.0086361 	203240 
876.13 	0.0086361 	203740 
876.63 	0.0086361 	204240 
877.13 	0.0086361 	204910 
877.63 	0.0086361 	205240 
878.13 	0.0086361 	205910 
878.63 	0.0086361 	206410 
879.13 	0.0086361 	206910 
879.63 	0.0086361 	207240 
880.13 	0.0086361 	207900 
880.63 	0.0086361 	208570 
881.13 	0.0086361 	209070 
881.63 	0.0086361 	209570 
882.13 	0.0086361 	210070 
882.63 	0.0086361 	210570 
883.13 	0.0086361 	211230 
883.63 	0.0086361 	211570 
884.13 	0.0086361 	212230 
884.63 	0.0086361 	212730 
885.13 	0.0086361 	213230 
885.63 	0.0086361 	213730 
886.13 	0.0086361 	214230 
886.63 	0.0086361 	214730 
887.13 	0.0086361 	215230 
887.63 	0.0086361 	215890 
888.13 	0.0086361 	216390 
888.63 	0.0086361 	216890 
889.13 	0.0086361 	217560 
889.63 	0.0086361 	218060 
890.13 	0.0086361 	218390 
890.63 	0.0086361 	218890 
891.13 	0.0086361 	219560 
891.63 	0.0086361 	220060 
892.13 	0.0086361 	220560 
892.63 	0.0086361 	221050 
893.13 	0.0086361 	221550 
893.63 	0.0086361 	222220 
894.13 	0.0086361 	222720 
894.63 	0.0086361 	223220 
895.13 	0.0086361 	223880 
895.63 	0.0086361 	224220 
896.13 	0.0086361 	224720 
896.63 	0.0086361 	225380 
897.13 	0.0086361 	225880 
897.63 	0.0086361 	226380 
898.13 	0.0086361 	226880 
898.63 	0.0086361 	227380 
899.13 	0.0086361 	228050 
899.63 	0.0086361 	228550 
900.13 	0.0086361 	229040 
900.63 	0.0086361 	229540 
901.13 	0.0086361 	230040 
901.63 	0.0086361 	230540 
902.13 	0.0086361 	231210 
902.63 	0.0086361 	231710 
903.13 	0.0086361 	232210 
903.63 	0.0086361 	232710 
904.13 	0.0086361 	233210 
904.63 	0.0086361 	233870 
905.13 	0.0086361 	234370 
905.63 	0.0086361 	235040 
906.13 	0.0086361 	235370 
906.63 	0.0086361 	235870 
907.13 	0.0086361 	236540 
907.63 	0.0086361 	237030 
908.13 	0.0086361 	237530 
908.63 	0.0086361 	238030 
909.13 	0.0086361 	238530 
909.63 	0.0086361 	239200 
910.13 	0.0086361 	239700 
910.63 	0.0086361 	240200 
911.13 	0.0086361 	240860 
911.63 	0.0086361 	241200 
912.13 	0.0086361 	241700 
912.63 	0.0086361 	242360 
913.13 	0.0086361 	242690 
913.63 	0.0086361 	243360 
914.13 	0.0086361 	243860 
914.63 	0.0086361 	244360 
915.13 	0.0086361 	245020 
915.63 	0.0086361 	245360 
916.13 	0.0086361 	246020 
916.63 	0.0086361 	246520 
917.13 	0.0086361 	247020 
917.63 	0.0086361 	247520 
918.13 	0.0086361 	248020 
918.63 	0.0086361 	248690 
919.13 	0.0086361 	249190 
919.63 	0.0086361 	249690 
920.13 	0.0086361 	250180 
920.63 	0.0086361 	250850 
921.13 	0.0086361 	251180 
921.63 	0.0086361 	251850 
922.13 	0.0086361 	252350 
922.63 	0.0086361 	252850 
923.13 	0.0086361 	253350 
923.63 	0.0086361 	253850 
924.13 	0.0086361 	254350 
924.63 	0.0086361 	254850 
925.13 	0.0086361 	255510 
925.63 	0.0086361 	256010 
926.13 	0.0086361 	256510 
926.63 	0.0086361 	257010 
927.13 	0.0086361 	257510 
927.63 	0.0086361 	258010 
928.13 	0.0086361 	258670 
928.63 	0.0086361 	259010 
929.13 	0.0086361 	259510 
929.63 	0.0086361 	260170 
930.13 	0.0086361 	260500 
930.63 	0.0086361 	261170 
931.13 	0.0086361 	261670 
931.63 	0.0086361 	262170 
931.68 	0.0086361 	259340 
931.70 	0.0086361 	256840 
931.73 	0.0086361 	254010 
931.75 	0.0086361 	251180 
931.85 	0.0086361 	253180 
931.97 	0.0086361 	255340 
932.08 	0.0086361 	257340 
932.23 	0.0086361 	259510 
932.55 	0.0086361 	261500 
933.05 	0.0086361 	262670 
933.55 	0.0086361 	263830 
934.05 	0.0086361 	264330 
934.55 	0.0086361 	265000 
935.05 	0.0086361 	264170 
935.55 	0.0086361 	265500 
936.05 	0.0086361 	266160 
936.55 	0.0086361 	266330 
937.05 	0.0086361 	266160 
937.15 	0.0086361 	264170 
937.18 	0.0086361 	259670 
937.20 	0.0086361 	240700 
937.22 	0.0086361 	171120 
