Tempo(s)	Deformação(mm)	Força(N)
0.016667 	0.00000 	832.28 
0.51667 	0.00000 	832.28 
1.0167 	0.00000 	998.74 
1.5167 	0.00010662 	1331.7 
2.0167 	0.00031985 	1664.6 
2.5167 	0.00063971 	2163.9 
3.0167 	0.00095956 	2496.9 
3.5167 	0.0013860 	2996.2 
3.9500 	0.0015993 	3662.0 
4.3833 	0.0020257 	3995.0 
4.8500 	0.0024522 	4494.3 
5.2833 	0.0026655 	5160.2 
5.6167 	0.0030919 	5493.1 
6.1167 	0.0035184 	5992.4 
6.5167 	0.0038383 	6658.3 
7.0167 	0.0041581 	6991.2 
7.4167 	0.0045846 	7490.6 
7.9167 	0.0049044 	8156.4 
8.4167 	0.0052243 	8489.3 
8.7333 	0.0056508 	8988.7 
9.1667 	0.0058640 	9654.5 
9.6000 	0.0062905 	9987.4 
10.100 	0.0065037 	10487 
10.483 	0.0069302 	10820 
10.983 	0.0072500 	11486 
11.483 	0.0075699 	11652 
11.983 	0.0078897 	12318 
12.483 	0.0082096 	12651 
12.983 	0.0085294 	13150 
13.483 	0.0088493 	13649 
13.867 	0.0092758 	14149 
14.300 	0.0095956 	14815 
14.667 	0.010022 	15148 
15.100 	0.010342 	15813 
15.600 	0.010662 	16313 
15.967 	0.011088 	16646 
16.467 	0.011408 	17145 
16.917 	0.011728 	17811 
17.417 	0.012154 	18310 
17.917 	0.012474 	18810 
18.417 	0.012901 	19309 
18.917 	0.013221 	19808 
19.400 	0.013647 	20308 
19.900 	0.013754 	20641 
20.400 	0.013860 	20807 
20.900 	0.013967 	20807 
21.400 	0.013967 	20807 
21.900 	0.014074 	20974 
22.400 	0.014074 	20974 
22.900 	0.014074 	20974 
23.400 	0.014074 	20974 
23.900 	0.014074 	20974 
24.400 	0.014074 	20974 
24.900 	0.014074 	20974 
25.400 	0.014074 	20974 
25.900 	0.014074 	20974 
26.400 	0.014180 	20974 
26.900 	0.014074 	20974 
27.400 	0.014180 	20974 
27.900 	0.014074 	20974 
28.400 	0.014074 	20974 
28.900 	0.014074 	20974 
29.400 	0.014074 	20807 
29.900 	0.014074 	20974 
30.400 	0.014074 	20974 
30.900 	0.014074 	20974 
31.400 	0.014074 	20974 
31.900 	0.014074 	20807 
32.400 	0.014074 	20974 
32.900 	0.014074 	20974 
33.400 	0.014074 	20974 
33.900 	0.014074 	20974 
34.400 	0.014074 	20807 
34.900 	0.014074 	20974 
35.400 	0.014074 	21140 
35.900 	0.014074 	20974 
36.400 	0.014074 	20807 
36.900 	0.014074 	20974 
37.400 	0.014074 	20974 
37.900 	0.014074 	20974 
38.400 	0.014074 	20974 
38.900 	0.014074 	20974 
39.400 	0.014074 	20974 
39.900 	0.014074 	20974 
40.400 	0.014074 	20974 
40.900 	0.014180 	20974 
41.400 	0.014074 	20807 
41.900 	0.014074 	20974 
42.400 	0.014074 	20974 
42.900 	0.014180 	20974 
43.400 	0.014180 	20974 
43.900 	0.014180 	20974 
44.400 	0.014074 	20974 
44.900 	0.014074 	20974 
45.400 	0.014074 	20974 
45.900 	0.014074 	20974 
46.400 	0.014074 	20807 
46.900 	0.014074 	20974 
47.400 	0.014074 	20974 
47.900 	0.014074 	20974 
48.400 	0.014074 	20974 
48.900 	0.014074 	20807 
49.400 	0.014074 	20974 
49.900 	0.014074 	20974 
50.400 	0.014180 	21140 
50.900 	0.014180 	20974 
51.400 	0.014074 	20974 
51.900 	0.014074 	20974 
52.400 	0.014180 	20974 
52.900 	0.014180 	20974 
53.400 	0.014180 	20974 
53.900 	0.014074 	20974 
54.400 	0.014180 	20974 
54.900 	0.014287 	20974 
55.400 	0.014287 	20807 
55.900 	0.014287 	21140 
56.400 	0.014287 	20974 
56.900 	0.014287 	20974 
57.400 	0.014287 	20974 
57.900 	0.014287 	20974 
58.400 	0.014287 	20974 
58.900 	0.014287 	20974 
59.400 	0.014287 	20974 
59.900 	0.014287 	20974 
60.400 	0.014393 	21140 
60.900 	0.014393 	21140 
61.400 	0.014393 	20974 
61.900 	0.014393 	20974 
62.400 	0.014393 	20974 
62.900 	0.014393 	20974 
63.400 	0.014393 	20974 
63.900 	0.014393 	20974 
64.400 	0.014393 	20807 
64.900 	0.014393 	20974 
65.400 	0.014393 	20974 
65.900 	0.014500 	20974 
66.400 	0.014500 	20974 
66.900 	0.014500 	20974 
67.400 	0.014500 	20974 
67.900 	0.014500 	20974 
68.400 	0.014500 	20974 
68.900 	0.014500 	20974 
69.400 	0.014607 	20974 
69.900 	0.014500 	20974 
70.400 	0.014607 	21140 
70.900 	0.014607 	20974 
71.400 	0.014500 	20974 
71.900 	0.014500 	20807 
72.400 	0.014500 	20974 
72.900 	0.014500 	21140 
73.400 	0.014500 	20974 
73.900 	0.014607 	20974 
74.400 	0.014607 	20974 
74.900 	0.014500 	20974 
75.400 	0.014607 	20807 
75.900 	0.014607 	20974 
76.400 	0.014607 	20974 
76.900 	0.014607 	20974 
77.400 	0.014607 	20974 
77.900 	0.014607 	20974 
78.400 	0.014607 	20974 
78.900 	0.014607 	20974 
79.400 	0.014607 	21140 
79.900 	0.014607 	20974 
80.400 	0.014393 	20641 
80.900 	0.014180 	20141 
81.400 	0.013860 	19642 
81.900 	0.013540 	19143 
82.333 	0.013114 	18810 
82.717 	0.013007 	18144 
83.217 	0.012688 	17811 
83.717 	0.012261 	17312 
84.217 	0.012048 	16812 
84.667 	0.011621 	16313 
85.167 	0.011302 	15813 
85.667 	0.010982 	15314 
86.167 	0.010768 	14981 
86.667 	0.010449 	14482 
87.167 	0.010235 	14315 
87.667 	0.0099155 	13816 
87.983 	0.0095956 	13150 
88.417 	0.0092758 	12484 
88.767 	0.0088493 	12318 
89.117 	0.0086361 	11652 
89.617 	0.0082096 	11153 
90.117 	0.0078897 	10653 
90.617 	0.0075699 	9987.4 
91.067 	0.0071434 	9654.5 
91.567 	0.0069302 	9155.1 
91.950 	0.0065037 	8988.7 
92.200 	0.0063971 	8322.8 
92.567 	0.0059706 	8156.4 
93.050 	0.0056508 	7490.6 
93.550 	0.0053309 	7324.1 
93.817 	0.0052243 	6658.3 
94.167 	0.0047978 	6658.3 
94.617 	0.0044780 	5992.4 
95.117 	0.0041581 	5659.5 
95.500 	0.0039449 	4993.7 
95.850 	0.0035184 	4827.2 
96.350 	0.0033052 	4327.9 
96.650 	0.0028787 	3995.0 
97.150 	0.0024522 	3662.0 
97.567 	0.0023456 	2996.2 
97.833 	0.0019191 	2829.8 
98.333 	0.0015993 	2330.4 
98.833 	0.0013860 	1997.5 
99.333 	0.0011728 	1831.0 
99.833 	0.0010662 	1831.0 
100.33 	0.00095956 	1831.0 
100.83 	0.00095956 	1664.6 
101.33 	0.00085294 	1498.1 
101.83 	0.00085294 	1498.1 
102.33 	0.00074633 	1498.1 
102.83 	0.00074633 	1331.7 
103.33 	0.00074633 	1498.1 
103.83 	0.00063971 	1331.7 
104.33 	0.00063971 	1331.7 
104.83 	0.00063971 	1331.7 
105.33 	0.00053309 	1331.7 
105.83 	0.00063971 	1331.7 
106.33 	0.00053309 	1165.2 
106.83 	0.00053309 	1165.2 
107.33 	0.00053309 	1165.2 
107.83 	0.00042647 	998.74 
108.33 	0.00053309 	1165.2 
108.83 	0.00053309 	1165.2 
109.33 	0.00053309 	1165.2 
109.83 	0.00053309 	1331.7 
110.33 	0.00053309 	1165.2 
110.83 	0.00042647 	1165.2 
111.33 	0.00053309 	1165.2 
111.83 	0.00042647 	1165.2 
112.33 	0.00053309 	1165.2 
112.83 	0.00053309 	1165.2 
113.33 	0.00053309 	1331.7 
113.83 	0.00053309 	1165.2 
114.33 	0.00042647 	998.74 
114.83 	0.00042647 	1165.2 
115.33 	0.00042647 	1165.2 
115.83 	0.00042647 	1165.2 
116.33 	0.00042647 	1165.2 
116.83 	0.00042647 	1165.2 
117.33 	0.00042647 	1165.2 
117.83 	0.00042647 	1331.7 
118.33 	0.00042647 	1165.2 
118.83 	0.00042647 	1165.2 
119.33 	0.00042647 	1165.2 
119.83 	0.00042647 	998.74 
120.33 	0.00042647 	1165.2 
120.83 	0.00042647 	1165.2 
121.33 	0.00042647 	1165.2 
121.83 	0.00042647 	1165.2 
122.33 	0.00042647 	1165.2 
122.83 	0.00042647 	1165.2 
123.33 	0.00053309 	1165.2 
123.83 	0.00042647 	1165.2 
124.33 	0.00042647 	1165.2 
124.83 	0.00042647 	1165.2 
125.33 	0.00042647 	1165.2 
125.83 	0.00042647 	1165.2 
126.33 	0.00042647 	1165.2 
126.83 	0.00042647 	1165.2 
127.33 	0.00042647 	1165.2 
127.83 	0.00042647 	1165.2 
128.33 	0.00042647 	1165.2 
128.83 	0.00042647 	1165.2 
129.33 	0.00053309 	1165.2 
129.83 	0.00042647 	1331.7 
130.33 	0.00042647 	1165.2 
130.83 	0.00042647 	1165.2 
131.33 	0.00042647 	1165.2 
131.83 	0.00042647 	1165.2 
132.33 	0.00042647 	1165.2 
132.83 	0.00042647 	998.74 
133.33 	0.00042647 	1165.2 
133.83 	0.00042647 	1165.2 
134.33 	0.00042647 	1165.2 
134.83 	0.00042647 	1165.2 
135.33 	0.00042647 	1165.2 
135.83 	0.00042647 	1165.2 
136.33 	0.00042647 	1165.2 
136.83 	0.00042647 	1165.2 
137.33 	0.00042647 	1165.2 
137.83 	0.00042647 	1331.7 
138.33 	0.00042647 	1165.2 
138.83 	0.00042647 	998.74 
139.33 	0.00042647 	1165.2 
139.83 	0.00042647 	1165.2 
140.33 	0.00042647 	1165.2 
140.83 	0.00042647 	1165.2 
141.33 	0.00042647 	1165.2 
141.83 	0.00053309 	1165.2 
142.33 	0.00042647 	1165.2 
142.83 	0.00042647 	1165.2 
143.33 	0.00042647 	1165.2 
143.83 	0.00042647 	1165.2 
144.33 	0.00031985 	1165.2 
144.83 	0.00042647 	998.74 
145.33 	0.00053309 	1165.2 
145.83 	0.00042647 	1165.2 
146.33 	0.00053309 	1165.2 
146.83 	0.00042647 	998.74 
147.33 	0.00042647 	1165.2 
147.83 	0.00031985 	1165.2 
148.33 	0.00042647 	1165.2 
148.83 	0.00042647 	1165.2 
149.33 	0.00042647 	1165.2 
149.83 	0.00042647 	1165.2 
150.33 	0.00042647 	1165.2 
150.83 	0.00042647 	1165.2 
151.33 	0.00042647 	1331.7 
151.83 	0.00042647 	1331.7 
152.33 	0.00042647 	1165.2 
152.83 	0.00042647 	1165.2 
153.33 	0.00031985 	1165.2 
153.83 	0.00042647 	1165.2 
154.33 	0.00042647 	1165.2 
154.83 	0.00042647 	1331.7 
155.33 	0.00031985 	1165.2 
155.83 	0.00031985 	1165.2 
156.33 	0.00031985 	1165.2 
156.83 	0.00042647 	1165.2 
157.33 	0.00031985 	1165.2 
157.83 	0.00031985 	1165.2 
158.33 	0.00031985 	1165.2 
158.83 	0.00031985 	1165.2 
159.33 	0.00031985 	1165.2 
159.83 	0.00031985 	1165.2 
160.33 	0.00031985 	1165.2 
160.83 	0.00031985 	1165.2 
161.33 	0.00031985 	1165.2 
161.83 	0.00042647 	1331.7 
162.33 	0.00053309 	1664.6 
162.83 	0.00074633 	1997.5 
163.33 	0.0010662 	2496.9 
163.83 	0.0013860 	2996.2 
164.33 	0.0015993 	3329.1 
164.63 	0.0020257 	3662.0 
165.08 	0.0024522 	4161.4 
165.50 	0.0027721 	4827.2 
166.00 	0.0031985 	5326.6 
166.48 	0.0036250 	5826.0 
166.93 	0.0040515 	6325.4 
167.30 	0.0042647 	6991.2 
167.65 	0.0046912 	7157.6 
168.05 	0.0047978 	7823.5 
168.37 	0.0052243 	8156.4 
168.85 	0.0056508 	8489.3 
169.32 	0.0058640 	9155.1 
169.70 	0.0062905 	9488.0 
170.20 	0.0066103 	9820.9 
170.53 	0.0069302 	10487 
171.02 	0.0073566 	10820 
171.52 	0.0076765 	11486 
172.02 	0.0079964 	11652 
172.37 	0.0082096 	12318 
172.82 	0.0086361 	12484 
173.32 	0.0088493 	12817 
173.82 	0.0091692 	13483 
174.32 	0.0094890 	13982 
174.65 	0.0099155 	14482 
175.12 	0.010235 	15148 
175.50 	0.010662 	15480 
175.97 	0.010982 	16146 
176.45 	0.011408 	16646 
176.95 	0.011728 	17145 
177.40 	0.012154 	17644 
177.88 	0.012474 	18310 
178.37 	0.012901 	18810 
178.87 	0.013114 	19143 
179.25 	0.013540 	19642 
179.75 	0.013860 	20141 
180.25 	0.014074 	20474 
180.75 	0.014287 	20641 
181.25 	0.014393 	20807 
181.75 	0.014393 	20807 
182.25 	0.014500 	20974 
182.75 	0.014500 	20974 
183.25 	0.014500 	20974 
183.75 	0.014500 	20974 
184.25 	0.014607 	20974 
184.75 	0.014607 	20974 
185.25 	0.014500 	20807 
185.75 	0.014607 	20974 
186.25 	0.014607 	20974 
186.75 	0.014500 	20974 
187.25 	0.014607 	20974 
187.75 	0.014607 	20974 
188.25 	0.014607 	20974 
188.75 	0.014607 	20974 
189.25 	0.014607 	20974 
189.75 	0.014607 	20974 
190.25 	0.014500 	20974 
190.75 	0.014500 	20974 
191.25 	0.014500 	20974 
191.75 	0.014500 	20974 
192.25 	0.014607 	20974 
192.75 	0.014607 	20974 
193.25 	0.014500 	20974 
193.75 	0.014607 	20974 
194.25 	0.014500 	20974 
194.75 	0.014500 	20974 
195.25 	0.014607 	20974 
195.75 	0.014607 	20974 
196.25 	0.014607 	20974 
196.75 	0.014607 	20974 
197.25 	0.014607 	20974 
197.75 	0.014607 	20974 
198.25 	0.014607 	20974 
198.75 	0.014607 	20974 
199.25 	0.014607 	20974 
199.75 	0.014607 	20974 
200.25 	0.014607 	20974 
200.75 	0.014607 	20974 
201.25 	0.014607 	20974 
201.75 	0.014607 	20974 
202.25 	0.014500 	20974 
202.75 	0.014500 	20974 
203.25 	0.014500 	20974 
203.75 	0.014607 	21140 
204.25 	0.014607 	20974 
204.75 	0.014500 	20974 
205.25 	0.014607 	20974 
205.75 	0.014500 	20974 
206.25 	0.014607 	20974 
206.75 	0.014607 	21140 
207.25 	0.014607 	20974 
207.75 	0.014500 	20974 
208.25 	0.014500 	20974 
208.75 	0.014607 	20974 
209.25 	0.014607 	20974 
209.75 	0.014607 	20974 
210.25 	0.014500 	20974 
210.75 	0.014500 	20974 
211.25 	0.014607 	20974 
211.75 	0.014500 	20974 
212.25 	0.014500 	20974 
212.75 	0.014500 	20974 
213.25 	0.014500 	20974 
213.75 	0.014607 	20974 
214.25 	0.014607 	20974 
214.75 	0.014500 	20974 
215.25 	0.014500 	20807 
215.75 	0.014500 	20974 
216.25 	0.014500 	20974 
216.75 	0.014500 	20974 
217.25 	0.014500 	20974 
217.75 	0.014500 	20974 
218.25 	0.014500 	20974 
218.75 	0.014500 	20974 
219.25 	0.014500 	20974 
219.75 	0.014500 	20974 
220.25 	0.014500 	20974 
220.75 	0.014500 	20974 
221.25 	0.014500 	20974 
221.75 	0.014393 	20807 
222.25 	0.014500 	20974 
222.75 	0.014393 	20974 
223.25 	0.014500 	20974 
223.75 	0.014500 	21140 
224.25 	0.014393 	20974 
224.75 	0.014393 	20974 
225.25 	0.014500 	20974 
225.75 	0.014500 	20974 
226.25 	0.014500 	20974 
226.75 	0.014393 	20974 
227.25 	0.014500 	20974 
227.75 	0.014393 	20974 
228.25 	0.014393 	20974 
228.75 	0.014500 	20974 
229.25 	0.014393 	20974 
229.75 	0.014393 	20974 
230.25 	0.014500 	20974 
230.75 	0.014500 	20974 
231.25 	0.014500 	20974 
231.75 	0.014393 	20974 
232.25 	0.014393 	20974 
232.75 	0.014500 	20974 
233.25 	0.014393 	20974 
233.75 	0.014393 	20974 
234.25 	0.014500 	20974 
234.75 	0.014500 	20974 
235.25 	0.014500 	21140 
235.75 	0.014500 	20974 
236.25 	0.014500 	20807 
236.75 	0.014393 	20974 
237.25 	0.014500 	20974 
237.75 	0.014393 	20974 
238.25 	0.014500 	20974 
238.75 	0.014393 	20974 
239.25 	0.014393 	20974 
239.75 	0.014393 	20974 
240.25 	0.014180 	20974 
240.75 	0.014180 	20974 
241.15 	0.013754 	20474 
241.62 	0.013540 	19808 
242.03 	0.013114 	19475 
242.53 	0.012688 	19143 
242.97 	0.012474 	18477 
243.38 	0.012048 	18144 
243.73 	0.011621 	17811 
243.80 	0.011195 	17644 
244.10 	0.010768 	17478 
244.50 	0.010555 	16812 
245.00 	0.010129 	16479 
245.50 	0.0098089 	15980 
246.00 	0.0095956 	15480 
246.50 	0.0092758 	15148 
247.00 	0.0089559 	14648 
247.50 	0.0087427 	14315 
248.00 	0.0085294 	13816 
248.33 	0.0081030 	13317 
248.77 	0.0076765 	12817 
249.20 	0.0073566 	12151 
249.70 	0.0070368 	11652 
250.12 	0.0066103 	11319 
250.52 	0.0063971 	10653 
250.95 	0.0059706 	10320 
251.42 	0.0057574 	9654.5 
251.85 	0.0053309 	9321.6 
252.35 	0.0051177 	8822.2 
252.68 	0.0046912 	8655.8 
253.17 	0.0044780 	7989.9 
253.48 	0.0040515 	7823.5 
253.93 	0.0039449 	7157.6 
254.30 	0.0035184 	6991.2 
254.78 	0.0033052 	6325.4 
255.08 	0.0028787 	6158.9 
255.55 	0.0025588 	5493.1 
256.05 	0.0022390 	5160.2 
256.50 	0.0018125 	4660.8 
257.00 	0.0014927 	4161.4 
257.50 	0.0010662 	3662.0 
257.98 	0.00063971 	3162.7 
258.48 	0.00031985 	2829.8 
258.97 	-0.0001068 	2330.4 
259.47 	-0.0003204 	2163.9 
259.97 	-0.0004273 	1831.0 
260.47 	-0.0005341 	1831.0 
260.97 	-0.0005341 	1664.6 
261.47 	-0.0007478 	1498.1 
261.97 	-0.0007478 	1498.1 
262.47 	-0.0008546 	1331.7 
262.97 	-0.0008546 	1498.1 
263.47 	-0.0008546 	1331.7 
263.97 	-0.0008546 	1498.1 
264.47 	-0.0009614 	1331.7 
264.97 	-0.0009614 	1331.7 
265.47 	-0.0009614 	1165.2 
265.97 	-0.0010683 	1331.7 
266.47 	-0.0009614 	1331.7 
266.97 	-0.0010683 	1331.7 
267.47 	-0.0010683 	1165.2 
267.97 	-0.0010683 	1165.2 
268.47 	-0.0010683 	1165.2 
268.97 	-0.0011751 	1165.2 
269.47 	-0.0010683 	1165.2 
269.97 	-0.0011751 	1165.2 
270.47 	-0.0010683 	1165.2 
270.97 	-0.0011751 	1165.2 
271.47 	-0.0011751 	1165.2 
271.97 	-0.0011751 	1165.2 
272.47 	-0.0011751 	1165.2 
272.97 	-0.0011751 	1165.2 
273.47 	-0.0010683 	1165.2 
273.97 	-0.0011751 	1165.2 
274.47 	-0.0011751 	1165.2 
274.97 	-0.0012820 	1165.2 
275.47 	-0.0011751 	1165.2 
275.97 	-0.0011751 	1331.7 
276.47 	-0.0011751 	1165.2 
276.97 	-0.0011751 	1165.2 
277.47 	-0.0011751 	1331.7 
277.97 	-0.0011751 	1331.7 
278.47 	-0.0012820 	1165.2 
278.97 	-0.0011751 	1165.2 
279.47 	-0.0011751 	1165.2 
279.97 	-0.0012820 	1165.2 
280.47 	-0.0012820 	1165.2 
280.97 	-0.0012820 	1165.2 
281.47 	-0.0012820 	1165.2 
281.97 	-0.0012820 	1165.2 
282.47 	-0.0012820 	1165.2 
282.97 	-0.0012820 	1165.2 
283.47 	-0.0012820 	1165.2 
283.97 	-0.0012820 	1165.2 
284.47 	-0.0012820 	1165.2 
284.97 	-0.0012820 	1165.2 
285.47 	-0.0012820 	1165.2 
285.97 	-0.0012820 	1331.7 
286.47 	-0.0012820 	1165.2 
286.97 	-0.0013888 	1165.2 
287.47 	-0.0012820 	1165.2 
287.97 	-0.0012820 	1165.2 
288.47 	-0.0012820 	1165.2 
288.97 	-0.0012820 	1165.2 
289.47 	-0.0012820 	1331.7 
289.97 	-0.0012820 	1165.2 
290.47 	-0.0012820 	1165.2 
290.97 	-0.0012820 	1165.2 
291.47 	-0.0012820 	1165.2 
291.97 	-0.0012820 	1165.2 
292.47 	-0.0012820 	1165.2 
292.97 	-0.0013888 	1165.2 
293.47 	-0.0012820 	1165.2 
293.97 	-0.0012820 	1165.2 
294.47 	-0.0012820 	1165.2 
294.97 	-0.0013888 	1165.2 
295.47 	-0.0012820 	1165.2 
295.97 	-0.0012820 	1165.2 
296.47 	-0.0012820 	1165.2 
296.97 	-0.0012820 	1165.2 
297.47 	-0.0012820 	1165.2 
297.97 	-0.0013888 	1165.2 
298.47 	-0.0013888 	1165.2 
298.97 	-0.0012820 	1165.2 
299.47 	-0.0013888 	1165.2 
299.97 	-0.0012820 	1165.2 
300.47 	-0.0012820 	1165.2 
300.97 	-0.0012820 	1165.2 
301.47 	-0.0013888 	1165.2 
301.97 	-0.0013888 	1165.2 
302.47 	-0.0012820 	1165.2 
302.97 	-0.0012820 	1165.2 
303.47 	-0.0013888 	1165.2 
303.97 	-0.0012820 	1165.2 
304.47 	-0.0013888 	1165.2 
304.97 	-0.0012820 	1331.7 
305.47 	-0.0013888 	1165.2 
305.97 	-0.0013888 	1165.2 
306.47 	-0.0013888 	1165.2 
306.97 	-0.0013888 	1165.2 
307.47 	-0.0013888 	1165.2 
307.97 	-0.0013888 	1165.2 
308.47 	-0.0013888 	998.74 
308.97 	-0.0013888 	1165.2 
309.47 	-0.0013888 	1165.2 
309.97 	-0.0012820 	1165.2 
310.47 	-0.0012820 	1165.2 
310.97 	-0.0013888 	1165.2 
311.47 	-0.0013888 	1165.2 
311.97 	-0.0013888 	1165.2 
312.47 	-0.0013888 	1165.2 
312.97 	-0.0013888 	1165.2 
313.47 	-0.0013888 	1165.2 
313.97 	-0.0013888 	1165.2 
314.47 	-0.0013888 	1165.2 
314.97 	-0.0013888 	1165.2 
315.47 	-0.0013888 	1165.2 
315.97 	-0.0013888 	1165.2 
316.47 	-0.0013888 	1165.2 
316.97 	-0.0013888 	1165.2 
317.47 	-0.0013888 	1165.2 
317.97 	-0.0012820 	1165.2 
318.47 	-0.0013888 	1165.2 
318.97 	-0.0013888 	1165.2 
319.47 	-0.0012820 	1331.7 
319.97 	-0.0013888 	1165.2 
320.47 	-0.0012820 	1165.2 
320.97 	-0.0013888 	1165.2 
321.47 	-0.0013888 	1165.2 
321.97 	-0.0013888 	1331.7 
322.47 	-0.0011751 	1664.6 
322.97 	-0.0010683 	1997.5 
323.47 	-0.0007478 	2330.4 
323.97 	-0.0005341 	2663.3 
324.42 	-0.0001068 	3162.7 
324.92 	0.00021324 	3662.0 
325.40 	0.00063971 	4161.4 
325.90 	0.00095956 	4660.8 
326.30 	0.0013860 	5160.2 
326.75 	0.0017059 	5826.0 
327.12 	0.0021324 	5992.4 
327.40 	0.0022390 	6658.3 
327.72 	0.0026655 	6991.2 
328.22 	0.0030919 	7324.1 
328.60 	0.0033052 	7989.9 
329.05 	0.0037316 	8322.8 
329.47 	0.0041581 	8655.8 
329.95 	0.0043713 	9321.6 
330.33 	0.0047978 	9654.5 
330.70 	0.0049044 	10320 
331.05 	0.0053309 	10487 
331.53 	0.0056508 	11153 
332.03 	0.0059706 	11652 
332.45 	0.0063971 	11985 
332.95 	0.0066103 	12484 
333.45 	0.0069302 	12651 
333.95 	0.0073566 	13317 
334.45 	0.0075699 	13649 
334.82 	0.0079964 	14149 
335.15 	0.0083162 	14815 
335.62 	0.0087427 	15148 
336.03 	0.0089559 	15813 
336.37 	0.0093824 	16146 
336.87 	0.0097022 	16646 
337.33 	0.010129 	17145 
337.83 	0.010449 	17811 
338.33 	0.010875 	18144 
338.75 	0.011195 	18810 
339.25 	0.011515 	19143 
339.65 	0.011835 	19808 
340.15 	0.012154 	20141 
340.65 	0.012368 	20641 
341.15 	0.012581 	20807 
341.65 	0.012688 	20974 
342.15 	0.012688 	20807 
342.65 	0.012794 	20974 
343.15 	0.012794 	20974 
343.65 	0.012794 	20974 
344.15 	0.012794 	20974 
344.65 	0.012794 	20974 
345.15 	0.012794 	20974 
345.65 	0.012688 	20807 
346.15 	0.012794 	20807 
346.65 	0.012794 	20974 
347.15 	0.012794 	21140 
347.65 	0.012794 	20974 
348.15 	0.012794 	20974 
348.65 	0.012794 	20974 
349.15 	0.012794 	20974 
349.65 	0.012794 	20974 
350.15 	0.012794 	20807 
350.65 	0.012794 	20974 
351.15 	0.012794 	20974 
351.65 	0.012794 	20974 
352.15 	0.012794 	20974 
352.65 	0.012794 	20974 
353.15 	0.012688 	20974 
353.65 	0.012688 	20974 
354.15 	0.012688 	20974 
354.65 	0.012794 	20974 
355.15 	0.012794 	21140 
355.65 	0.012688 	20974 
356.15 	0.012688 	20974 
356.65 	0.012688 	20974 
357.15 	0.012794 	20974 
357.65 	0.012794 	20974 
358.15 	0.012794 	20974 
358.65 	0.012794 	20974 
359.15 	0.012688 	20974 
359.65 	0.012794 	20974 
360.15 	0.012794 	21140 
360.65 	0.012794 	20974 
361.15 	0.012794 	20974 
361.65 	0.012688 	20807 
362.15 	0.012794 	20974 
362.65 	0.012688 	21140 
363.15 	0.012688 	20974 
363.65 	0.012688 	20974 
364.15 	0.012688 	20974 
364.65 	0.012688 	20974 
365.15 	0.012688 	20807 
365.65 	0.012688 	20974 
366.15 	0.012794 	20974 
366.65 	0.012794 	20974 
367.15 	0.012688 	20974 
367.65 	0.012688 	20807 
368.15 	0.012688 	20974 
368.65 	0.012688 	20974 
369.15 	0.012688 	20974 
369.65 	0.012688 	20974 
370.15 	0.012688 	20807 
370.65 	0.012688 	20974 
371.15 	0.012688 	20974 
371.65 	0.012688 	20974 
372.15 	0.012688 	20974 
372.65 	0.012688 	20974 
373.15 	0.012688 	20807 
373.65 	0.012688 	20974 
374.15 	0.012688 	20974 
374.65 	0.012688 	20974 
375.15 	0.012688 	20974 
375.65 	0.012688 	20974 
376.15 	0.012794 	20974 
376.65 	0.012688 	21140 
377.15 	0.012688 	20974 
377.65 	0.012688 	20974 
378.15 	0.012688 	20974 
378.65 	0.012688 	20974 
379.15 	0.012688 	20974 
379.65 	0.012688 	20974 
380.15 	0.012688 	20974 
380.65 	0.012688 	20807 
381.15 	0.012688 	20974 
381.65 	0.012688 	20974 
382.15 	0.012688 	20974 
382.65 	0.012581 	20974 
383.15 	0.012581 	20807 
383.65 	0.012688 	20974 
384.15 	0.012688 	21140 
384.65 	0.012688 	20974 
385.15 	0.012581 	20974 
385.65 	0.012688 	20974 
386.15 	0.012688 	20807 
386.65 	0.012688 	21140 
387.15 	0.012688 	20974 
387.65 	0.012688 	20974 
388.15 	0.012581 	20974 
388.65 	0.012581 	20974 
389.15 	0.012688 	20974 
389.65 	0.012688 	21140 
390.15 	0.012688 	20974 
390.65 	0.012581 	20974 
391.15 	0.012581 	20807 
391.65 	0.012688 	20974 
392.15 	0.012688 	20974 
392.65 	0.012688 	20974 
393.15 	0.012688 	20974 
393.65 	0.012581 	20974 
394.15 	0.012688 	20974 
394.65 	0.012688 	20974 
395.15 	0.012688 	20974 
395.65 	0.012688 	21140 
396.15 	0.012581 	20974 
396.65 	0.012581 	20974 
397.15 	0.012688 	20974 
397.65 	0.012688 	20974 
398.15 	0.012688 	20974 
398.65 	0.012688 	21140 
399.15 	0.012581 	20974 
399.65 	0.012581 	20974 
400.15 	0.012688 	20974 
400.65 	0.012688 	20974 
401.15 	0.012688 	20807 
401.58 	0.012261 	20308 
402.08 	0.012048 	19808 
402.57 	0.011621 	19309 
403.07 	0.011302 	18810 
403.57 	0.010982 	18310 
404.07 	0.010662 	17811 
404.57 	0.010342 	17312 
405.07 	0.010022 	16812 
405.55 	0.0097022 	16146 
406.05 	0.0093824 	15813 
406.55 	0.0091692 	15480 
407.05 	0.0088493 	14981 
407.55 	0.0086361 	14648 
408.05 	0.0084228 	14149 
408.47 	0.0079964 	13649 
408.90 	0.0075699 	12984 
409.40 	0.0072500 	12484 
409.78 	0.0068236 	11985 
410.25 	0.0066103 	11319 
410.62 	0.0061839 	11153 
411.05 	0.0058640 	10487 
411.55 	0.0056508 	9987.4 
411.97 	0.0052243 	9820.9 
412.42 	0.0050111 	9155.1 
412.88 	0.0045846 	8822.2 
413.38 	0.0043713 	8156.4 
413.67 	0.0039449 	7823.5 
414.17 	0.0037316 	7324.1 
414.45 	0.0033052 	6991.2 
414.95 	0.0030919 	6658.3 
415.35 	0.0026655 	6325.4 
415.77 	0.0024522 	5659.5 
416.18 	0.0020257 	5326.6 
416.68 	0.0017059 	4827.2 
417.10 	0.0012794 	4494.3 
417.60 	0.0010662 	3995.0 
417.97 	0.00063971 	3662.0 
418.43 	0.00031985 	2996.2 
418.90 	-0.0001068 	2663.3 
419.40 	-0.0004273 	2163.9 
419.90 	-0.0006409 	1997.5 
420.40 	-0.0007478 	1831.0 
420.90 	-0.0007478 	1831.0 
421.40 	-0.0008546 	1664.6 
421.90 	-0.0009614 	1498.1 
422.40 	-0.0010683 	1498.1 
422.90 	-0.0010683 	1498.1 
423.40 	-0.0011751 	1498.1 
423.90 	-0.0011751 	1331.7 
424.40 	-0.0011751 	1498.1 
424.90 	-0.0011751 	1331.7 
425.40 	-0.0012820 	1331.7 
425.90 	-0.0012820 	1331.7 
426.40 	-0.0012820 	1331.7 
426.90 	-0.0013888 	1165.2 
427.40 	-0.0013888 	1331.7 
427.90 	-0.0013888 	1331.7 
428.40 	-0.0013888 	1331.7 
428.90 	-0.0013888 	1331.7 
429.40 	-0.0013888 	1165.2 
429.90 	-0.0013888 	1165.2 
430.40 	-0.0014956 	1165.2 
430.90 	-0.0014956 	1165.2 
431.40 	-0.0013888 	1165.2 
431.90 	-0.0014956 	1331.7 
432.40 	-0.0014956 	1165.2 
432.90 	-0.0014956 	1165.2 
433.40 	-0.0014956 	1165.2 
433.90 	-0.0014956 	1165.2 
434.40 	-0.0014956 	1165.2 
434.90 	-0.0014956 	1165.2 
435.40 	-0.0014956 	1165.2 
435.90 	-0.0016025 	1165.2 
436.40 	-0.0014956 	1165.2 
436.90 	-0.0014956 	1165.2 
437.40 	-0.0014956 	1165.2 
437.90 	-0.0014956 	1165.2 
438.40 	-0.0014956 	1165.2 
438.90 	-0.0014956 	1165.2 
439.40 	-0.0014956 	1165.2 
439.90 	-0.0014956 	1165.2 
440.40 	-0.0016025 	1165.2 
440.90 	-0.0014956 	1165.2 
441.40 	-0.0014956 	1165.2 
441.90 	-0.0014956 	1165.2 
442.40 	-0.0016025 	1165.2 
442.90 	-0.0016025 	1165.2 
443.40 	-0.0016025 	1165.2 
443.90 	-0.0016025 	1165.2 
444.40 	-0.0016025 	1165.2 
444.90 	-0.0016025 	1165.2 
445.40 	-0.0016025 	1165.2 
445.90 	-0.0016025 	1165.2 
446.40 	-0.0016025 	1165.2 
446.90 	-0.0016025 	1165.2 
447.40 	-0.0016025 	1165.2 
447.90 	-0.0016025 	1165.2 
448.40 	-0.0016025 	1165.2 
448.90 	-0.0016025 	1165.2 
449.40 	-0.0016025 	1165.2 
449.90 	-0.0016025 	1165.2 
450.40 	-0.0016025 	1165.2 
450.90 	-0.0016025 	1165.2 
451.40 	-0.0016025 	1165.2 
451.90 	-0.0016025 	1165.2 
452.40 	-0.0016025 	1165.2 
452.90 	-0.0016025 	1165.2 
453.40 	-0.0016025 	1165.2 
453.90 	-0.0016025 	1165.2 
454.40 	-0.0016025 	1165.2 
454.90 	-0.0016025 	1165.2 
455.40 	-0.0016025 	1331.7 
455.90 	-0.0016025 	1165.2 
456.40 	-0.0016025 	1165.2 
456.90 	-0.0016025 	1165.2 
457.40 	-0.0016025 	1165.2 
457.90 	-0.0016025 	1165.2 
458.40 	-0.0016025 	1165.2 
458.90 	-0.0016025 	1165.2 
459.40 	-0.0016025 	1165.2 
459.90 	-0.0017093 	1165.2 
460.40 	-0.0016025 	1165.2 
460.90 	-0.0016025 	1165.2 
461.40 	-0.0016025 	1165.2 
461.90 	-0.0017093 	1165.2 
462.40 	-0.0017093 	1165.2 
462.90 	-0.0017093 	1165.2 
463.40 	-0.0016025 	1165.2 
463.90 	-0.0016025 	1165.2 
464.40 	-0.0017093 	1165.2 
464.90 	-0.0017093 	1165.2 
465.40 	-0.0016025 	1165.2 
465.90 	-0.0016025 	1165.2 
466.40 	-0.0016025 	1331.7 
466.90 	-0.0016025 	1331.7 
467.40 	-0.0017093 	1165.2 
467.90 	-0.0016025 	1165.2 
468.40 	-0.0017093 	1165.2 
468.90 	-0.0016025 	1165.2 
469.40 	-0.0016025 	1165.2 
469.90 	-0.0017093 	1165.2 
470.40 	-0.0016025 	1165.2 
470.90 	-0.0017093 	1165.2 
471.40 	-0.0017093 	1165.2 
471.90 	-0.0016025 	1331.7 
472.40 	-0.0016025 	1165.2 
472.90 	-0.0016025 	1165.2 
473.40 	-0.0017093 	1165.2 
473.90 	-0.0017093 	1165.2 
474.40 	-0.0017093 	1165.2 
474.90 	-0.0017093 	1331.7 
475.40 	-0.0017093 	1165.2 
475.90 	-0.0016025 	1165.2 
476.40 	-0.0016025 	1165.2 
476.90 	-0.0017093 	1165.2 
477.40 	-0.0017093 	1165.2 
477.90 	-0.0016025 	1165.2 
478.40 	-0.0017093 	1165.2 
478.90 	-0.0017093 	1165.2 
479.40 	-0.0017093 	1165.2 
479.90 	-0.0017093 	1165.2 
480.40 	-0.0016025 	1165.2 
480.90 	-0.0017093 	1165.2 
481.40 	-0.0017093 	1165.2 
481.55 	-0.0017093 	1165.2 
482.05 	-0.0017093 	1165.2 
482.55 	-0.0017093 	1165.2 
483.05 	-0.0017093 	1165.2 
483.55 	-0.0017093 	998.74 
484.05 	-0.0017093 	1165.2 
484.55 	-0.0017093 	1165.2 
485.05 	-0.0017093 	1165.2 
485.55 	-0.0016025 	1165.2 
486.05 	-0.0017093 	998.74 
486.55 	-0.0017093 	1165.2 
487.05 	-0.0017093 	1165.2 
487.55 	-0.0017093 	1165.2 
488.05 	-0.0017093 	1165.2 
488.55 	-0.0017093 	1165.2 
489.05 	-0.0017093 	998.74 
489.55 	-0.0017093 	1165.2 
490.05 	-0.0017093 	1165.2 
490.55 	-0.0017093 	1165.2 
491.05 	-0.0017093 	998.74 
491.55 	-0.0018161 	1165.2 
492.05 	-0.0017093 	1165.2 
492.55 	-0.0017093 	1165.2 
493.05 	-0.0017093 	1165.2 
493.55 	-0.0017093 	1165.2 
494.05 	-0.0017093 	1165.2 
494.55 	-0.0017093 	998.74 
495.05 	-0.0017093 	1165.2 
495.55 	-0.0017093 	1165.2 
496.05 	-0.0017093 	1165.2 
496.55 	-0.0017093 	1165.2 
497.05 	-0.0017093 	1165.2 
497.55 	-0.0017093 	1165.2 
498.05 	-0.0017093 	1165.2 
498.55 	-0.0017093 	1165.2 
499.05 	-0.0017093 	1165.2 
499.55 	-0.0017093 	1165.2 
500.05 	-0.0017093 	1165.2 
500.55 	-0.0017093 	1165.2 
501.05 	-0.0017093 	1165.2 
501.55 	-0.0017093 	1165.2 
502.05 	-0.0017093 	1331.7 
502.55 	-0.0017093 	1165.2 
503.05 	-0.0017093 	1165.2 
503.55 	-0.0017093 	1165.2 
504.05 	-0.0017093 	1165.2 
504.55 	-0.0017093 	1165.2 
505.05 	-0.0017093 	1165.2 
505.55 	-0.0018161 	1165.2 
506.05 	-0.0017093 	1165.2 
506.55 	-0.0018161 	998.74 
507.05 	-0.0017093 	1165.2 
507.55 	-0.0017093 	1165.2 
508.05 	-0.0017093 	1165.2 
508.55 	-0.0017093 	1165.2 
509.05 	-0.0018161 	1165.2 
509.55 	-0.0017093 	1165.2 
510.05 	-0.0017093 	1165.2 
510.55 	-0.0017093 	1165.2 
511.05 	-0.0017093 	1165.2 
511.55 	-0.0017093 	998.74 
512.05 	-0.0018161 	1165.2 
512.55 	-0.0018161 	1331.7 
513.05 	-0.0017093 	1331.7 
513.55 	-0.0016025 	1664.6 
514.05 	-0.0014956 	1831.0 
514.55 	-0.0012820 	2163.9 
515.05 	-0.0010683 	2330.4 
515.47 	-0.0006409 	2829.8 
515.97 	-0.0004273 	3329.1 
516.35 	0.00000 	3828.5 
516.85 	0.00031985 	4327.9 
517.32 	0.00074633 	4827.2 
517.78 	0.0011728 	5326.6 
518.22 	0.0014927 	5992.4 
518.53 	0.0019191 	6325.4 
518.97 	0.0023456 	6991.2 
519.47 	0.0026655 	7324.1 
519.80 	0.0030919 	7823.5 
520.30 	0.0034118 	8489.3 
520.80 	0.0037316 	8988.7 
521.30 	0.0040515 	9654.5 
521.57 	0.0044780 	9654.5 
521.93 	0.0046912 	10320 
522.42 	0.0051177 	10653 
522.88 	0.0054375 	11319 
523.37 	0.0058640 	11652 
523.87 	0.0060772 	11985 
524.28 	0.0065037 	12484 
524.78 	0.0068236 	12984 
525.28 	0.0071434 	13317 
525.78 	0.0073566 	13816 
526.23 	0.0077831 	14482 
526.62 	0.0082096 	14981 
527.07 	0.0085294 	15647 
527.53 	0.0089559 	16146 
528.03 	0.0092758 	16646 
528.43 	0.0097022 	17145 
528.93 	0.010022 	17644 
529.43 	0.010342 	18144 
529.85 	0.010768 	18643 
530.35 	0.011088 	19143 
530.83 	0.011515 	19642 
531.33 	0.011835 	20141 
531.83 	0.012048 	20474 
532.33 	0.012261 	20641 
532.83 	0.012368 	20807 
533.33 	0.012368 	20974 
533.83 	0.012474 	20974 
534.33 	0.012474 	21140 
534.83 	0.012474 	20974 
535.33 	0.012474 	20974 
535.83 	0.012368 	20807 
536.33 	0.012474 	20974 
536.83 	0.012474 	20974 
537.33 	0.012474 	20974 
537.83 	0.012474 	20807 
538.33 	0.012368 	21140 
538.83 	0.012474 	20974 
539.33 	0.012474 	20974 
539.83 	0.012581 	21140 
540.33 	0.012474 	21140 
540.83 	0.012474 	20974 
541.33 	0.012474 	20807 
541.83 	0.012474 	20974 
542.33 	0.012474 	20974 
542.83 	0.012474 	20974 
543.33 	0.012474 	20974 
543.83 	0.012474 	20974 
544.33 	0.012474 	20974 
544.83 	0.012474 	20974 
545.33 	0.012474 	20974 
545.83 	0.012474 	20974 
546.33 	0.012474 	20974 
546.83 	0.012474 	20974 
547.33 	0.012474 	20974 
547.83 	0.012474 	20974 
548.33 	0.012474 	20974 
548.83 	0.012474 	20974 
549.33 	0.012581 	20974 
549.83 	0.012474 	20974 
550.33 	0.012474 	20974 
550.83 	0.012368 	20974 
551.33 	0.012474 	20974 
551.83 	0.012581 	20974 
552.33 	0.012474 	20974 
552.83 	0.012474 	20974 
553.33 	0.012368 	20974 
553.83 	0.012474 	20974 
554.33 	0.012474 	20974 
554.83 	0.012474 	20974 
555.33 	0.012474 	21140 
555.83 	0.012368 	20974 
556.33 	0.012368 	20974 
556.83 	0.012368 	20974 
557.33 	0.012474 	21140 
557.83 	0.012474 	20974 
558.33 	0.012474 	20974 
558.83 	0.012474 	20974 
559.33 	0.012474 	20974 
559.83 	0.012474 	21140 
560.33 	0.012474 	21140 
560.83 	0.012474 	20974 
561.33 	0.012368 	20974 
561.83 	0.012474 	20974 
562.33 	0.012474 	20974 
562.83 	0.012474 	20974 
563.33 	0.012474 	20974 
563.83 	0.012474 	20974 
564.33 	0.012474 	20974 
564.83 	0.012474 	20974 
565.33 	0.012474 	20974 
565.83 	0.012474 	20974 
566.33 	0.012474 	20974 
566.83 	0.012474 	20974 
567.33 	0.012474 	21140 
567.83 	0.012474 	20807 
568.33 	0.012368 	20974 
568.83 	0.012474 	20974 
569.33 	0.012474 	21140 
569.83 	0.012474 	21140 
570.33 	0.012474 	20974 
570.83 	0.012474 	20807 
571.33 	0.012368 	20974 
571.83 	0.012474 	20974 
572.33 	0.012474 	21140 
572.83 	0.012474 	20974 
573.33 	0.012474 	20974 
573.83 	0.012474 	20807 
574.33 	0.012368 	20974 
574.83 	0.012474 	20974 
575.33 	0.012474 	20974 
575.83 	0.012474 	20974 
576.33 	0.012474 	20974 
576.83 	0.012368 	20974 
577.33 	0.012474 	20807 
577.83 	0.012474 	20974 
578.33 	0.012474 	20974 
578.83 	0.012474 	20974 
579.33 	0.012474 	20974 
579.83 	0.012474 	20974 
580.33 	0.012474 	20974 
580.83 	0.012474 	20974 
581.33 	0.012474 	20974 
581.83 	0.012474 	20974 
582.33 	0.012474 	20974 
582.83 	0.012368 	20974 
583.33 	0.012368 	20974 
583.83 	0.012474 	20974 
584.33 	0.012474 	20974 
584.83 	0.012474 	21140 
585.33 	0.012474 	20974 
585.83 	0.012368 	20974 
586.33 	0.012474 	20807 
586.83 	0.012474 	20974 
587.33 	0.012474 	21140 
587.83 	0.012581 	20974 
588.33 	0.012581 	20974 
588.83 	0.012474 	20974 
589.33 	0.012474 	20974 
589.83 	0.012474 	21140 
590.33 	0.012474 	20974 
590.83 	0.012474 	21140 
591.33 	0.012474 	20974 
591.67 	0.012474 	20974 
592.17 	0.012474 	20974 
592.67 	0.012474 	20974 
593.17 	0.012474 	20974 
593.67 	0.012474 	20974 
594.17 	0.012581 	20974 
594.67 	0.012474 	20807 
595.17 	0.012474 	20807 
595.67 	0.012474 	20974 
596.17 	0.012474 	20974 
596.67 	0.012581 	21140 
597.17 	0.012581 	20974 
597.67 	0.012474 	20974 
598.17 	0.012474 	20807 
598.67 	0.012581 	20974 
599.17 	0.012474 	20974 
599.67 	0.012474 	20974 
600.17 	0.012474 	20974 
600.67 	0.012474 	20974 
601.17 	0.012474 	20974 
601.67 	0.012474 	20974 
602.17 	0.012474 	20974 
602.67 	0.012474 	20974 
603.17 	0.012368 	20974 
603.67 	0.012474 	20974 
604.17 	0.012474 	21140 
604.67 	0.012581 	20974 
605.17 	0.012474 	20974 
605.67 	0.012474 	20974 
606.17 	0.012368 	20974 
606.67 	0.012474 	20974 
607.17 	0.012474 	20974 
607.67 	0.012368 	20974 
608.17 	0.012474 	20974 
608.67 	0.012474 	20974 
609.17 	0.012368 	20974 
609.67 	0.012261 	21140 
610.17 	0.012261 	20974 
610.67 	0.012261 	20807 
611.17 	0.012154 	20974 
611.67 	0.012154 	20807 
612.17 	0.012154 	20974 
612.67 	0.012154 	20974 
613.17 	0.012048 	20974 
613.67 	0.011941 	20974 
614.17 	0.011728 	20974 
614.67 	0.011621 	20974 
615.17 	0.011621 	20974 
615.67 	0.011621 	20974 
616.17 	0.011515 	20974 
616.67 	0.011515 	20974 
617.17 	0.011515 	20974 
617.67 	0.011515 	20974 
618.17 	0.011515 	20974 
618.67 	0.011515 	20974 
619.17 	0.011515 	20974 
619.67 	0.011515 	20974 
620.17 	0.011515 	20974 
620.67 	0.011515 	20974 
621.17 	0.011515 	20974 
621.65 	0.011408 	20974 
622.15 	0.011515 	20974 
622.65 	0.011515 	20974 
623.15 	0.011515 	20974 
623.65 	0.011515 	20974 
624.15 	0.011515 	21140 
624.65 	0.011515 	20974 
625.15 	0.011515 	20974 
625.65 	0.011515 	20974 
626.15 	0.011515 	20974 
626.65 	0.011515 	20974 
627.15 	0.011515 	20974 
627.65 	0.011515 	20974 
628.15 	0.011515 	20974 
628.65 	0.011515 	21140 
629.15 	0.011515 	20974 
629.65 	0.011515 	20974 
630.15 	0.011515 	20974 
630.65 	0.011515 	20974 
631.08 	0.011515 	21972 
631.12 	0.011515 	20974 
631.62 	0.011515 	20974 
632.12 	0.011515 	20974 
632.62 	0.011515 	20974 
633.12 	0.011515 	20974 
633.62 	0.011515 	20974 
634.12 	0.011515 	20974 
634.62 	0.011515 	20974 
635.12 	0.011515 	20974 
635.62 	0.011515 	20974 
636.12 	0.011515 	20974 
636.62 	0.011515 	20974 
637.12 	0.011515 	20974 
637.62 	0.011515 	21140 
638.12 	0.011515 	20974 
638.62 	0.011515 	20974 
639.12 	0.011515 	20974 
639.62 	0.011515 	20974 
640.12 	0.011515 	20974 
640.62 	0.011515 	20974 
641.12 	0.011515 	20974 
641.62 	0.011515 	21140 
642.12 	0.011515 	20974 
642.62 	0.011515 	20974 
643.12 	0.011515 	20807 
643.62 	0.011515 	20974 
644.12 	0.011515 	20974 
644.62 	0.011515 	20974 
645.12 	0.011515 	20974 
645.62 	0.011515 	20974 
646.12 	0.011515 	20974 
646.62 	0.011515 	20974 
647.12 	0.011515 	21140 
647.62 	0.011515 	20974 
648.12 	0.011515 	20974 
648.62 	0.011515 	20974 
649.12 	0.011515 	20974 
649.62 	0.011515 	20974 
650.12 	0.011515 	20974 
650.62 	0.011515 	20974 
651.05 	0.011515 	20141 
651.10 	0.011515 	20974 
651.60 	0.011515 	20974 
652.10 	0.011515 	20974 
652.60 	0.011515 	20974 
653.10 	0.011515 	20974 
653.60 	0.011515 	20974 
654.10 	0.011515 	20974 
654.60 	0.011515 	20974 
655.10 	0.011515 	20974 
655.60 	0.011515 	20974 
656.10 	0.011515 	20974 
656.60 	0.011515 	20974 
657.10 	0.011515 	20974 
657.60 	0.011515 	20974 
658.10 	0.011515 	20974 
658.60 	0.011515 	20974 
659.10 	0.011515 	20974 
659.60 	0.011515 	20974 
660.10 	0.011515 	20974 
660.60 	0.011515 	20974 
661.10 	0.011515 	20974 
661.60 	0.011515 	20974 
662.10 	0.011515 	20974 
662.60 	0.011515 	20974 
663.10 	0.011515 	20807 
663.60 	0.011515 	20974 
664.10 	0.011515 	20974 
664.60 	0.011515 	20974 
665.10 	0.011515 	21140 
665.60 	0.011515 	20974 
666.10 	0.011515 	20974 
666.60 	0.011515 	20974 
667.10 	0.011515 	20807 
667.60 	0.011515 	20974 
668.10 	0.011515 	20974 
668.60 	0.011515 	20974 
669.10 	0.011515 	20974 
669.60 	0.011515 	20807 
670.10 	0.011515 	20974 
670.60 	0.011515 	20974 
671.10 	0.011515 	20974 
671.60 	0.011515 	20974 
672.10 	0.011515 	20974 
672.60 	0.011515 	20974 
673.10 	0.011515 	20974 
673.60 	0.011515 	20974 
674.10 	0.011515 	20974 
674.60 	0.011515 	20974 
675.10 	0.011515 	20974 
675.60 	0.011515 	20974 
676.10 	0.011515 	21140 
676.60 	0.011515 	21140 
677.10 	0.011515 	20974 
677.60 	0.011515 	20974 
678.10 	0.011515 	20974 
678.60 	0.011515 	20974 
679.10 	0.011515 	20974 
679.60 	0.011515 	20974 
680.10 	0.011515 	20974 
680.60 	0.011515 	20974 
681.10 	0.011515 	21140 
681.60 	0.011515 	20974 
682.10 	0.011515 	20974 
682.60 	0.011515 	20974 
683.10 	0.011515 	20974 
683.60 	0.011515 	20974 
684.10 	0.011515 	20974 
684.60 	0.011515 	20974 
685.10 	0.011515 	20807 
685.60 	0.011515 	20974 
686.10 	0.011515 	20974 
686.60 	0.011515 	20974 
687.10 	0.011515 	20974 
687.60 	0.011515 	21306 
688.10 	0.011515 	21639 
688.60 	0.011515 	21972 
689.07 	0.011515 	22638 
689.57 	0.011515 	23137 
690.07 	0.011515 	23470 
690.52 	0.011515 	24136 
691.02 	0.011515 	24469 
691.47 	0.011515 	25135 
691.97 	0.011515 	25634 
692.47 	0.011515 	26134 
692.97 	0.011515 	26467 
693.47 	0.011515 	26966 
693.97 	0.011515 	27465 
694.45 	0.011515 	28131 
694.95 	0.011515 	28464 
695.45 	0.011515 	28963 
695.95 	0.011515 	29463 
696.45 	0.011515 	29962 
696.93 	0.011515 	30628 
697.43 	0.011515 	30961 
697.93 	0.011515 	31460 
698.43 	0.011515 	31960 
698.93 	0.011515 	32459 
699.32 	0.011515 	33125 
699.82 	0.011515 	33624 
700.25 	0.011515 	34290 
700.75 	0.011515 	34789 
701.25 	0.011515 	35289 
701.73 	0.011515 	35955 
702.23 	0.011515 	36288 
702.67 	0.011515 	36953 
703.17 	0.011515 	37453 
703.67 	0.011515 	37952 
704.17 	0.011515 	38452 
704.67 	0.011515 	38951 
705.17 	0.011515 	39617 
705.67 	0.011515 	40116 
706.17 	0.011515 	40615 
706.67 	0.011515 	41115 
707.12 	0.011515 	41781 
707.62 	0.011515 	42114 
708.12 	0.011515 	42779 
708.62 	0.011515 	43279 
709.12 	0.011515 	43778 
709.62 	0.011515 	44278 
710.12 	0.011515 	44777 
710.60 	0.011515 	45443 
711.10 	0.011515 	45942 
711.60 	0.011515 	46441 
712.10 	0.011515 	46941 
712.60 	0.011515 	47274 
713.05 	0.011515 	47940 
713.55 	0.011515 	48439 
714.05 	0.011515 	48772 
714.43 	0.011515 	49438 
714.93 	0.011515 	49771 
715.40 	0.011515 	50436 
715.90 	0.011515 	50936 
716.40 	0.011515 	51435 
716.90 	0.011515 	51935 
717.40 	0.011515 	52434 
717.90 	0.011515 	53100 
718.40 	0.011515 	53433 
718.87 	0.011515 	54098 
719.37 	0.011515 	54598 
719.87 	0.011515 	55097 
720.37 	0.011515 	55597 
720.87 	0.011515 	56096 
721.37 	0.011515 	56595 
721.82 	0.011515 	57261 
722.32 	0.011515 	57594 
722.82 	0.011515 	58093 
723.32 	0.011515 	58759 
723.82 	0.011515 	59259 
724.32 	0.011515 	59758 
724.82 	0.011515 	60257 
725.32 	0.011515 	60757 
725.82 	0.011515 	61256 
726.32 	0.011515 	61922 
726.82 	0.011515 	62421 
727.32 	0.011515 	62754 
727.82 	0.011515 	63087 
728.18 	0.011515 	63753 
728.68 	0.011515 	64252 
729.18 	0.011515 	64752 
729.68 	0.011515 	65251 
730.18 	0.011515 	65750 
730.67 	0.011515 	66416 
731.17 	0.011515 	66749 
731.65 	0.011515 	67415 
732.15 	0.011515 	67914 
732.65 	0.011515 	68414 
733.15 	0.011515 	68913 
733.65 	0.011515 	69412 
734.15 	0.011515 	70078 
734.65 	0.011515 	70578 
735.15 	0.011515 	70911 
735.58 	0.011515 	71576 
736.08 	0.011515 	71909 
736.55 	0.011515 	72575 
737.05 	0.011515 	72908 
737.55 	0.011515 	73574 
738.05 	0.011515 	73907 
738.55 	0.011515 	74406 
739.05 	0.011515 	74906 
739.55 	0.011515 	75238 
739.95 	0.011515 	75904 
740.45 	0.011515 	76071 
740.95 	0.011515 	76071 
741.37 	0.011515 	75405 
741.45 	0.011515 	74739 
741.60 	0.011515 	74073 
741.75 	0.011515 	73407 
741.83 	0.011515 	72575 
741.88 	0.011515 	71909 
741.93 	0.011515 	71077 
741.97 	0.011515 	70411 
742.00 	0.011515 	69745 
742.02 	0.011515 	68913 
742.03 	0.011515 	68081 
742.05 	0.011515 	67249 
742.08 	0.011515 	66250 
742.10 	0.011515 	65584 
742.12 	0.011515 	64752 
742.13 	0.011515 	63919 
742.15 	0.011515 	62421 
742.17 	0.011515 	60424 
742.18 	0.011515 	57594 
742.20 	0.011515 	52267 
