Tempo(s)	Deformação(mm)	Força(N)
0.016667 	0.00000 	665.83 
0.51667 	0.00010662 	665.83 
1.0167 	0.00010662 	832.28 
1.5167 	0.00021324 	998.74 
2.0167 	0.00031985 	1498.1 
2.5167 	0.00031985 	1831.0 
3.0167 	0.00042647 	2330.4 
3.5000 	0.00063971 	2996.2 
4.0000 	0.00085294 	3329.1 
4.4667 	0.00095956 	3995.0 
4.8833 	0.0010662 	4660.8 
5.3833 	0.0011728 	5160.2 
5.8500 	0.0013860 	5826.0 
6.3500 	0.0013860 	6325.4 
6.8500 	0.0015993 	6991.2 
7.3500 	0.0017059 	7324.1 
7.7667 	0.0017059 	7989.9 
8.2667 	0.0019191 	8489.3 
8.7667 	0.0020257 	8988.7 
9.2667 	0.0021324 	9488.0 
9.7667 	0.0023456 	9987.4 
10.267 	0.0023456 	10653 
10.767 	0.0024522 	11153 
11.267 	0.0026655 	11486 
11.767 	0.0027721 	11985 
12.267 	0.0028787 	12318 
12.767 	0.0028787 	12484 
13.200 	0.0030919 	13150 
13.567 	0.0031985 	13816 
13.967 	0.0034118 	14482 
14.467 	0.0035184 	14981 
14.967 	0.0037316 	15647 
15.467 	0.0039449 	16146 
15.967 	0.0040515 	16646 
16.467 	0.0041581 	17312 
16.967 	0.0042647 	17811 
17.467 	0.0043713 	18144 
17.967 	0.0044780 	18643 
18.467 	0.0046912 	19143 
18.917 	0.0047978 	19808 
19.417 	0.0050111 	20308 
19.917 	0.0051177 	20974 
20.417 	0.0053309 	21306 
20.833 	0.0054375 	21972 
21.333 	0.0055441 	22305 
21.833 	0.0056508 	22805 
22.333 	0.0057574 	22971 
22.833 	0.0058640 	22971 
23.333 	0.0058640 	22971 
23.833 	0.0059706 	23137 
24.333 	0.0059706 	22971 
24.833 	0.0059706 	23137 
25.333 	0.0059706 	23137 
25.833 	0.0059706 	23137 
26.333 	0.0059706 	23137 
26.833 	0.0059706 	23137 
27.333 	0.0060772 	23137 
27.833 	0.0060772 	23137 
28.333 	0.0059706 	22971 
28.833 	0.0060772 	23304 
29.333 	0.0060772 	23137 
29.833 	0.0060772 	23137 
30.333 	0.0060772 	23137 
30.833 	0.0061839 	23137 
31.333 	0.0061839 	23137 
31.833 	0.0060772 	23137 
32.333 	0.0060772 	23137 
32.833 	0.0060772 	23137 
33.333 	0.0060772 	23137 
33.833 	0.0060772 	23137 
34.333 	0.0060772 	23137 
34.833 	0.0059706 	23137 
35.333 	0.0060772 	23137 
35.833 	0.0059706 	23137 
36.333 	0.0059706 	23137 
36.833 	0.0060772 	23137 
37.333 	0.0060772 	23137 
37.833 	0.0061839 	23137 
38.333 	0.0061839 	23137 
38.833 	0.0060772 	23137 
39.333 	0.0061839 	23137 
39.833 	0.0061839 	23137 
40.333 	0.0061839 	23304 
40.833 	0.0061839 	23137 
41.333 	0.0061839 	23137 
41.833 	0.0061839 	22971 
42.333 	0.0061839 	23137 
42.833 	0.0061839 	23137 
43.333 	0.0062905 	23304 
43.833 	0.0061839 	23137 
44.333 	0.0062905 	23137 
44.833 	0.0061839 	23304 
45.333 	0.0062905 	23304 
45.833 	0.0062905 	23137 
46.333 	0.0062905 	23137 
46.833 	0.0061839 	23137 
47.333 	0.0061839 	23137 
47.833 	0.0062905 	23304 
48.333 	0.0061839 	23137 
48.833 	0.0062905 	23137 
49.333 	0.0062905 	23137 
49.833 	0.0062905 	23137 
50.333 	0.0062905 	23137 
50.833 	0.0062905 	23137 
51.333 	0.0062905 	23137 
51.833 	0.0061839 	23304 
52.333 	0.0062905 	23304 
52.833 	0.0062905 	23137 
53.333 	0.0061839 	22971 
53.833 	0.0062905 	23137 
54.333 	0.0062905 	23304 
54.833 	0.0062905 	23137 
55.333 	0.0062905 	23137 
55.833 	0.0062905 	22971 
56.333 	0.0062905 	22971 
56.833 	0.0063971 	23137 
57.333 	0.0062905 	23137 
57.833 	0.0062905 	23137 
58.333 	0.0062905 	23137 
58.833 	0.0062905 	23137 
59.333 	0.0062905 	23304 
59.833 	0.0062905 	23304 
60.333 	0.0063971 	22971 
60.833 	0.0062905 	22971 
61.333 	0.0062905 	23137 
61.833 	0.0063971 	23137 
62.333 	0.0062905 	23137 
62.833 	0.0062905 	23137 
63.333 	0.0062905 	23137 
63.833 	0.0062905 	22971 
64.333 	0.0062905 	23304 
64.833 	0.0062905 	23137 
65.333 	0.0062905 	23137 
65.833 	0.0063971 	22971 
66.333 	0.0062905 	23137 
66.833 	0.0062905 	23137 
67.333 	0.0062905 	23137 
67.833 	0.0062905 	23304 
68.333 	0.0062905 	23137 
68.833 	0.0062905 	23137 
69.333 	0.0062905 	23137 
69.833 	0.0062905 	23137 
70.333 	0.0063971 	23137 
70.833 	0.0063971 	23137 
71.333 	0.0062905 	23137 
71.833 	0.0062905 	23137 
72.333 	0.0063971 	23137 
72.833 	0.0062905 	23137 
73.333 	0.0063971 	23137 
73.833 	0.0063971 	23137 
74.333 	0.0062905 	22971 
74.833 	0.0062905 	23137 
75.333 	0.0062905 	23137 
75.833 	0.0062905 	22971 
76.333 	0.0061839 	22971 
76.833 	0.0060772 	23137 
77.333 	0.0061839 	23304 
77.833 	0.0060772 	23137 
78.333 	0.0059706 	22971 
78.833 	0.0059706 	23137 
79.333 	0.0058640 	23137 
79.833 	0.0057574 	23304 
80.333 	0.0056508 	23304 
80.833 	0.0057574 	23137 
81.267 	0.0061839 	23137 
81.767 	0.0065037 	23137 
82.267 	0.0063971 	22971 
82.433 	0.0063971 	22305 
82.933 	0.0062905 	21972 
83.433 	0.0062905 	21473 
83.933 	0.0062905 	21140 
84.433 	0.0061839 	20641 
84.933 	0.0060772 	20308 
85.400 	0.0059706 	19642 
85.900 	0.0058640 	19143 
86.400 	0.0057574 	18477 
86.900 	0.0056508 	17977 
87.400 	0.0054375 	17478 
87.900 	0.0053309 	17145 
88.367 	0.0053309 	16479 
88.867 	0.0051177 	16146 
89.317 	0.0051177 	15480 
89.817 	0.0050111 	15148 
90.317 	0.0049044 	14648 
90.817 	0.0047978 	14315 
91.317 	0.0047978 	14149 
91.717 	0.0047978 	13483 
92.167 	0.0044780 	12817 
92.667 	0.0043713 	12318 
93.033 	0.0042647 	11652 
93.533 	0.0041581 	11153 
94.033 	0.0040515 	10653 
94.533 	0.0038383 	10154 
95.033 	0.0037316 	9654.5 
95.533 	0.0035184 	9155.1 
96.033 	0.0035184 	8489.3 
96.533 	0.0033052 	7989.9 
97.033 	0.0033052 	7657.0 
97.467 	0.0031985 	6991.2 
97.967 	0.0030919 	6491.8 
98.467 	0.0029853 	6158.9 
98.933 	0.0027721 	5493.1 
99.433 	0.0026655 	5326.6 
99.817 	0.0025588 	4660.8 
100.32 	0.0024522 	4327.9 
100.67 	0.0023456 	3662.0 
101.17 	0.0022390 	3495.6 
101.67 	0.0021324 	2996.2 
102.17 	0.0019191 	2496.9 
102.67 	0.0018125 	1997.5 
103.17 	0.0017059 	1664.6 
103.67 	0.0015993 	1664.6 
104.17 	0.0015993 	1664.6 
104.67 	0.0017059 	1498.1 
105.17 	0.0015993 	1331.7 
105.67 	0.0015993 	1498.1 
106.17 	0.0015993 	1331.7 
106.67 	0.0014927 	1165.2 
107.17 	0.0014927 	1331.7 
107.67 	0.0015993 	1165.2 
108.17 	0.0015993 	1331.7 
108.67 	0.0015993 	1331.7 
109.17 	0.0015993 	1165.2 
109.67 	0.0015993 	1165.2 
110.17 	0.0015993 	1165.2 
110.67 	0.0015993 	1331.7 
111.17 	0.0015993 	1165.2 
111.67 	0.0015993 	1165.2 
112.17 	0.0015993 	1165.2 
112.67 	0.0015993 	1165.2 
113.17 	0.0015993 	1165.2 
113.67 	0.0015993 	1331.7 
114.17 	0.0015993 	1165.2 
114.67 	0.0017059 	998.74 
115.17 	0.0017059 	1165.2 
115.67 	0.0017059 	1165.2 
116.17 	0.0017059 	1165.2 
116.67 	0.0018125 	1165.2 
117.17 	0.0018125 	1165.2 
117.67 	0.0018125 	998.74 
118.17 	0.0018125 	1165.2 
118.67 	0.0017059 	1331.7 
119.17 	0.0018125 	1165.2 
119.67 	0.0018125 	998.74 
120.17 	0.0018125 	998.74 
120.67 	0.0018125 	1165.2 
121.17 	0.0018125 	1331.7 
121.67 	0.0018125 	1165.2 
122.17 	0.0018125 	1165.2 
122.67 	0.0018125 	998.74 
123.17 	0.0018125 	1165.2 
123.67 	0.0018125 	1331.7 
124.17 	0.0018125 	1165.2 
124.67 	0.0018125 	998.74 
125.17 	0.0018125 	998.74 
125.67 	0.0018125 	1331.7 
126.17 	0.0018125 	1165.2 
126.67 	0.0017059 	1165.2 
127.17 	0.0017059 	998.74 
127.67 	0.0017059 	1165.2 
128.17 	0.0017059 	1165.2 
128.67 	0.0017059 	1331.7 
129.17 	0.0017059 	1165.2 
129.67 	0.0017059 	1165.2 
130.17 	0.0017059 	998.74 
130.67 	0.0018125 	1331.7 
131.17 	0.0018125 	1331.7 
131.67 	0.0018125 	1165.2 
132.17 	0.0018125 	1165.2 
132.67 	0.0017059 	1165.2 
133.17 	0.0017059 	998.74 
133.67 	0.0017059 	1165.2 
134.17 	0.0018125 	1331.7 
134.67 	0.0018125 	1165.2 
135.17 	0.0018125 	1165.2 
135.67 	0.0018125 	1165.2 
136.17 	0.0018125 	1165.2 
136.67 	0.0019191 	1165.2 
137.17 	0.0019191 	1165.2 
137.67 	0.0019191 	1165.2 
138.17 	0.0019191 	1165.2 
138.67 	0.0019191 	998.74 
139.17 	0.0019191 	1165.2 
139.67 	0.0019191 	1165.2 
140.17 	0.0019191 	1165.2 
140.67 	0.0019191 	1331.7 
141.17 	0.0019191 	1331.7 
141.67 	0.0019191 	1165.2 
142.17 	0.0019191 	1165.2 
142.67 	0.0019191 	998.74 
143.17 	0.0019191 	1165.2 
143.67 	0.0019191 	1165.2 
144.17 	0.0019191 	1331.7 
144.67 	0.0019191 	1165.2 
145.17 	0.0019191 	1165.2 
145.67 	0.0019191 	1165.2 
146.17 	0.0019191 	1165.2 
146.67 	0.0020257 	1331.7 
147.17 	0.0020257 	1165.2 
147.67 	0.0020257 	998.74 
148.17 	0.0020257 	1165.2 
148.67 	0.0020257 	1165.2 
149.17 	0.0020257 	1331.7 
149.67 	0.0020257 	1165.2 
150.17 	0.0020257 	1165.2 
150.67 	0.0020257 	1165.2 
151.17 	0.0020257 	1165.2 
151.67 	0.0020257 	1331.7 
152.17 	0.0019191 	1331.7 
152.67 	0.0020257 	1165.2 
153.17 	0.0019191 	1165.2 
153.67 	0.0020257 	1165.2 
154.17 	0.0020257 	1165.2 
154.67 	0.0020257 	1331.7 
155.17 	0.0020257 	1331.7 
155.67 	0.0020257 	1165.2 
156.17 	0.0021324 	1165.2 
156.67 	0.0020257 	998.74 
157.17 	0.0020257 	1165.2 
157.67 	0.0020257 	1331.7 
158.17 	0.0021324 	1165.2 
158.67 	0.0020257 	1165.2 
159.17 	0.0020257 	1165.2 
159.67 	0.0020257 	1165.2 
160.17 	0.0020257 	1331.7 
160.67 	0.0020257 	1165.2 
161.17 	0.0020257 	1165.2 
161.67 	0.0020257 	998.74 
162.17 	0.0021324 	1165.2 
162.67 	0.0021324 	1165.2 
163.17 	0.0021324 	1165.2 
163.67 	0.0021324 	1165.2 
164.17 	0.0020257 	1165.2 
164.67 	0.0020257 	1165.2 
165.17 	0.0020257 	1165.2 
165.67 	0.0020257 	1498.1 
166.17 	0.0022390 	1831.0 
166.67 	0.0023456 	2330.4 
167.17 	0.0024522 	2829.8 
167.67 	0.0025588 	3162.7 
168.00 	0.0026655 	3828.5 
168.50 	0.0028787 	4327.9 
169.00 	0.0028787 	4827.2 
169.48 	0.0030919 	5493.1 
169.98 	0.0031985 	5826.0 
170.38 	0.0031985 	6491.8 
170.88 	0.0029853 	6991.2 
171.38 	0.0029853 	7490.6 
171.88 	0.0028787 	7989.9 
172.38 	0.0029853 	8489.3 
172.85 	0.0030919 	9155.1 
173.35 	0.0031985 	9654.5 
173.85 	0.0033052 	10154 
174.35 	0.0034118 	10653 
174.85 	0.0035184 	11153 
175.35 	0.0036250 	11818 
175.85 	0.0037316 	12151 
176.35 	0.0038383 	12484 
176.85 	0.0038383 	12651 
177.30 	0.0039449 	13317 
177.63 	0.0040515 	13982 
178.10 	0.0041581 	14648 
178.60 	0.0043713 	15148 
179.07 	0.0044780 	15813 
179.57 	0.0046912 	16146 
179.98 	0.0046912 	16812 
180.48 	0.0047978 	17312 
180.98 	0.0050111 	17811 
181.48 	0.0051177 	18144 
181.98 	0.0052243 	18643 
182.48 	0.0053309 	19143 
182.92 	0.0053309 	19808 
183.42 	0.0055441 	20474 
183.92 	0.0056508 	20807 
184.38 	0.0057574 	21473 
184.88 	0.0059706 	21972 
185.38 	0.0059706 	22472 
185.88 	0.0060772 	22805 
186.38 	0.0060772 	22971 
186.88 	0.0060772 	22971 
187.38 	0.0061839 	23137 
187.88 	0.0061839 	23137 
188.38 	0.0061839 	22971 
188.88 	0.0061839 	23137 
189.38 	0.0061839 	23137 
189.88 	0.0061839 	23137 
190.38 	0.0061839 	22971 
190.88 	0.0061839 	23137 
191.38 	0.0061839 	22971 
191.88 	0.0061839 	23137 
192.38 	0.0061839 	23137 
192.88 	0.0061839 	23137 
193.38 	0.0060772 	23137 
193.88 	0.0060772 	23137 
194.38 	0.0061839 	22971 
194.88 	0.0060772 	22971 
195.38 	0.0060772 	23137 
195.88 	0.0060772 	23137 
196.38 	0.0060772 	23137 
196.88 	0.0060772 	23137 
197.38 	0.0060772 	23304 
197.88 	0.0060772 	23137 
198.38 	0.0060772 	23137 
198.88 	0.0059706 	23137 
199.38 	0.0059706 	23304 
199.88 	0.0059706 	23304 
200.38 	0.0059706 	22971 
200.88 	0.0059706 	22971 
201.38 	0.0059706 	22971 
201.88 	0.0059706 	23137 
202.38 	0.0059706 	23137 
202.88 	0.0059706 	23137 
203.38 	0.0059706 	23137 
203.88 	0.0058640 	23304 
204.38 	0.0058640 	23137 
204.88 	0.0058640 	23137 
205.38 	0.0057574 	23137 
205.88 	0.0058640 	23304 
206.38 	0.0058640 	23304 
206.88 	0.0057574 	23137 
207.38 	0.0058640 	23137 
207.88 	0.0057574 	23137 
208.38 	0.0057574 	23137 
208.88 	0.0057574 	23137 
209.38 	0.0058640 	23137 
209.88 	0.0057574 	22971 
210.38 	0.0057574 	23137 
210.88 	0.0057574 	23137 
211.38 	0.0057574 	23137 
211.88 	0.0057574 	22971 
212.38 	0.0057574 	23137 
212.88 	0.0057574 	23304 
213.38 	0.0056508 	23137 
213.88 	0.0057574 	23137 
214.38 	0.0057574 	23137 
214.88 	0.0056508 	23137 
215.38 	0.0056508 	23137 
215.88 	0.0056508 	23137 
216.38 	0.0056508 	22971 
216.88 	0.0056508 	22971 
217.38 	0.0056508 	23304 
217.88 	0.0056508 	23137 
218.38 	0.0056508 	22971 
218.88 	0.0056508 	23137 
219.38 	0.0056508 	23137 
219.88 	0.0056508 	23304 
220.38 	0.0056508 	23304 
220.88 	0.0056508 	23137 
221.38 	0.0056508 	22971 
221.88 	0.0056508 	22971 
222.38 	0.0056508 	23304 
222.88 	0.0056508 	23137 
223.38 	0.0056508 	23137 
223.88 	0.0055441 	23137 
224.38 	0.0056508 	23304 
224.88 	0.0056508 	23137 
225.38 	0.0056508 	23137 
225.88 	0.0056508 	23137 
226.38 	0.0056508 	23304 
226.88 	0.0056508 	23137 
227.38 	0.0056508 	22971 
227.88 	0.0055441 	23137 
228.38 	0.0056508 	23137 
228.88 	0.0056508 	23137 
229.38 	0.0055441 	23137 
229.88 	0.0055441 	23137 
230.38 	0.0055441 	23137 
230.88 	0.0055441 	23137 
231.38 	0.0055441 	23304 
231.88 	0.0055441 	23137 
232.38 	0.0055441 	23137 
232.88 	0.0055441 	23137 
233.38 	0.0054375 	22971 
233.88 	0.0054375 	23304 
234.38 	0.0055441 	23304 
234.88 	0.0055441 	23137 
235.38 	0.0055441 	22971 
235.88 	0.0055441 	23137 
236.38 	0.0054375 	23137 
236.88 	0.0055441 	23137 
237.38 	0.0054375 	23137 
237.88 	0.0054375 	23137 
238.38 	0.0054375 	23137 
238.88 	0.0054375 	23137 
239.38 	0.0054375 	23137 
239.88 	0.0054375 	23137 
240.38 	0.0054375 	23137 
240.88 	0.0054375 	23137 
241.38 	0.0054375 	23137 
241.88 	0.0054375 	23304 
242.38 	0.0054375 	23137 
242.88 	0.0053309 	23137 
243.38 	0.0053309 	23137 
243.88 	0.0052243 	23137 
244.38 	0.0052243 	23137 
244.88 	0.0052243 	23137 
245.38 	0.0052243 	23137 
245.88 	0.0052243 	23137 
246.38 	0.0052243 	23137 
246.62 	0.0052243 	22472 
247.12 	0.0051177 	22139 
247.62 	0.0050111 	21639 
248.12 	0.0050111 	21306 
248.62 	0.0050111 	20807 
249.12 	0.0049044 	20474 
249.58 	0.0047978 	19808 
250.08 	0.0045846 	19309 
250.58 	0.0044780 	18810 
251.08 	0.0043713 	18310 
251.55 	0.0042647 	17644 
252.05 	0.0041581 	17145 
252.55 	0.0040515 	16646 
253.05 	0.0038383 	16146 
253.55 	0.0037316 	15647 
254.05 	0.0036250 	15148 
254.55 	0.0035184 	14815 
255.05 	0.0034118 	14315 
255.55 	0.0034118 	14315 
255.92 	0.0033052 	13649 
256.35 	0.0029853 	12984 
256.83 	0.0028787 	12318 
257.33 	0.0026655 	11818 
257.80 	0.0025588 	11153 
258.30 	0.0023456 	10653 
258.80 	0.0022390 	10320 
259.23 	0.0022390 	9654.5 
259.73 	0.0020257 	9155.1 
260.23 	0.0019191 	8655.8 
260.73 	0.0018125 	8156.4 
261.23 	0.0015993 	7657.0 
261.73 	0.0013860 	7157.6 
262.23 	0.0012794 	6824.7 
262.62 	0.0011728 	6158.9 
263.12 	0.0010662 	5826.0 
263.62 	0.00095956 	5493.1 
263.95 	0.00085294 	4827.2 
264.45 	0.00074633 	4660.8 
264.88 	0.00063971 	3995.0 
265.38 	0.00042647 	3662.0 
265.88 	0.00031985 	2996.2 
266.38 	0.00021324 	2663.3 
266.87 	0.00000 	1997.5 
267.37 	0.00000 	1831.0 
267.87 	-0.0001068 	1664.6 
268.37 	-0.0001068 	1664.6 
268.87 	-0.0002136 	1498.1 
269.37 	-0.0002136 	1498.1 
269.87 	-0.0002136 	1331.7 
270.37 	-0.0003204 	1165.2 
270.87 	-0.0002136 	1331.7 
271.37 	-0.0003204 	1165.2 
271.87 	-0.0003204 	1331.7 
272.37 	-0.0004273 	1165.2 
272.87 	-0.0004273 	1165.2 
273.37 	-0.0003204 	1331.7 
273.87 	-0.0004273 	1331.7 
274.37 	-0.0003204 	1165.2 
274.87 	-0.0004273 	1165.2 
275.37 	-0.0004273 	1331.7 
275.87 	-0.0004273 	1165.2 
276.37 	-0.0004273 	1165.2 
276.87 	-0.0004273 	998.74 
277.37 	-0.0004273 	1165.2 
277.87 	-0.0005341 	1331.7 
278.37 	-0.0004273 	1165.2 
278.87 	-0.0005341 	1165.2 
279.37 	-0.0004273 	1165.2 
279.87 	-0.0005341 	1331.7 
280.37 	-0.0005341 	1331.7 
280.87 	-0.0004273 	1165.2 
281.37 	-0.0005341 	1165.2 
281.87 	-0.0005341 	1165.2 
282.37 	-0.0005341 	1331.7 
282.87 	-0.0005341 	1165.2 
283.37 	-0.0006409 	1165.2 
283.87 	-0.0006409 	998.74 
284.37 	-0.0005341 	998.74 
284.87 	-0.0006409 	1165.2 
285.37 	-0.0006409 	1331.7 
285.87 	-0.0006409 	1165.2 
286.37 	-0.0005341 	1165.2 
286.87 	-0.0005341 	1165.2 
287.37 	-0.0006409 	1165.2 
287.87 	-0.0006409 	1165.2 
288.37 	-0.0006409 	1165.2 
288.87 	-0.0005341 	1165.2 
289.37 	-0.0006409 	998.74 
289.87 	-0.0005341 	1331.7 
290.37 	-0.0006409 	1165.2 
290.87 	-0.0006409 	1165.2 
291.37 	-0.0006409 	1165.2 
291.87 	-0.0006409 	998.74 
292.37 	-0.0006409 	1165.2 
292.87 	-0.0007478 	1331.7 
293.37 	-0.0006409 	1165.2 
293.87 	-0.0006409 	1331.7 
294.37 	-0.0006409 	998.74 
294.87 	-0.0006409 	1165.2 
295.37 	-0.0006409 	1165.2 
295.87 	-0.0006409 	1331.7 
296.37 	-0.0006409 	1165.2 
296.87 	-0.0006409 	1165.2 
297.37 	-0.0006409 	998.74 
297.87 	-0.0006409 	1165.2 
298.37 	-0.0006409 	1165.2 
298.87 	-0.0006409 	1331.7 
299.37 	-0.0007478 	1165.2 
299.87 	-0.0007478 	1165.2 
300.37 	-0.0007478 	1165.2 
300.87 	-0.0006409 	1165.2 
301.37 	-0.0006409 	1165.2 
301.87 	-0.0006409 	1165.2 
302.37 	-0.0006409 	1165.2 
302.87 	-0.0006409 	1165.2 
303.37 	-0.0007478 	998.74 
303.87 	-0.0006409 	1165.2 
304.37 	-0.0006409 	1165.2 
304.87 	-0.0006409 	1165.2 
305.37 	-0.0006409 	1331.7 
305.87 	-0.0006409 	1165.2 
306.37 	-0.0006409 	1165.2 
306.87 	-0.0006409 	1165.2 
307.37 	-0.0006409 	1165.2 
307.87 	-0.0006409 	1165.2 
308.37 	-0.0006409 	1165.2 
308.87 	-0.0006409 	1165.2 
309.37 	-0.0007478 	998.74 
309.87 	-0.0007478 	1165.2 
310.37 	-0.0007478 	1331.7 
310.87 	-0.0007478 	1331.7 
311.37 	-0.0007478 	1165.2 
311.87 	-0.0006409 	1165.2 
312.37 	-0.0006409 	1165.2 
312.87 	-0.0007478 	1331.7 
313.37 	-0.0007478 	1165.2 
313.87 	-0.0007478 	1165.2 
314.37 	-0.0007478 	1165.2 
314.87 	-0.0007478 	1331.7 
315.37 	-0.0007478 	1331.7 
315.87 	-0.0007478 	1165.2 
316.37 	-0.0007478 	998.74 
316.87 	-0.0007478 	998.74 
317.37 	-0.0007478 	1165.2 
317.87 	-0.0007478 	1331.7 
318.37 	-0.0007478 	1331.7 
318.87 	-0.0007478 	1165.2 
319.37 	-0.0007478 	998.74 
319.87 	-0.0007478 	1165.2 
320.37 	-0.0007478 	1165.2 
320.87 	-0.0007478 	1331.7 
321.37 	-0.0007478 	1331.7 
321.87 	-0.0007478 	1165.2 
322.37 	-0.0007478 	1165.2 
322.87 	-0.0007478 	1165.2 
323.37 	-0.0007478 	1331.7 
323.87 	-0.0007478 	1165.2 
324.37 	-0.0007478 	1165.2 
324.87 	-0.0007478 	1165.2 
325.37 	-0.0007478 	1165.2 
325.87 	-0.0007478 	1165.2 
326.37 	-0.0007478 	1331.7 
326.87 	-0.0007478 	1165.2 
327.37 	-0.0007478 	1165.2 
327.87 	-0.0007478 	1165.2 
328.37 	-0.0007478 	1165.2 
328.87 	-0.0007478 	1165.2 
329.37 	-0.0007478 	1331.7 
329.87 	-0.0007478 	1331.7 
330.37 	-0.0006409 	1664.6 
330.87 	-0.0005341 	1997.5 
331.37 	-0.0005341 	2496.9 
331.78 	-0.0004273 	3162.7 
332.28 	-0.0003204 	3662.0 
332.78 	-0.0001068 	3995.0 
333.15 	-0.0001068 	4660.8 
333.65 	0.00000 	4993.7 
334.02 	0.00010662 	5659.5 
334.52 	0.00021324 	6158.9 
335.02 	0.00031985 	6491.8 
335.42 	0.00042647 	7157.6 
335.92 	0.00053309 	7490.6 
336.32 	0.00074633 	8156.4 
336.82 	0.00074633 	8489.3 
337.32 	0.00085294 	8988.7 
337.70 	0.00095956 	9654.5 
338.20 	0.0011728 	9987.4 
338.70 	0.0012794 	10653 
339.20 	0.0013860 	10986 
339.63 	0.0014927 	11652 
340.13 	0.0015993 	11818 
340.63 	0.0017059 	12318 
341.13 	0.0017059 	12484 
341.63 	0.0018125 	12984 
341.88 	0.0019191 	13649 
342.33 	0.0021324 	14315 
342.82 	0.0023456 	14981 
343.32 	0.0024522 	15480 
343.75 	0.0025588 	16146 
344.25 	0.0026655 	16646 
344.75 	0.0027721 	16979 
345.20 	0.0028787 	17644 
345.70 	0.0029853 	17977 
346.20 	0.0030919 	18310 
346.70 	0.0031985 	18810 
347.08 	0.0033052 	19475 
347.58 	0.0035184 	19975 
348.05 	0.0036250 	20641 
348.55 	0.0037316 	21140 
349.05 	0.0038383 	21639 
349.55 	0.0040515 	22139 
350.05 	0.0041581 	22638 
350.55 	0.0041581 	22971 
351.05 	0.0042647 	22971 
351.55 	0.0042647 	23137 
352.05 	0.0042647 	23137 
352.55 	0.0042647 	23137 
353.05 	0.0042647 	23137 
353.55 	0.0042647 	23137 
354.05 	0.0042647 	22971 
354.55 	0.0043713 	23137 
355.05 	0.0043713 	23137 
355.55 	0.0043713 	22971 
356.05 	0.0043713 	23304 
356.55 	0.0043713 	23137 
357.05 	0.0043713 	23137 
357.55 	0.0043713 	23137 
358.05 	0.0043713 	23137 
358.55 	0.0043713 	23137 
359.05 	0.0042647 	23137 
359.55 	0.0043713 	23137 
360.05 	0.0043713 	22971 
360.55 	0.0043713 	23137 
361.05 	0.0043713 	23137 
361.55 	0.0043713 	23304 
362.05 	0.0043713 	23137 
362.55 	0.0043713 	23137 
363.05 	0.0044780 	23137 
363.55 	0.0044780 	23304 
364.05 	0.0044780 	23137 
364.55 	0.0044780 	23137 
365.05 	0.0044780 	22971 
365.55 	0.0043713 	23137 
366.05 	0.0043713 	23137 
366.55 	0.0043713 	23137 
367.05 	0.0043713 	23137 
367.55 	0.0043713 	23137 
368.05 	0.0043713 	23137 
368.55 	0.0043713 	23137 
369.05 	0.0043713 	23137 
369.55 	0.0043713 	23304 
370.05 	0.0043713 	23137 
370.55 	0.0043713 	23137 
371.05 	0.0043713 	23137 
371.55 	0.0043713 	23137 
372.05 	0.0043713 	23137 
372.55 	0.0043713 	23137 
373.05 	0.0043713 	23137 
373.55 	0.0043713 	23137 
374.05 	0.0043713 	23137 
374.55 	0.0043713 	23137 
375.05 	0.0043713 	22971 
375.55 	0.0043713 	22971 
376.05 	0.0043713 	23304 
376.55 	0.0043713 	23137 
377.05 	0.0043713 	23137 
377.55 	0.0043713 	22971 
378.05 	0.0043713 	23137 
378.55 	0.0043713 	23137 
379.05 	0.0043713 	22971 
379.55 	0.0043713 	23137 
380.05 	0.0043713 	23304 
380.55 	0.0043713 	23304 
381.05 	0.0043713 	23304 
381.55 	0.0042647 	22971 
382.05 	0.0043713 	23137 
382.55 	0.0043713 	23137 
383.05 	0.0043713 	23137 
383.55 	0.0043713 	23137 
384.05 	0.0042647 	23137 
384.55 	0.0042647 	23137 
385.05 	0.0042647 	23137 
385.55 	0.0043713 	23137 
386.05 	0.0043713 	23137 
386.55 	0.0043713 	22971 
387.05 	0.0042647 	23137 
387.55 	0.0042647 	23137 
388.05 	0.0043713 	23137 
388.55 	0.0042647 	22971 
389.05 	0.0042647 	23137 
389.55 	0.0042647 	23137 
390.05 	0.0042647 	23137 
390.55 	0.0042647 	23137 
391.05 	0.0042647 	22971 
391.55 	0.0043713 	22971 
392.05 	0.0042647 	23137 
392.55 	0.0043713 	23137 
393.05 	0.0043713 	23137 
393.55 	0.0042647 	23137 
394.05 	0.0042647 	23137 
394.55 	0.0043713 	23137 
395.05 	0.0042647 	23137 
395.55 	0.0043713 	23137 
396.05 	0.0042647 	23137 
396.55 	0.0042647 	23137 
397.05 	0.0042647 	23137 
397.55 	0.0042647 	23137 
398.05 	0.0043713 	23137 
398.55 	0.0042647 	23137 
399.05 	0.0042647 	23304 
399.55 	0.0042647 	23137 
400.05 	0.0042647 	23137 
400.55 	0.0042647 	23137 
401.05 	0.0042647 	23137 
401.55 	0.0042647 	23137 
402.05 	0.0042647 	23137 
402.55 	0.0042647 	23137 
403.05 	0.0042647 	23137 
403.55 	0.0042647 	22971 
404.05 	0.0042647 	23137 
404.55 	0.0042647 	23304 
405.05 	0.0042647 	23137 
405.55 	0.0042647 	23137 
406.05 	0.0042647 	23137 
406.55 	0.0042647 	23137 
407.05 	0.0042647 	23137 
407.55 	0.0043713 	23137 
408.05 	0.0043713 	23137 
408.55 	0.0043713 	23137 
409.05 	0.0043713 	23137 
409.55 	0.0043713 	23137 
410.05 	0.0042647 	23137 
410.55 	0.0042647 	22805 
411.05 	0.0042647 	22472 
411.55 	0.0042647 	21972 
412.05 	0.0041581 	21473 
412.55 	0.0041581 	21140 
413.05 	0.0041581 	20807 
413.55 	0.0040515 	20308 
414.05 	0.0039449 	19808 
414.48 	0.0037316 	19143 
414.98 	0.0036250 	18643 
415.48 	0.0035184 	17977 
415.98 	0.0033052 	17644 
416.48 	0.0031985 	17145 
416.98 	0.0030919 	16646 
417.48 	0.0029853 	15980 
417.98 	0.0028787 	15647 
418.48 	0.0027721 	15148 
418.98 	0.0026655 	14648 
419.48 	0.0025588 	14315 
419.98 	0.0024522 	14149 
420.40 	0.0023456 	13483 
420.80 	0.0022390 	12817 
421.30 	0.0019191 	12151 
421.80 	0.0019191 	11652 
422.28 	0.0017059 	10986 
422.78 	0.0015993 	10487 
423.28 	0.0013860 	9987.4 
423.78 	0.0012794 	9488.0 
424.28 	0.0011728 	8988.7 
424.78 	0.00095956 	8489.3 
425.28 	0.00085294 	7989.9 
425.78 	0.00074633 	7490.6 
426.22 	0.00063971 	6824.7 
426.72 	0.00053309 	6658.3 
427.08 	0.00042647 	5992.4 
427.58 	0.00031985 	5826.0 
427.92 	0.00021324 	5160.2 
428.42 	0.00010662 	4827.2 
428.92 	0.00000 	4327.9 
429.42 	-0.0001068 	3828.5 
429.92 	-0.0003204 	3495.6 
430.27 	-0.0004273 	2829.8 
430.77 	-0.0005341 	2663.3 
431.13 	-0.0006409 	1997.5 
431.63 	-0.0006409 	1831.0 
432.13 	-0.0007478 	1664.6 
432.63 	-0.0008546 	1498.1 
433.13 	-0.0008546 	1498.1 
433.63 	-0.0008546 	1498.1 
434.13 	-0.0008546 	1498.1 
434.63 	-0.0008546 	1165.2 
435.13 	-0.0009614 	1331.7 
435.63 	-0.0009614 	1331.7 
436.13 	-0.0009614 	1165.2 
436.63 	-0.0009614 	1165.2 
437.13 	-0.0008546 	1165.2 
437.63 	-0.0009614 	1331.7 
438.13 	-0.0009614 	1331.7 
438.63 	-0.0009614 	1165.2 
439.13 	-0.0009614 	998.74 
439.63 	-0.0009614 	1165.2 
440.13 	-0.0009614 	1331.7 
440.63 	-0.0009614 	1165.2 
441.13 	-0.0009614 	998.74 
441.63 	-0.0009614 	1165.2 
442.13 	-0.0009614 	1165.2 
442.63 	-0.0010683 	1331.7 
443.13 	-0.0009614 	1165.2 
443.63 	-0.0010683 	998.74 
444.13 	-0.0010683 	1165.2 
444.63 	-0.0010683 	1165.2 
445.13 	-0.0010683 	1165.2 
445.63 	-0.0010683 	1165.2 
446.13 	-0.0010683 	1165.2 
446.63 	-0.0010683 	998.74 
447.13 	-0.0010683 	1165.2 
447.63 	-0.0011751 	1165.2 
448.13 	-0.0013888 	1165.2 
448.63 	-0.0013888 	1331.7 
449.13 	-0.0014956 	1165.2 
449.63 	-0.0014956 	1165.2 
450.13 	-0.0014956 	1165.2 
450.63 	-0.0014956 	1165.2 
451.13 	-0.0016025 	1165.2 
451.63 	-0.0016025 	1331.7 
452.13 	-0.0014956 	998.74 
452.63 	-0.0016025 	998.74 
453.13 	-0.0014956 	1165.2 
453.63 	-0.0014956 	1165.2 
454.13 	-0.0014956 	1165.2 
454.63 	-0.0014956 	1165.2 
455.13 	-0.0014956 	998.74 
455.63 	-0.0014956 	1165.2 
456.13 	-0.0014956 	1331.7 
456.63 	-0.0014956 	1165.2 
457.13 	-0.0014956 	1165.2 
457.63 	-0.0014956 	1165.2 
458.13 	-0.0014956 	1165.2 
458.63 	-0.0016025 	1165.2 
459.13 	-0.0016025 	1165.2 
459.63 	-0.0016025 	1331.7 
460.13 	-0.0014956 	1165.2 
460.63 	-0.0014956 	1165.2 
461.13 	-0.0014956 	1165.2 
461.63 	-0.0014956 	1331.7 
462.13 	-0.0014956 	1165.2 
462.63 	-0.0014956 	1165.2 
463.13 	-0.0014956 	1165.2 
463.63 	-0.0014956 	1165.2 
464.13 	-0.0016025 	998.74 
464.63 	-0.0014956 	1165.2 
465.13 	-0.0014956 	1165.2 
465.63 	-0.0014956 	1331.7 
466.13 	-0.0014956 	1165.2 
466.63 	-0.0014956 	998.74 
467.13 	-0.0014956 	998.74 
467.63 	-0.0014956 	1165.2 
468.13 	-0.0014956 	1165.2 
468.63 	-0.0014956 	1331.7 
469.13 	-0.0014956 	1165.2 
469.63 	-0.0014956 	998.74 
470.13 	-0.0014956 	1165.2 
470.63 	-0.0014956 	1165.2 
471.13 	-0.0014956 	1331.7 
471.63 	-0.0014956 	1165.2 
472.13 	-0.0014956 	998.74 
472.63 	-0.0014956 	1165.2 
473.13 	-0.0014956 	1165.2 
473.63 	-0.0014956 	1331.7 
474.13 	-0.0014956 	1165.2 
474.63 	-0.0014956 	1165.2 
475.13 	-0.0013888 	1165.2 
475.63 	-0.0014956 	1165.2 
476.13 	-0.0014956 	998.74 
476.63 	-0.0013888 	1331.7 
477.13 	-0.0014956 	1165.2 
477.63 	-0.0014956 	1331.7 
478.13 	-0.0014956 	1165.2 
478.63 	-0.0013888 	1165.2 
479.13 	-0.0014956 	998.74 
479.63 	-0.0014956 	1331.7 
480.13 	-0.0014956 	1165.2 
480.63 	-0.0014956 	1165.2 
481.13 	-0.0014956 	1165.2 
481.63 	-0.0014956 	1165.2 
482.13 	-0.0014956 	1165.2 
482.63 	-0.0014956 	1331.7 
483.13 	-0.0014956 	1331.7 
483.63 	-0.0014956 	1165.2 
484.13 	-0.0014956 	1331.7 
484.63 	-0.0014956 	1165.2 
485.13 	-0.0014956 	1331.7 
485.63 	-0.0014956 	1165.2 
486.13 	-0.0016025 	1165.2 
486.63 	-0.0014956 	998.74 
487.13 	-0.0016025 	1165.2 
487.63 	-0.0016025 	998.74 
488.13 	-0.0014956 	998.74 
488.63 	-0.0014956 	1331.7 
489.13 	-0.0014956 	1331.7 
489.63 	-0.0014956 	1165.2 
490.13 	-0.0014956 	1165.2 
490.63 	-0.0016025 	1331.7 
491.13 	-0.0014956 	1331.7 
491.63 	-0.0014956 	1331.7 
492.13 	-0.0014956 	1165.2 
492.63 	-0.0014956 	1165.2 
492.97 	-0.0014956 	1165.2 
493.47 	-0.0014956 	1165.2 
493.97 	-0.0014956 	1165.2 
494.47 	-0.0014956 	1165.2 
494.97 	-0.0014956 	1331.7 
495.47 	-0.0016025 	1165.2 
495.97 	-0.0016025 	998.74 
496.47 	-0.0016025 	1165.2 
496.97 	-0.0014956 	1165.2 
497.47 	-0.0014956 	1165.2 
497.97 	-0.0014956 	1165.2 
498.47 	-0.0014956 	1331.7 
498.97 	-0.0016025 	1331.7 
499.47 	-0.0016025 	1165.2 
499.97 	-0.0014956 	998.74 
500.47 	-0.0016025 	1165.2 
500.97 	-0.0016025 	1165.2 
501.47 	-0.0016025 	1165.2 
501.97 	-0.0014956 	998.74 
502.47 	-0.0014956 	1165.2 
502.97 	-0.0014956 	1165.2 
503.47 	-0.0014956 	1165.2 
503.97 	-0.0014956 	1165.2 
504.47 	-0.0014956 	1331.7 
504.97 	-0.0014956 	1165.2 
505.47 	-0.0014956 	998.74 
505.97 	-0.0014956 	998.74 
506.47 	-0.0014956 	1165.2 
506.97 	-0.0014956 	1165.2 
507.47 	-0.0014956 	1331.7 
507.97 	-0.0014956 	1165.2 
508.47 	-0.0014956 	998.74 
508.97 	-0.0016025 	998.74 
509.47 	-0.0014956 	998.74 
509.97 	-0.0014956 	1165.2 
510.47 	-0.0014956 	1165.2 
510.97 	-0.0016025 	1165.2 
511.47 	-0.0016025 	1165.2 
511.97 	-0.0016025 	1331.7 
512.47 	-0.0016025 	1165.2 
512.97 	-0.0016025 	1165.2 
513.47 	-0.0016025 	1331.7 
513.97 	-0.0014956 	1165.2 
514.47 	-0.0016025 	998.74 
514.97 	-0.0016025 	1165.2 
515.47 	-0.0014956 	1331.7 
515.97 	-0.0016025 	1165.2 
516.47 	-0.0016025 	1165.2 
516.97 	-0.0016025 	1165.2 
517.47 	-0.0016025 	1165.2 
517.97 	-0.0014956 	1331.7 
518.47 	-0.0014956 	1165.2 
518.97 	-0.0016025 	1165.2 
519.47 	-0.0014956 	1165.2 
519.97 	-0.0016025 	1165.2 
520.47 	-0.0016025 	1331.7 
520.97 	-0.0016025 	1165.2 
521.47 	-0.0016025 	1165.2 
521.97 	-0.0016025 	1331.7 
522.47 	-0.0016025 	998.74 
522.95 	-0.0014956 	1331.7 
523.45 	-0.0016025 	1165.2 
523.95 	-0.0016025 	1165.2 
524.45 	-0.0016025 	1165.2 
524.95 	-0.0016025 	1331.7 
525.45 	-0.0014956 	1664.6 
525.93 	-0.0013888 	2330.4 
526.43 	-0.0012820 	2496.9 
526.78 	-0.0011751 	3162.7 
527.28 	-0.0011751 	3662.0 
527.78 	-0.0009614 	4327.9 
528.28 	-0.0008546 	4660.8 
528.78 	-0.0006409 	5160.2 
529.13 	-0.0006409 	5826.0 
529.63 	-0.0004273 	5992.4 
529.95 	-0.0004273 	6658.3 
530.45 	-0.0003204 	6991.2 
530.90 	-0.0002136 	7657.0 
531.40 	0.00000 	8156.4 
531.90 	0.00010662 	8655.8 
532.40 	0.00021324 	9155.1 
532.90 	0.00031985 	9654.5 
533.37 	0.00042647 	10320 
533.87 	0.00053309 	10820 
534.37 	0.00074633 	11319 
534.87 	0.00074633 	11652 
535.37 	0.00095956 	12151 
535.87 	0.00095956 	12484 
536.37 	0.0010662 	12651 
536.73 	0.0011728 	13317 
537.12 	0.0013860 	13982 
537.55 	0.0014927 	14648 
538.05 	0.0015993 	15148 
538.52 	0.0018125 	15813 
539.02 	0.0019191 	16313 
539.52 	0.0020257 	16812 
540.02 	0.0021324 	17478 
540.52 	0.0022390 	17811 
541.02 	0.0023456 	18144 
541.52 	0.0024522 	18643 
541.95 	0.0025588 	19309 
542.45 	0.0026655 	19808 
542.90 	0.0028787 	20474 
543.40 	0.0029853 	20974 
543.90 	0.0031985 	21473 
544.40 	0.0033052 	21972 
544.90 	0.0034118 	22472 
545.40 	0.0035184 	22805 
545.90 	0.0036250 	23137 
546.40 	0.0036250 	22971 
546.90 	0.0036250 	23137 
547.40 	0.0036250 	22971 
547.90 	0.0037316 	22971 
548.40 	0.0037316 	23137 
548.90 	0.0037316 	23137 
549.40 	0.0037316 	23137 
549.90 	0.0037316 	22971 
550.40 	0.0036250 	23137 
550.90 	0.0037316 	23137 
551.40 	0.0037316 	23137 
551.90 	0.0036250 	22971 
552.40 	0.0037316 	23304 
552.90 	0.0037316 	23137 
553.40 	0.0037316 	22971 
553.90 	0.0037316 	22971 
554.40 	0.0037316 	22971 
554.90 	0.0037316 	23137 
555.40 	0.0037316 	23137 
555.90 	0.0037316 	23137 
556.40 	0.0036250 	23137 
556.90 	0.0037316 	23137 
557.40 	0.0037316 	23137 
557.90 	0.0036250 	23137 
558.40 	0.0037316 	23137 
558.90 	0.0037316 	23304 
559.40 	0.0037316 	23137 
559.90 	0.0037316 	23137 
560.40 	0.0036250 	23137 
560.90 	0.0037316 	23304 
561.40 	0.0037316 	23137 
561.90 	0.0037316 	22971 
562.40 	0.0037316 	23137 
562.90 	0.0037316 	23137 
563.40 	0.0037316 	23137 
563.90 	0.0037316 	23137 
564.40 	0.0037316 	23137 
564.90 	0.0037316 	22971 
565.40 	0.0037316 	23137 
565.90 	0.0037316 	23137 
566.40 	0.0037316 	23137 
566.90 	0.0037316 	22971 
567.40 	0.0037316 	23137 
567.90 	0.0037316 	23304 
568.40 	0.0037316 	23304 
568.90 	0.0037316 	23137 
569.40 	0.0037316 	23137 
569.90 	0.0037316 	23137 
570.40 	0.0037316 	23304 
570.90 	0.0037316 	23137 
571.40 	0.0037316 	23137 
571.90 	0.0037316 	22971 
572.40 	0.0037316 	23137 
572.90 	0.0037316 	23137 
573.40 	0.0037316 	23137 
573.90 	0.0037316 	23137 
574.40 	0.0037316 	23137 
574.90 	0.0037316 	23304 
575.40 	0.0037316 	23137 
575.90 	0.0036250 	23137 
576.40 	0.0036250 	22971 
576.90 	0.0037316 	22971 
577.40 	0.0037316 	23304 
577.90 	0.0037316 	23137 
578.40 	0.0036250 	23137 
578.90 	0.0036250 	22971 
579.40 	0.0037316 	23137 
579.90 	0.0037316 	23137 
580.40 	0.0037316 	23137 
580.90 	0.0036250 	23137 
581.40 	0.0036250 	22971 
581.90 	0.0036250 	22971 
582.40 	0.0036250 	23137 
582.90 	0.0036250 	23304 
583.40 	0.0036250 	23137 
583.90 	0.0036250 	23137 
584.40 	0.0036250 	23304 
584.90 	0.0037316 	23304 
585.40 	0.0037316 	23137 
585.90 	0.0037316 	22971 
586.40 	0.0036250 	23304 
586.90 	0.0036250 	23137 
587.40 	0.0037316 	22971 
587.90 	0.0036250 	22971 
588.40 	0.0036250 	22971 
588.90 	0.0037316 	23137 
589.40 	0.0037316 	23137 
589.90 	0.0037316 	22971 
590.40 	0.0037316 	22971 
590.90 	0.0037316 	22971 
591.40 	0.0037316 	23304 
591.90 	0.0037316 	23137 
592.40 	0.0037316 	23137 
592.90 	0.0037316 	22971 
593.40 	0.0037316 	22971 
593.90 	0.0037316 	23304 
594.40 	0.0037316 	23137 
594.90 	0.0036250 	23137 
595.40 	0.0037316 	22971 
595.90 	0.0037316 	23137 
596.40 	0.0037316 	23304 
596.90 	0.0037316 	23304 
597.40 	0.0036250 	23137 
597.90 	0.0037316 	22971 
598.40 	0.0036250 	23137 
598.90 	0.0036250 	23304 
599.40 	0.0037316 	23137 
599.90 	0.0036250 	23137 
600.40 	0.0036250 	23137 
600.90 	0.0036250 	23137 
601.40 	0.0036250 	23137 
601.90 	0.0036250 	23137 
602.40 	0.0036250 	22971 
602.90 	0.0036250 	23137 
603.40 	0.0037316 	23137 
603.90 	0.0037316 	23137 
604.40 	0.0037316 	23137 
604.90 	0.0036250 	23137 
605.18 	0.0036250 	23137 
605.68 	0.0037316 	23137 
606.18 	0.0036250 	23137 
606.68 	0.0037316 	23137 
607.18 	0.0036250 	23137 
607.68 	0.0036250 	23304 
608.18 	0.0037316 	23304 
608.68 	0.0036250 	23137 
609.18 	0.0037316 	23137 
609.68 	0.0036250 	23137 
610.18 	0.0037316 	23304 
610.68 	0.0037316 	23137 
611.18 	0.0036250 	22971 
611.68 	0.0037316 	23137 
612.18 	0.0037316 	23137 
612.68 	0.0036250 	23137 
613.18 	0.0036250 	23137 
613.68 	0.0036250 	22971 
614.18 	0.0037316 	23137 
614.68 	0.0036250 	23137 
615.18 	0.0036250 	23137 
615.68 	0.0036250 	23137 
616.18 	0.0036250 	23137 
616.68 	0.0036250 	23304 
617.18 	0.0036250 	23137 
617.68 	0.0036250 	23137 
618.18 	0.0036250 	22971 
618.68 	0.0037316 	23137 
619.18 	0.0036250 	23304 
619.68 	0.0036250 	23137 
620.18 	0.0037316 	23137 
620.68 	0.0036250 	23137 
621.18 	0.0036250 	23137 
621.68 	0.0036250 	23304 
622.18 	0.0036250 	23137 
622.68 	0.0036250 	23137 
623.18 	0.0036250 	22971 
623.68 	0.0036250 	22971 
624.18 	0.0036250 	23137 
624.68 	0.0036250 	23304 
625.18 	0.0036250 	23137 
625.68 	0.0036250 	23137 
626.18 	0.0036250 	23137 
626.68 	0.0036250 	23304 
627.18 	0.0036250 	23137 
627.68 	0.0036250 	23137 
628.18 	0.0036250 	23137 
628.68 	0.0036250 	23137 
629.18 	0.0036250 	23137 
629.68 	0.0036250 	23137 
630.18 	0.0036250 	22971 
630.68 	0.0036250 	23137 
631.18 	0.0036250 	23137 
631.68 	0.0036250 	23304 
632.18 	0.0036250 	23137 
632.68 	0.0036250 	22971 
633.18 	0.0036250 	22971 
633.68 	0.0036250 	23137 
634.18 	0.0037316 	23137 
634.68 	0.0036250 	23137 
635.18 	0.0037316 	23137 
635.68 	0.0036250 	23137 
636.18 	0.0036250 	23137 
636.68 	0.0036250 	23137 
637.18 	0.0036250 	23137 
637.68 	0.0036250 	23137 
638.18 	0.0036250 	23137 
638.68 	0.0036250 	23137 
639.18 	0.0036250 	23137 
639.68 	0.0036250 	22971 
640.18 	0.0036250 	23137 
640.68 	0.0036250 	23137 
641.18 	0.0036250 	23137 
641.68 	0.0036250 	23137 
642.18 	0.0036250 	23137 
642.68 	0.0036250 	23137 
643.18 	0.0036250 	23137 
643.68 	0.0036250 	23137 
644.18 	0.0036250 	22971 
644.68 	0.0036250 	22971 
645.18 	0.0036250 	23137 
645.68 	0.0036250 	23137 
646.18 	0.0036250 	23137 
646.68 	0.0036250 	23137 
647.18 	0.0036250 	23137 
647.68 	0.0036250 	23304 
648.18 	0.0036250 	23137 
648.68 	0.0036250 	23137 
649.18 	0.0036250 	23137 
649.68 	0.0036250 	23137 
650.18 	0.0036250 	23137 
650.68 	0.0036250 	23137 
651.18 	0.0036250 	23137 
651.68 	0.0036250 	23137 
652.18 	0.0036250 	23304 
652.68 	0.0036250 	23137 
653.18 	0.0036250 	23137 
653.68 	0.0036250 	23137 
654.18 	0.0036250 	23137 
654.68 	0.0036250 	23137 
655.18 	0.0036250 	23137 
655.68 	0.0036250 	22971 
656.18 	0.0036250 	23137 
656.68 	0.0036250 	23137 
657.18 	0.0036250 	23137 
657.68 	0.0036250 	23137 
658.18 	0.0036250 	23137 
658.68 	0.0036250 	23137 
659.18 	0.0036250 	23304 
659.68 	0.0036250 	23137 
660.18 	0.0036250 	23137 
660.68 	0.0036250 	23137 
661.18 	0.0036250 	23137 
661.68 	0.0036250 	23137 
662.18 	0.0036250 	23137 
662.68 	0.0036250 	23304 
663.18 	0.0036250 	23137 
663.68 	0.0036250 	23137 
664.18 	0.0036250 	23137 
664.68 	0.0036250 	23137 
665.18 	0.0036250 	23304 
665.68 	0.0036250 	23137 
666.18 	0.0036250 	22971 
666.68 	0.0036250 	23137 
667.18 	0.0036250 	23304 
667.68 	0.0036250 	23137 
668.18 	0.0036250 	23137 
668.68 	0.0036250 	22971 
669.18 	0.0036250 	23137 
669.68 	0.0036250 	23137 
670.18 	0.0036250 	23304 
670.68 	0.0036250 	23137 
671.18 	0.0036250 	22971 
671.68 	0.0036250 	23137 
672.18 	0.0036250 	23304 
672.68 	0.0036250 	23137 
673.18 	0.0036250 	23304 
673.68 	0.0036250 	23137 
674.18 	0.0036250 	22971 
674.68 	0.0036250 	23137 
675.18 	0.0036250 	23137 
675.68 	0.0036250 	23304 
676.18 	0.0036250 	23137 
676.68 	0.0036250 	22971 
677.18 	0.0036250 	23137 
677.68 	0.0036250 	23137 
678.18 	0.0036250 	23137 
678.68 	0.0036250 	22971 
679.18 	0.0036250 	23137 
679.68 	0.0036250 	23137 
680.18 	0.0036250 	23137 
680.68 	0.0036250 	23137 
681.18 	0.0036250 	23137 
681.68 	0.0036250 	23304 
682.18 	0.0036250 	23304 
682.68 	0.0036250 	23137 
683.18 	0.0036250 	22971 
683.68 	0.0036250 	23304 
684.18 	0.0036250 	23137 
684.68 	0.0036250 	22971 
685.18 	0.0036250 	23137 
685.68 	0.0036250 	23137 
686.18 	0.0036250 	23137 
686.68 	0.0036250 	23137 
687.18 	0.0036250 	22971 
687.68 	0.0036250 	22971 
688.18 	0.0036250 	23137 
688.68 	0.0036250 	23137 
689.18 	0.0036250 	23137 
689.68 	0.0036250 	23137 
690.18 	0.0036250 	23137 
690.68 	0.0036250 	23304 
691.18 	0.0036250 	23137 
691.68 	0.0036250 	23137 
692.18 	0.0036250 	22971 
692.68 	0.0036250 	23137 
693.18 	0.0036250 	23304 
693.68 	0.0036250 	23137 
694.18 	0.0036250 	23137 
694.68 	0.0036250 	23137 
695.18 	0.0036250 	23137 
695.68 	0.0036250 	23137 
696.18 	0.0036250 	23137 
696.68 	0.0036250 	23304 
697.18 	0.0036250 	23137 
697.68 	0.0036250 	23137 
698.18 	0.0036250 	23137 
698.68 	0.0036250 	23137 
699.18 	0.0036250 	23137 
699.68 	0.0036250 	23137 
700.18 	0.0036250 	23137 
700.68 	0.0036250 	23637 
701.18 	0.0036250 	24136 
701.68 	0.0036250 	24636 
702.18 	0.0036250 	25135 
702.68 	0.0036250 	25468 
703.18 	0.0036250 	25967 
703.68 	0.0036250 	26134 
704.18 	0.0036250 	26800 
704.68 	0.0036250 	27299 
705.18 	0.0036250 	27798 
705.68 	0.0036250 	28298 
706.18 	0.0036250 	28797 
706.68 	0.0036250 	29130 
707.05 	0.0036250 	29796 
707.35 	0.0036250 	30462 
707.85 	0.0036250 	31127 
708.35 	0.0036250 	31627 
708.85 	0.0036250 	32126 
709.30 	0.0036250 	32792 
709.80 	0.0036250 	33125 
710.28 	0.0036250 	33791 
710.78 	0.0036250 	34290 
711.28 	0.0036250 	34789 
711.78 	0.0036250 	35289 
712.28 	0.0036250 	35788 
712.78 	0.0036250 	36454 
713.28 	0.0036250 	36787 
713.73 	0.0036250 	37453 
714.23 	0.0036250 	37952 
714.73 	0.0036250 	38452 
715.23 	0.0036250 	38951 
715.73 	0.0036250 	39450 
716.23 	0.0036250 	39950 
716.70 	0.0036250 	40615 
717.20 	0.0036250 	40948 
717.67 	0.0036250 	41614 
718.17 	0.0036250 	41947 
718.53 	0.0036250 	42613 
719.03 	0.0036250 	42946 
719.53 	0.0036250 	43445 
720.02 	0.0036250 	44111 
720.52 	0.0036250 	44610 
721.02 	0.0036250 	45110 
721.52 	0.0036250 	45609 
722.02 	0.0036250 	46109 
722.52 	0.0036250 	46608 
722.93 	0.0036250 	47274 
723.43 	0.0036250 	47607 
723.93 	0.0036250 	48106 
724.40 	0.0036250 	48772 
724.90 	0.0036250 	49271 
725.40 	0.0036250 	49771 
725.90 	0.0036250 	50270 
726.40 	0.0036250 	50769 
726.83 	0.0036250 	51435 
727.33 	0.0036250 	51768 
727.82 	0.0036250 	52434 
728.32 	0.0036250 	52933 
728.82 	0.0036250 	53433 
729.32 	0.0036250 	53932 
729.82 	0.0036250 	54431 
730.32 	0.0036250 	54931 
730.82 	0.0036250 	55597 
731.32 	0.0036250 	55929 
731.78 	0.0036250 	56595 
732.28 	0.0036250 	57095 
732.78 	0.0036250 	57594 
733.28 	0.0036250 	58093 
733.78 	0.0036250 	58593 
734.27 	0.0036250 	59259 
734.77 	0.0036250 	59592 
735.23 	0.0036250 	60257 
735.73 	0.0036250 	60757 
736.23 	0.0036250 	61256 
736.73 	0.0036250 	61755 
737.23 	0.0036250 	62421 
737.73 	0.0036250 	62921 
738.23 	0.0036250 	63420 
738.73 	0.0036250 	63919 
739.23 	0.0036250 	64419 
739.73 	0.0036250 	65085 
740.23 	0.0036250 	65418 
740.68 	0.0036250 	66083 
741.18 	0.0036250 	66583 
741.68 	0.0036250 	67082 
742.18 	0.0036250 	67415 
742.57 	0.0036250 	68081 
743.07 	0.0036250 	68414 
743.48 	0.0036250 	69080 
743.98 	0.0036250 	69412 
744.43 	0.0036250 	70078 
744.93 	0.0036250 	70578 
745.43 	0.0036250 	70911 
745.88 	0.0036250 	71576 
746.38 	0.0036250 	72076 
746.88 	0.0036250 	72575 
747.38 	0.0036250 	73075 
747.88 	0.0036250 	73574 
748.38 	0.0036250 	74073 
748.88 	0.0036250 	74573 
749.35 	0.0036250 	75238 
749.85 	0.0036250 	75571 
750.28 	0.0036250 	76237 
750.78 	0.0036250 	76570 
751.28 	0.0036250 	77236 
751.78 	0.0036250 	77735 
752.28 	0.0036250 	78068 
752.67 	0.0036250 	78734 
753.17 	0.0036250 	79233 
753.67 	0.0036250 	79733 
754.17 	0.0036250 	80232 
754.67 	0.0036250 	80898 
755.17 	0.0036250 	81397 
755.67 	0.0036250 	81730 
756.13 	0.0036250 	82396 
756.63 	0.0036250 	82895 
757.13 	0.0036250 	83395 
757.63 	0.0036250 	83894 
758.13 	0.0036250 	84394 
758.63 	0.0036250 	84893 
759.08 	0.0036250 	85559 
759.58 	0.0036250 	86058 
760.08 	0.0036250 	86558 
760.58 	0.0036250 	87057 
761.08 	0.0036250 	87723 
761.58 	0.0036250 	88222 
762.08 	0.0036250 	88721 
762.58 	0.0036250 	89054 
762.98 	0.0036250 	89720 
763.48 	0.0036250 	90053 
763.98 	0.0036250 	90719 
764.48 	0.0036250 	91218 
764.98 	0.0036250 	91718 
765.48 	0.0036250 	92217 
765.98 	0.0036250 	92716 
766.48 	0.0036250 	93382 
766.98 	0.0036250 	93715 
767.38 	0.0036250 	94381 
767.88 	0.0036250 	94714 
768.38 	0.0036250 	95213 
768.73 	0.0036250 	95879 
769.23 	0.0036250 	96212 
769.73 	0.0036250 	96711 
770.23 	0.0036250 	97377 
770.73 	0.0036250 	97710 
771.22 	0.0036250 	98376 
771.72 	0.0036250 	98709 
772.20 	0.0036250 	99375 
772.70 	0.0036250 	99874 
773.20 	0.0036250 	100370 
773.70 	0.0036250 	101040 
774.20 	0.0036250 	101370 
774.65 	0.0036250 	102040 
775.15 	0.0036250 	102370 
775.65 	0.0036250 	103040 
776.15 	0.0036250 	103540 
776.65 	0.0036250 	104040 
777.15 	0.0036250 	104700 
777.65 	0.0036250 	105030 
778.10 	0.0036250 	105700 
778.60 	0.0036250 	106030 
779.08 	0.0036250 	106700 
779.58 	0.0036250 	107200 
780.08 	0.0036250 	107700 
780.58 	0.0036250 	108200 
781.08 	0.0036250 	108700 
781.58 	0.0036250 	109360 
782.08 	0.0036250 	109700 
782.48 	0.0036250 	110360 
782.98 	0.0036250 	110860 
783.48 	0.0036250 	111190 
783.95 	0.0036250 	111860 
784.45 	0.0036250 	112360 
784.95 	0.0036250 	112860 
785.45 	0.0036250 	113360 
785.95 	0.0036250 	114020 
786.45 	0.0036250 	114520 
786.95 	0.0036250 	115020 
787.45 	0.0036250 	115520 
787.95 	0.0036250 	116020 
788.43 	0.0036250 	116690 
788.93 	0.0036250 	117190 
789.43 	0.0036250 	117520 
789.93 	0.0036250 	118180 
790.43 	0.0036250 	118680 
790.93 	0.0036250 	119180 
791.43 	0.0036250 	119680 
791.93 	0.0036250 	120180 
792.43 	0.0036250 	120850 
792.93 	0.0036250 	121180 
793.38 	0.0036250 	121850 
793.88 	0.0036250 	122350 
794.38 	0.0036250 	122850 
794.88 	0.0036250 	123340 
795.38 	0.0036250 	123840 
795.88 	0.0036250 	124340 
796.37 	0.0036250 	125010 
796.87 	0.0036250 	125510 
797.37 	0.0036250 	126010 
797.87 	0.0036250 	126510 
798.37 	0.0036250 	127010 
798.83 	0.0036250 	127670 
799.33 	0.0036250 	128010 
799.83 	0.0036250 	128500 
800.33 	0.0036250 	129170 
800.83 	0.0036250 	129670 
801.33 	0.0036250 	130170 
801.83 	0.0036250 	130670 
802.33 	0.0036250 	131330 
802.83 	0.0036250 	131830 
803.33 	0.0036250 	132170 
803.83 	0.0036250 	132830 
804.33 	0.0036250 	133330 
804.83 	0.0036250 	134000 
805.33 	0.0036250 	134500 
805.83 	0.0036250 	135000 
806.33 	0.0036250 	135500 
806.83 	0.0036250 	136000 
807.33 	0.0036250 	136490 
807.83 	0.0036250 	136990 
808.33 	0.0036250 	137490 
808.83 	0.0036250 	137990 
809.33 	0.0036250 	138660 
809.83 	0.0036250 	139160 
810.33 	0.0036250 	139660 
810.83 	0.0036250 	140160 
811.33 	0.0036250 	140660 
811.83 	0.0036250 	141320 
812.33 	0.0036250 	141820 
812.83 	0.0036250 	142320 
813.33 	0.0036250 	142990 
813.83 	0.0036250 	143320 
814.33 	0.0036250 	143990 
814.83 	0.0036250 	144480 
815.33 	0.0036250 	144980 
815.83 	0.0036250 	145480 
816.33 	0.0036250 	145980 
816.83 	0.0036250 	146650 
817.33 	0.0036250 	147150 
817.83 	0.0036250 	147650 
818.33 	0.0036250 	148150 
818.83 	0.0036250 	148650 
819.33 	0.0036250 	149150 
819.83 	0.0036250 	149640 
820.33 	0.0036250 	150310 
820.83 	0.0036250 	150810 
821.33 	0.0036250 	151310 
821.83 	0.0036250 	151810 
822.33 	0.0036250 	152310 
822.83 	0.0036250 	152970 
823.33 	0.0036250 	153470 
823.83 	0.0036250 	153970 
824.33 	0.0036250 	154470 
824.83 	0.0036250 	154970 
825.33 	0.0036250 	155640 
825.83 	0.0036250 	156140 
826.33 	0.0036250 	156640 
826.83 	0.0036250 	157140 
827.33 	0.0036250 	157800 
827.83 	0.0036250 	158300 
828.33 	0.0036250 	158800 
828.83 	0.0036250 	159300 
829.33 	0.0036250 	159800 
829.83 	0.0036250 	160300 
830.33 	0.0036250 	160800 
830.83 	0.0036250 	161460 
831.33 	0.0036250 	161960 
831.83 	0.0036250 	162460 
832.33 	0.0036250 	163130 
832.83 	0.0036250 	163460 
833.33 	0.0036250 	164130 
833.83 	0.0036250 	164630 
834.33 	0.0036250 	165130 
834.83 	0.0036250 	165620 
835.33 	0.0036250 	166120 
835.83 	0.0036250 	166620 
836.33 	0.0036250 	167120 
836.83 	0.0036250 	167790 
837.33 	0.0036250 	168120 
837.83 	0.0036250 	168790 
838.33 	0.0036250 	169290 
838.83 	0.0036250 	169950 
839.33 	0.0036250 	170450 
839.83 	0.0036250 	170950 
840.33 	0.0036250 	171450 
840.83 	0.0036250 	171950 
841.33 	0.0036250 	172450 
841.83 	0.0036250 	172950 
842.33 	0.0036250 	173610 
842.83 	0.0036250 	174110 
843.33 	0.0036250 	174610 
843.83 	0.0036250 	175110 
844.33 	0.0036250 	175780 
844.83 	0.0036250 	176110 
845.33 	0.0036250 	176780 
845.83 	0.0036250 	177280 
846.33 	0.0036250 	177780 
846.83 	0.0036250 	178440 
847.33 	0.0036250 	178770 
847.83 	0.0036250 	179270 
848.33 	0.0036250 	179940 
848.83 	0.0036250 	180440 
849.33 	0.0036250 	180940 
849.83 	0.0036250 	181440 
850.33 	0.0036250 	181940 
850.83 	0.0036250 	182600 
851.33 	0.0036250 	183100 
851.83 	0.0036250 	183600 
852.33 	0.0036250 	184100 
852.83 	0.0036250 	184600 
853.33 	0.0036250 	185270 
853.83 	0.0036250 	185770 
854.33 	0.0036250 	186270 
854.83 	0.0036250 	186760 
855.33 	0.0036250 	187260 
855.83 	0.0036250 	187760 
856.33 	0.0036250 	188260 
856.83 	0.0036250 	188930 
857.33 	0.0036250 	189430 
857.83 	0.0036250 	190090 
858.33 	0.0036250 	190590 
858.83 	0.0036250 	191090 
859.33 	0.0036250 	191590 
859.83 	0.0036250 	192090 
860.33 	0.0036250 	192590 
860.83 	0.0036250 	193090 
861.33 	0.0036250 	193760 
861.83 	0.0036250 	194090 
862.33 	0.0036250 	194750 
862.83 	0.0036250 	195250 
863.33 	0.0036250 	195750 
863.83 	0.0036250 	196250 
864.33 	0.0036250 	196920 
864.83 	0.0036250 	197420 
865.33 	0.0036250 	197920 
865.83 	0.0036250 	198420 
866.33 	0.0036250 	198920 
866.83 	0.0036250 	199420 
867.33 	0.0036250 	199910 
867.83 	0.0036250 	200410 
868.33 	0.0036250 	201080 
868.83 	0.0036250 	201750 
869.33 	0.0036250 	202080 
869.83 	0.0036250 	202740 
870.33 	0.0036250 	203240 
870.83 	0.0036250 	203740 
871.33 	0.0036250 	204240 
871.83 	0.0036250 	204740 
872.33 	0.0036250 	205240 
872.83 	0.0036250 	205740 
873.33 	0.0036250 	206410 
873.83 	0.0036250 	206910 
874.33 	0.0036250 	207410 
874.83 	0.0036250 	207900 
875.33 	0.0036250 	208400 
875.83 	0.0036250 	208900 
876.33 	0.0036250 	209570 
876.83 	0.0036250 	210070 
877.33 	0.0036250 	210570 
877.83 	0.0036250 	211070 
878.33 	0.0036250 	211570 
878.83 	0.0036250 	212230 
879.33 	0.0036250 	212730 
879.83 	0.0036250 	213230 
880.33 	0.0036250 	213730 
880.83 	0.0036250 	214230 
881.33 	0.0036250 	214900 
881.83 	0.0036250 	215400 
882.33 	0.0036250 	215890 
882.83 	0.0036250 	216390 
883.33 	0.0036250 	216890 
883.83 	0.0036250 	217390 
884.33 	0.0036250 	217890 
884.83 	0.0036250 	218560 
885.33 	0.0036250 	219060 
885.83 	0.0036250 	219560 
886.33 	0.0036250 	220060 
886.83 	0.0036250 	220560 
887.33 	0.0036250 	221220 
887.83 	0.0036250 	221720 
888.33 	0.0036250 	222220 
888.83 	0.0036250 	222890 
889.33 	0.0036250 	223380 
889.83 	0.0036250 	223720 
890.33 	0.0036250 	224380 
890.83 	0.0036250 	224880 
891.33 	0.0036250 	225380 
891.83 	0.0036250 	225880 
892.33 	0.0036250 	226380 
892.83 	0.0036250 	226880 
893.33 	0.0036250 	227550 
893.83 	0.0036250 	228050 
894.33 	0.0036250 	228550 
894.83 	0.0036250 	229040 
895.33 	0.0036250 	229710 
895.83 	0.0036250 	230040 
896.33 	0.0036250 	230710 
896.83 	0.0036250 	231210 
897.33 	0.0036250 	231710 
897.83 	0.0036250 	232370 
898.33 	0.0036250 	232870 
898.83 	0.0036250 	233370 
899.33 	0.0036250 	233870 
899.83 	0.0036250 	234370 
900.33 	0.0036250 	235040 
900.83 	0.0036250 	235540 
901.33 	0.0036250 	236040 
901.83 	0.0036250 	236540 
902.33 	0.0036250 	237030 
902.83 	0.0036250 	237530 
903.33 	0.0036250 	238030 
903.83 	0.0036250 	238530 
904.33 	0.0036250 	239200 
904.83 	0.0036250 	239700 
905.33 	0.0036250 	240200 
905.83 	0.0036250 	240700 
906.33 	0.0036250 	241360 
906.83 	0.0036250 	241860 
907.33 	0.0036250 	242360 
907.83 	0.0036250 	242860 
908.33 	0.0036250 	243360 
908.83 	0.0036250 	243860 
909.33 	0.0036250 	244360 
909.83 	0.0036250 	245020 
910.33 	0.0036250 	245520 
910.83 	0.0036250 	246020 
911.33 	0.0036250 	246520 
911.83 	0.0036250 	247020 
912.33 	0.0036250 	247690 
912.83 	0.0036250 	248190 
913.33 	0.0036250 	248690 
913.83 	0.0036250 	249190 
914.33 	0.0036250 	249690 
914.83 	0.0036250 	250180 
915.33 	0.0036250 	250850 
915.83 	0.0036250 	251350 
916.33 	0.0036250 	251850 
916.83 	0.0036250 	252350 
917.33 	0.0036250 	253010 
917.83 	0.0036250 	253350 
918.33 	0.0036250 	254010 
918.83 	0.0036250 	254510 
919.33 	0.0036250 	255010 
919.83 	0.0036250 	255510 
920.33 	0.0036250 	256180 
920.83 	0.0036250 	256510 
921.33 	0.0036250 	257180 
921.83 	0.0036250 	257680 
922.33 	0.0036250 	258170 
922.83 	0.0036250 	258670 
923.33 	0.0036250 	259340 
923.83 	0.0036250 	259840 
924.33 	0.0036250 	260500 
924.83 	0.0036250 	260840 
925.33 	0.0036250 	261340 
925.83 	0.0036250 	261840 
926.33 	0.0036250 	262340 
926.83 	0.0036250 	263000 
927.33 	0.0036250 	263500 
927.83 	0.0036250 	264000 
928.33 	0.0036250 	264500 
928.83 	0.0036250 	265170 
929.33 	0.0036250 	265670 
929.83 	0.0036250 	266160 
930.33 	0.0036250 	266660 
930.83 	0.0036250 	267160 
931.33 	0.0036250 	267660 
931.83 	0.0036250 	268160 
932.33 	0.0036250 	268660 
932.83 	0.0036250 	269330 
933.33 	0.0036250 	269830 
933.83 	0.0036250 	270330 
934.33 	0.0036250 	270830 
934.83 	0.0036250 	271490 
935.33 	0.0036250 	271820 
935.83 	0.0036250 	272490 
936.33 	0.0036250 	272990 
936.83 	0.0036250 	273490 
937.33 	0.0036250 	274150 
937.83 	0.0036250 	274490 
938.33 	0.0036250 	275150 
938.83 	0.0036250 	275650 
939.33 	0.0036250 	276150 
939.83 	0.0036250 	276650 
940.33 	0.0036250 	277150 
940.83 	0.0036250 	277650 
941.33 	0.0036250 	278320 
941.83 	0.0036250 	278650 
942.33 	0.0036250 	279310 
942.83 	0.0036250 	279810 
943.33 	0.0036250 	280310 
943.83 	0.0036250 	280980 
944.33 	0.0036250 	281480 
944.83 	0.0036250 	281980 
945.33 	0.0036250 	282480 
945.83 	0.0036250 	283140 
946.33 	0.0036250 	283640 
946.83 	0.0036250 	284140 
947.33 	0.0036250 	284640 
947.83 	0.0036250 	285140 
948.33 	0.0036250 	285640 
948.83 	0.0036250 	286140 
949.33 	0.0036250 	286810 
949.83 	0.0036250 	287300 
950.33 	0.0036250 	287970 
950.83 	0.0036250 	288300 
951.33 	0.0036250 	288800 
951.83 	0.0036250 	289300 
952.33 	0.0036250 	289970 
952.83 	0.0036250 	290470 
953.33 	0.0036250 	290970 
953.83 	0.0036250 	291470 
954.33 	0.0036250 	291970 
954.83 	0.0036250 	292460 
955.33 	0.0036250 	293130 
955.83 	0.0036250 	293630 
956.33 	0.0036250 	294130 
956.83 	0.0036250 	294790 
957.33 	0.0036250 	295130 
957.83 	0.0036250 	295790 
958.33 	0.0036250 	296290 
958.83 	0.0036250 	296790 
959.33 	0.0036250 	297290 
959.83 	0.0036250 	297790 
960.33 	0.0036250 	298460 
960.83 	0.0036250 	298960 
961.33 	0.0036250 	299460 
961.83 	0.0036250 	299960 
962.33 	0.0036250 	300620 
962.83 	0.0036250 	300950 
963.33 	0.0036250 	301450 
963.83 	0.0036250 	302120 
964.33 	0.0036250 	302620 
964.83 	0.0036250 	303120 
965.33 	0.0036250 	303620 
965.83 	0.0036250 	304120 
966.33 	0.0036250 	304780 
966.83 	0.0036250 	305120 
967.33 	0.0036250 	305780 
967.83 	0.0036250 	306280 
968.33 	0.0036250 	306780 
968.83 	0.0036250 	307280 
969.33 	0.0036250 	307950 
969.83 	0.0036250 	308440 
970.33 	0.0036250 	309110 
970.83 	0.0036250 	309440 
971.33 	0.0036250 	309940 
971.83 	0.0036250 	310440 
972.33 	0.0036250 	311110 
972.83 	0.0036250 	311610 
973.33 	0.0036250 	312110 
973.83 	0.0036250 	312770 
974.33 	0.0036250 	313270 
974.83 	0.0036250 	313770 
975.33 	0.0036250 	314270 
975.83 	0.0036250 	314770 
976.33 	0.0036250 	315270 
976.83 	0.0036250 	315770 
977.33 	0.0036250 	316430 
977.83 	0.0036250 	316930 
978.33 	0.0036250 	317430 
978.83 	0.0036250 	317930 
979.33 	0.0036250 	318430 
979.83 	0.0036250 	319100 
980.33 	0.0036250 	319600 
980.83 	0.0036250 	320100 
981.33 	0.0036250 	320600 
981.83 	0.0036250 	321100 
982.33 	0.0036250 	321760 
982.83 	0.0036250 	322090 
983.33 	0.0036250 	322760 
983.83 	0.0036250 	323260 
984.33 	0.0036250 	323760 
984.83 	0.0036250 	324260 
985.33 	0.0036250 	324760 
985.83 	0.0036250 	325260 
986.33 	0.0036250 	325920 
986.83 	0.0036250 	326420 
987.33 	0.0036250 	327090 
987.83 	0.0036250 	327420 
988.33 	0.0036250 	327920 
988.83 	0.0036250 	328590 
989.33 	0.0036250 	329090 
989.83 	0.0036250 	329580 
990.33 	0.0036250 	330080 
990.83 	0.0036250 	330580 
991.33 	0.0036250 	331080 
991.83 	0.0036250 	331750 
992.33 	0.0036250 	332250 
992.83 	0.0036250 	332750 
993.33 	0.0036250 	333250 
993.83 	0.0036250 	333750 
994.33 	0.0036250 	334250 
994.83 	0.0036250 	334740 
995.33 	0.0036250 	335410 
995.83 	0.0036250 	335910 
996.33 	0.0036250 	336410 
996.83 	0.0036250 	336910 
997.33 	0.0036250 	337410 
997.83 	0.0036250 	338070 
998.33 	0.0036250 	338570 
998.83 	0.0036250 	339070 
999.33 	0.0036250 	339570 
999.83 	0.0036250 	340240 
1000.3 	0.0036250 	340740 
1000.8 	0.0036250 	341240 
1001.3 	0.0036250 	341740 
1001.8 	0.0036250 	342240 
1002.3 	0.0036250 	342730 
1002.8 	0.0036250 	343400 
1003.3 	0.0036250 	343900 
1003.8 	0.0036250 	344400 
1004.3 	0.0036250 	344900 
1004.8 	0.0036250 	345400 
1005.3 	0.0036250 	345900 
1005.8 	0.0036250 	346560 
1006.3 	0.0036250 	347060 
1006.8 	0.0036250 	347560 
1007.3 	0.0036250 	348060 
1007.8 	0.0036250 	348730 
1008.3 	0.0036250 	349060 
1008.8 	0.0036250 	349730 
1009.3 	0.0036250 	350230 
1009.8 	0.0036250 	350720 
1010.3 	0.0036250 	351220 
1010.8 	0.0036250 	351720 
1011.3 	0.0036250 	352220 
1011.8 	0.0036250 	352720 
1012.3 	0.0036250 	353390 
1012.8 	0.0036250 	353890 
1013.3 	0.0036250 	354390 
1013.8 	0.0036250 	355050 
1014.3 	0.0036250 	355550 
1014.8 	0.0036250 	356050 
1015.3 	0.0036250 	356550 
1015.8 	0.0036250 	357050 
1016.3 	0.0036250 	357550 
1016.8 	0.0036250 	358210 
1017.3 	0.0036250 	358710 
1017.8 	0.0036250 	359210 
1018.3 	0.0036250 	359710 
1018.8 	0.0036250 	360210 
1019.3 	0.0036250 	360710 
1019.8 	0.0036250 	361380 
1020.3 	0.0036250 	361880 
1020.8 	0.0036250 	362210 
1021.3 	0.0036250 	362880 
1021.8 	0.0036250 	363380 
1022.3 	0.0036250 	363870 
1022.8 	0.0036250 	364540 
1023.3 	0.0036250 	365040 
1023.8 	0.0036250 	365540 
1024.3 	0.0036250 	366040 
1024.8 	0.0036250 	366540 
1025.3 	0.0036250 	367200 
1025.8 	0.0036250 	367700 
1026.3 	0.0036250 	368200 
1026.8 	0.0036250 	368700 
1027.3 	0.0036250 	369200 
1027.8 	0.0036250 	369700 
1028.3 	0.0036250 	370200 
1028.8 	0.0036250 	370870 
1029.3 	0.0036250 	371200 
1029.8 	0.0036250 	371860 
1030.3 	0.0036250 	372360 
1030.8 	0.0036250 	373030 
1031.3 	0.0036250 	373530 
1031.8 	0.0036250 	374030 
1032.3 	0.0036250 	374530 
1032.8 	0.0036250 	375190 
1033.3 	0.0036250 	375530 
1033.8 	0.0036250 	376030 
1034.3 	0.0036250 	376690 
1034.8 	0.0036250 	377190 
1035.3 	0.0036250 	377690 
1035.8 	0.0036250 	378190 
1036.3 	0.0036250 	378860 
1036.8 	0.0036250 	379350 
1037.3 	0.0036250 	379850 
1037.8 	0.0036250 	380350 
1038.3 	0.0036250 	380850 
1038.8 	0.0036250 	381350 
1039.3 	0.0036250 	382020 
1039.8 	0.0036250 	382520 
1040.3 	0.0036250 	383020 
1040.8 	0.0036250 	383520 
1041.3 	0.0036250 	384020 
1041.8 	0.0036250 	384520 
1042.3 	0.0036250 	385180 
1042.8 	0.0036250 	385680 
1043.3 	0.0036250 	386180 
1043.8 	0.0036250 	386680 
1044.3 	0.0036250 	387340 
1044.8 	0.0036250 	387680 
1045.3 	0.0036250 	388340 
1045.8 	0.0036250 	388840 
1046.3 	0.0036250 	389340 
1046.8 	0.0036250 	389840 
1047.3 	0.0036250 	390340 
1047.8 	0.0036250 	391010 
1048.3 	0.0036250 	391510 
1048.8 	0.0036250 	392010 
1049.3 	0.0036250 	392510 
1049.8 	0.0036250 	393000 
1050.3 	0.0036250 	393500 
1050.8 	0.0036250 	394000 
1051.3 	0.0036250 	394500 
1051.8 	0.0036250 	395170 
1052.3 	0.0036250 	395670 
1052.8 	0.0036250 	396330 
1053.3 	0.0036250 	396670 
1053.8 	0.0036250 	397170 
1054.3 	0.0036250 	397830 
1054.8 	0.0036250 	398330 
1055.3 	0.0036250 	398830 
1055.8 	0.0036250 	399500 
1056.3 	0.0036250 	399830 
1056.8 	0.0036250 	400500 
1057.3 	0.0036250 	400990 
1057.8 	0.0036250 	401490 
1058.3 	0.0036250 	401990 
1058.8 	0.0036250 	402490 
1059.3 	0.0036250 	403160 
1059.8 	0.0036250 	403660 
1060.3 	0.0036250 	403990 
1060.8 	0.0036250 	404660 
1061.3 	0.0036250 	405160 
1061.8 	0.0036250 	405660 
1062.3 	0.0036250 	406320 
1062.8 	0.0036250 	406820 
1063.3 	0.0036250 	407320 
1063.8 	0.0036250 	407820 
1064.3 	0.0036250 	408320 
1064.8 	0.0036250 	408820 
1065.3 	0.0036250 	409480 
1065.8 	0.0036250 	409980 
1066.3 	0.0036250 	410320 
1066.8 	0.0036250 	410980 
1067.3 	0.0036250 	411650 
1067.8 	0.0036250 	411980 
1068.3 	0.0036250 	412480 
1068.8 	0.0036250 	412980 
1069.3 	0.0036250 	413650 
1069.8 	0.0036250 	413980 
1070.3 	0.0036250 	414810 
1070.8 	0.0036250 	415140 
1071.3 	0.0036250 	415810 
1071.8 	0.0036250 	416310 
1072.3 	0.0036250 	416810 
1072.8 	0.0036250 	417470 
1073.3 	0.0036250 	417810 
1073.8 	0.0036250 	418470 
1074.3 	0.0036250 	418970 
1074.8 	0.0036250 	419470 
1075.3 	0.0036250 	419970 
1075.8 	0.0036250 	420470 
1076.3 	0.0036250 	421140 
1076.8 	0.0036250 	421470 
1077.3 	0.0036250 	422130 
1077.8 	0.0036250 	422630 
1078.3 	0.0036250 	423130 
1078.8 	0.0036250 	423800 
1079.3 	0.0036250 	424300 
1079.8 	0.0036250 	424800 
1080.3 	0.0036250 	425300 
1080.6 	0.0036250 	422130 
1080.6 	0.0036250 	411480 
1080.6 	0.0036250 	405990 
1080.6 	0.0036250 	409320 
1080.7 	0.0036250 	412980 
1080.8 	0.0036250 	415980 
1080.9 	0.0036250 	418970 
1081.0 	0.0036250 	422470 
1081.3 	0.0036250 	425460 
1081.8 	0.0036250 	426630 
1082.3 	0.0036250 	427130 
1082.8 	0.0036250 	427630 
1083.3 	0.0036250 	428290 
1083.8 	0.0036250 	428790 
1084.3 	0.0036250 	429290 
1084.8 	0.0036250 	429960 
1085.3 	0.0036250 	430460 
1085.8 	0.0036250 	430960 
1086.3 	0.0036250 	431460 
1086.8 	0.0036250 	431960 
1087.3 	0.0036250 	432450 
1087.8 	0.0036250 	433120 
1088.3 	0.0036250 	433620 
1088.8 	0.0036250 	434120 
1089.3 	0.0036250 	434620 
1089.8 	0.0036250 	435120 
1090.3 	0.0036250 	435780 
1090.8 	0.0036250 	436280 
1091.3 	0.0036250 	436950 
1091.8 	0.0036250 	437280 
1092.3 	0.0036250 	437950 
1092.8 	0.0036250 	438280 
1093.3 	0.0036250 	438950 
1093.8 	0.0036250 	439450 
1094.3 	0.0036250 	439950 
1094.8 	0.0036250 	440440 
1095.3 	0.0036250 	440940 
1095.8 	0.0036250 	441610 
1096.3 	0.0036250 	442110 
1096.8 	0.0036250 	442610 
1097.3 	0.0036250 	443110 
1097.8 	0.0036250 	443610 
1098.3 	0.0036250 	444270 
1098.8 	0.0036250 	444770 
1099.3 	0.0036250 	445270 
1099.8 	0.0036250 	445770 
1100.3 	0.0036250 	446270 
1100.8 	0.0036250 	446940 
1100.9 	0.0036250 	440610 
1100.9 	0.0036250 	425300 
1101.0 	0.0036250 	401490 
1101.0 	0.0036250 	393340 
1101.0 	0.0036250 	397670 
1101.1 	0.0036250 	401160 
1101.1 	0.0036250 	405160 
1101.2 	0.0036250 	409650 
1101.2 	0.0036250 	413480 
1101.3 	0.0036250 	417970 
1101.3 	0.0036250 	422300 
1101.4 	0.0036250 	426300 
1101.4 	0.0036250 	429790 
1101.5 	0.0036250 	418970 
1101.5 	0.0036250 	270830 
