Tempo(s)	Deformação(mm)	Força(N)
0.016667 	-0.0004273 	166.46 
0.51667 	-0.0004273 	166.46 
1.0167 	-0.0004273 	499.37 
1.5167 	-0.0004273 	832.28 
2.0167 	-0.0003204 	1331.7 
2.5167 	-0.0002136 	1664.6 
3.0167 	0.00000 	1997.5 
3.5167 	0.00000 	2330.4 
4.0167 	0.00000 	2496.9 
4.5167 	0.00000 	2496.9 
5.0167 	0.00010662 	2496.9 
5.5167 	0.00010662 	2496.9 
6.0000 	0.00021324 	3162.7 
6.4167 	0.00053309 	3828.5 
6.7500 	0.00074633 	4494.3 
7.1167 	0.00095956 	5160.2 
7.6167 	0.00085294 	4993.7 
8.0667 	0.0010662 	5659.5 
8.4167 	0.0012794 	6325.4 
8.7667 	0.0015993 	6991.2 
9.1167 	0.0019191 	7657.0 
9.4667 	0.0021324 	8322.8 
9.9167 	0.0024522 	8988.7 
10.350 	0.0026655 	9654.5 
10.767 	0.0029853 	10320 
11.250 	0.0033052 	10986 
11.750 	0.0035184 	11486 
12.133 	0.0037316 	12151 
12.633 	0.0039449 	12651 
13.133 	0.0041581 	13150 
13.633 	0.0043713 	13649 
14.133 	0.0045846 	14149 
14.633 	0.0047978 	14815 
15.133 	0.0047978 	15148 
15.633 	0.0049044 	15480 
16.133 	0.0051177 	15980 
16.633 	0.0052243 	16479 
17.100 	0.0054375 	17145 
17.483 	0.0056508 	17811 
17.967 	0.0058640 	18477 
18.467 	0.0060772 	18810 
18.850 	0.0061839 	19475 
19.350 	0.0063971 	19808 
19.767 	0.0065037 	20474 
20.267 	0.0067169 	20807 
20.767 	0.0067169 	20974 
21.267 	0.0067169 	20974 
21.767 	0.0067169 	21140 
22.267 	0.0067169 	21140 
22.767 	0.0067169 	20974 
23.267 	0.0067169 	21140 
23.767 	0.0066103 	21140 
24.267 	0.0067169 	21140 
24.767 	0.0066103 	21140 
25.267 	0.0067169 	21140 
25.767 	0.0066103 	21140 
26.267 	0.0067169 	21140 
26.767 	0.0066103 	21140 
27.267 	0.0066103 	21140 
27.767 	0.0067169 	21140 
28.267 	0.0067169 	21140 
28.767 	0.0067169 	20974 
29.267 	0.0067169 	21140 
29.767 	0.0067169 	21140 
30.267 	0.0067169 	21140 
30.767 	0.0067169 	21140 
31.267 	0.0067169 	21140 
31.767 	0.0067169 	21140 
32.267 	0.0067169 	21140 
32.767 	0.0067169 	21140 
33.267 	0.0067169 	21140 
33.767 	0.0068236 	21140 
34.267 	0.0069302 	21140 
34.767 	0.0069302 	21140 
35.267 	0.0070368 	21140 
35.767 	0.0070368 	21140 
36.267 	0.0072500 	21140 
36.767 	0.0072500 	21140 
37.267 	0.0073566 	21306 
37.767 	0.0073566 	21140 
38.267 	0.0074633 	21140 
38.767 	0.0073566 	21140 
39.267 	0.0074633 	20974 
39.767 	0.0074633 	21140 
40.267 	0.0074633 	21306 
40.767 	0.0074633 	21140 
41.267 	0.0074633 	21140 
41.767 	0.0074633 	21140 
42.267 	0.0074633 	21140 
42.767 	0.0074633 	21140 
43.267 	0.0075699 	21140 
43.767 	0.0074633 	21140 
44.267 	0.0075699 	20974 
44.767 	0.0075699 	20974 
45.267 	0.0076765 	20974 
45.767 	0.0077831 	21306 
46.267 	0.0077831 	21306 
46.767 	0.0078897 	21140 
47.267 	0.0079964 	21140 
47.767 	0.0082096 	21140 
48.267 	0.0084228 	21140 
48.767 	0.0083162 	21140 
49.267 	0.0083162 	21140 
49.767 	0.0083162 	21140 
50.267 	0.0082096 	21140 
50.767 	0.0079964 	20974 
51.267 	0.0078897 	21140 
51.767 	0.0077831 	21140 
52.267 	0.0077831 	21140 
52.767 	0.0077831 	21140 
53.267 	0.0077831 	20974 
53.767 	0.0078897 	21140 
54.267 	0.0078897 	21140 
54.767 	0.0078897 	21140 
55.267 	0.0078897 	21140 
55.767 	0.0078897 	21140 
56.267 	0.0077831 	20974 
56.767 	0.0076765 	20974 
57.267 	0.0075699 	21140 
57.767 	0.0076765 	21140 
58.267 	0.0076765 	21140 
58.767 	0.0077831 	20974 
59.267 	0.0079964 	20974 
59.767 	0.0082096 	21140 
60.267 	0.0085294 	21140 
60.767 	0.0089559 	21140 
61.267 	0.0091692 	21140 
61.767 	0.0089559 	21140 
62.267 	0.0087427 	21140 
62.767 	0.0087427 	21140 
63.267 	0.0088493 	21140 
63.767 	0.0090625 	21140 
64.267 	0.0090625 	21140 
64.767 	0.0090625 	21306 
65.267 	0.0088493 	21140 
65.767 	0.0086361 	20974 
66.267 	0.0084228 	21140 
66.767 	0.0082096 	21140 
67.267 	0.0082096 	21306 
67.767 	0.0083162 	21140 
68.267 	0.0083162 	21140 
68.767 	0.0083162 	21140 
69.267 	0.0083162 	21140 
69.767 	0.0083162 	21140 
70.267 	0.0082096 	21140 
70.767 	0.0082096 	21140 
71.267 	0.0081030 	21140 
71.767 	0.0082096 	21140 
72.267 	0.0081030 	20974 
72.767 	0.0078897 	21140 
73.267 	0.0078897 	21140 
73.767 	0.0078897 	21140 
74.267 	0.0078897 	21140 
74.767 	0.0079964 	20974 
75.267 	0.0082096 	21140 
75.767 	0.0083162 	21140 
76.267 	0.0086361 	21140 
76.767 	0.0089559 	21306 
77.217 	0.0093824 	21306 
77.717 	0.0097022 	20974 
78.217 	0.0099155 	20974 
78.717 	0.010129 	21140 
79.217 	0.010235 	21140 
79.600 	0.0098089 	21140 
79.850 	0.0093824 	21140 
80.000 	0.0089559 	21140 
80.317 	0.0085294 	21140 
80.600 	0.0081030 	20974 
81.100 	0.0077831 	20641 
81.583 	0.0075699 	19975 
82.083 	0.0073566 	19642 
82.583 	0.0070368 	19143 
83.083 	0.0068236 	18477 
83.583 	0.0067169 	18144 
84.083 	0.0065037 	17644 
84.583 	0.0062905 	17145 
85.083 	0.0059706 	16812 
85.333 	0.0055441 	16646 
85.583 	0.0051177 	16313 
85.900 	0.0046912 	16146 
86.317 	0.0042647 	15647 
86.750 	0.0039449 	14981 
87.250 	0.0036250 	14315 
87.750 	0.0035184 	13816 
88.250 	0.0034118 	13150 
88.750 	0.0033052 	12817 
89.167 	0.0034118 	12151 
89.667 	0.0035184 	11652 
89.983 	0.0039449 	11319 
90.283 	0.0043713 	10986 
90.567 	0.0047978 	10653 
90.783 	0.0052243 	10653 
90.983 	0.0056508 	10487 
91.150 	0.0060772 	10320 
91.283 	0.0065037 	9987.4 
91.383 	0.0069302 	9987.4 
91.517 	0.0073566 	9820.9 
91.633 	0.0077831 	9654.5 
91.717 	0.0082096 	9488.0 
91.850 	0.0086361 	9488.0 
91.933 	0.0082096 	9488.0 
91.950 	0.0071434 	9321.6 
91.967 	0.0067169 	9321.6 
92.117 	0.0060772 	9321.6 
92.133 	0.0056508 	9321.6 
92.150 	0.0052243 	9155.1 
92.183 	0.0046912 	8988.7 
92.217 	0.0042647 	8988.7 
92.317 	0.0038383 	8822.2 
92.533 	0.0034118 	8822.2 
92.650 	0.0029853 	8489.3 
92.733 	0.0025588 	8489.3 
92.817 	0.0021324 	8489.3 
92.883 	0.0017059 	8655.8 
92.983 	0.0012794 	8322.8 
93.117 	0.00085294 	8156.4 
93.283 	0.00042647 	7989.9 
93.483 	0.00000 	7823.5 
93.733 	-0.0004273 	7490.6 
94.233 	-0.0008546 	7157.6 
94.617 	-0.0010683 	6491.8 
95.117 	-0.0012820 	6158.9 
95.617 	-0.0016025 	5826.0 
95.983 	-0.0016025 	5160.2 
96.483 	-0.0012820 	4993.7 
96.733 	-0.0012820 	4327.9 
97.233 	-0.0009614 	4161.4 
97.733 	-0.0009614 	3662.0 
98.050 	-0.0013888 	3495.6 
98.433 	-0.0018161 	3162.7 
98.800 	-0.0022435 	2829.8 
99.067 	-0.0026708 	2663.3 
99.550 	-0.0030981 	2663.3 
100.05 	-0.0033118 	2496.9 
100.55 	-0.0033118 	2663.3 
101.05 	-0.0033118 	2663.3 
101.55 	-0.0033118 	2496.9 
102.05 	-0.0035254 	2330.4 
102.47 	-0.0039527 	2163.9 
102.97 	-0.0041664 	1997.5 
103.47 	-0.0043801 	1997.5 
103.97 	-0.0044869 	1831.0 
104.47 	-0.0044869 	1831.0 
104.97 	-0.0041664 	1831.0 
105.47 	-0.0041664 	1997.5 
105.97 	-0.0038459 	1831.0 
106.47 	-0.0037391 	1831.0 
106.97 	-0.0036323 	1831.0 
107.47 	-0.0036323 	1831.0 
107.97 	-0.0035254 	1831.0 
108.47 	-0.0035254 	1831.0 
108.97 	-0.0034186 	1664.6 
109.47 	-0.0034186 	1664.6 
109.97 	-0.0033118 	1664.6 
110.47 	-0.0032049 	1664.6 
110.97 	-0.0030981 	1664.6 
111.47 	-0.0028844 	1664.6 
111.97 	-0.0029913 	1664.6 
112.47 	-0.0029913 	1831.0 
112.97 	-0.0029913 	1664.6 
113.47 	-0.0030981 	1664.6 
113.97 	-0.0032049 	1664.6 
114.47 	-0.0033118 	1498.1 
114.97 	-0.0033118 	1498.1 
115.47 	-0.0033118 	1498.1 
115.97 	-0.0034186 	1498.1 
116.47 	-0.0035254 	1331.7 
116.97 	-0.0035254 	1165.2 
117.47 	-0.0035254 	1331.7 
117.97 	-0.0035254 	1165.2 
118.47 	-0.0036323 	1165.2 
118.97 	-0.0037391 	1165.2 
119.47 	-0.0037391 	1165.2 
119.97 	-0.0037391 	1165.2 
120.47 	-0.0038459 	1165.2 
120.97 	-0.0038459 	1165.2 
121.47 	-0.0038459 	1165.2 
121.97 	-0.0037391 	1165.2 
122.47 	-0.0037391 	1331.7 
122.97 	-0.0037391 	1331.7 
123.47 	-0.0037391 	1165.2 
123.97 	-0.0037391 	1165.2 
124.47 	-0.0037391 	1165.2 
124.97 	-0.0037391 	1165.2 
125.47 	-0.0037391 	1165.2 
125.97 	-0.0037391 	1165.2 
126.47 	-0.0037391 	1165.2 
126.97 	-0.0037391 	998.74 
127.47 	-0.0037391 	1165.2 
127.97 	-0.0037391 	1165.2 
128.47 	-0.0037391 	1331.7 
128.97 	-0.0037391 	998.74 
129.47 	-0.0037391 	1165.2 
129.97 	-0.0037391 	1165.2 
130.47 	-0.0036323 	1165.2 
130.97 	-0.0037391 	1165.2 
131.47 	-0.0037391 	1165.2 
131.97 	-0.0037391 	1165.2 
132.47 	-0.0037391 	1165.2 
132.97 	-0.0037391 	1165.2 
133.47 	-0.0037391 	1165.2 
133.97 	-0.0037391 	1165.2 
134.47 	-0.0037391 	1165.2 
134.97 	-0.0037391 	1165.2 
135.47 	-0.0037391 	1165.2 
135.97 	-0.0037391 	1165.2 
136.47 	-0.0036323 	1165.2 
136.97 	-0.0036323 	998.74 
137.47 	-0.0036323 	1165.2 
137.97 	-0.0036323 	1165.2 
138.47 	-0.0036323 	1165.2 
138.97 	-0.0036323 	1331.7 
139.47 	-0.0036323 	1165.2 
139.97 	-0.0035254 	1165.2 
140.47 	-0.0035254 	1165.2 
140.97 	-0.0035254 	1165.2 
141.47 	-0.0034186 	1165.2 
141.97 	-0.0035254 	998.74 
142.47 	-0.0035254 	1165.2 
142.97 	-0.0034186 	1165.2 
143.47 	-0.0035254 	1331.7 
143.97 	-0.0034186 	1331.7 
144.47 	-0.0034186 	1165.2 
144.60 	0.00000 	1165.2 
145.10 	0.00000 	1165.2 
145.60 	0.00000 	1165.2 
146.10 	0.00000 	1165.2 
146.60 	0.00010662 	1165.2 
147.10 	0.00010662 	1331.7 
147.60 	0.00000 	1165.2 
148.10 	0.00010662 	1165.2 
148.60 	0.00000 	1165.2 
149.10 	0.00010662 	1331.7 
149.60 	0.00010662 	1331.7 
150.10 	0.00010662 	1165.2 
150.60 	0.00010662 	1165.2 
151.10 	0.00010662 	998.74 
151.60 	0.00010662 	1165.2 
152.10 	0.00010662 	1165.2 
152.60 	0.00010662 	1165.2 
153.10 	0.00010662 	1165.2 
153.60 	0.00021324 	1165.2 
154.10 	0.00010662 	998.74 
154.60 	0.00021324 	1331.7 
155.10 	0.00021324 	1331.7 
155.60 	0.00021324 	1165.2 
156.10 	0.00021324 	1331.7 
156.60 	0.00021324 	1165.2 
157.10 	0.00021324 	1165.2 
157.60 	0.00021324 	1165.2 
158.10 	0.00021324 	1165.2 
158.60 	0.00021324 	1165.2 
159.10 	0.00021324 	1165.2 
159.60 	0.00031985 	1165.2 
160.10 	0.00021324 	1165.2 
160.60 	0.00031985 	1165.2 
161.10 	0.00031985 	1165.2 
161.60 	0.00031985 	1331.7 
162.10 	0.00031985 	1165.2 
162.60 	0.00031985 	1331.7 
163.10 	0.00042647 	1831.0 
163.60 	0.00063971 	2163.9 
164.10 	0.00063971 	2330.4 
164.60 	0.00074633 	2496.9 
165.10 	0.00074633 	2496.9 
165.60 	0.00074633 	2663.3 
166.10 	0.00085294 	2663.3 
166.60 	0.00085294 	2829.8 
166.93 	0.0010662 	3495.6 
167.28 	0.0012794 	4161.4 
167.65 	0.0015993 	4827.2 
168.13 	0.0018125 	5493.1 
168.63 	0.0017059 	5326.6 
169.03 	0.0019191 	5992.4 
169.43 	0.0022390 	6658.3 
169.77 	0.0024522 	7324.1 
170.15 	0.0027721 	7989.9 
170.60 	0.0030919 	8655.8 
171.03 	0.0034118 	9321.6 
171.38 	0.0036250 	9987.4 
171.87 	0.0040515 	10487 
172.20 	0.0041581 	11153 
172.70 	0.0043713 	11652 
173.20 	0.0046912 	12318 
173.70 	0.0049044 	12817 
174.18 	0.0051177 	13483 
174.68 	0.0053309 	13816 
175.07 	0.0055441 	14482 
175.57 	0.0056508 	14815 
176.07 	0.0059706 	15148 
176.57 	0.0060772 	15647 
177.07 	0.0062905 	16146 
177.57 	0.0063971 	16479 
177.95 	0.0066103 	17145 
178.42 	0.0069302 	17811 
178.83 	0.0071434 	18477 
179.33 	0.0073566 	18976 
179.83 	0.0075699 	19475 
180.32 	0.0077831 	20141 
180.82 	0.0079964 	20641 
181.32 	0.0081030 	20807 
181.82 	0.0082096 	20974 
182.32 	0.0082096 	20974 
182.82 	0.0083162 	21140 
183.32 	0.0083162 	21140 
183.82 	0.0083162 	21140 
184.32 	0.0082096 	20974 
184.82 	0.0083162 	20974 
185.32 	0.0083162 	21140 
185.82 	0.0083162 	21140 
186.32 	0.0083162 	21140 
186.82 	0.0083162 	21140 
187.32 	0.0083162 	21140 
187.82 	0.0083162 	21140 
188.32 	0.0084228 	21306 
188.82 	0.0084228 	21140 
189.32 	0.0084228 	21140 
189.82 	0.0083162 	21140 
190.32 	0.0083162 	21140 
190.82 	0.0083162 	20974 
191.32 	0.0084228 	20974 
191.82 	0.0084228 	21140 
192.32 	0.0084228 	21306 
192.82 	0.0084228 	21140 
193.32 	0.0084228 	21140 
193.82 	0.0084228 	21140 
194.32 	0.0084228 	21140 
194.82 	0.0085294 	21140 
195.32 	0.0084228 	21140 
195.82 	0.0085294 	21140 
196.32 	0.0085294 	21140 
196.82 	0.0084228 	20974 
197.32 	0.0084228 	20974 
197.82 	0.0084228 	20974 
198.32 	0.0085294 	21140 
198.82 	0.0085294 	21140 
199.32 	0.0085294 	21140 
199.82 	0.0085294 	21140 
200.32 	0.0085294 	21140 
200.82 	0.0085294 	21140 
201.32 	0.0085294 	21140 
201.82 	0.0086361 	21140 
202.32 	0.0086361 	21140 
202.82 	0.0086361 	21140 
203.32 	0.0086361 	21306 
203.82 	0.0086361 	21140 
204.32 	0.0086361 	21140 
204.82 	0.0087427 	21140 
205.32 	0.0087427 	21140 
205.82 	0.0087427 	21306 
206.32 	0.0087427 	21140 
206.82 	0.0088493 	21140 
207.32 	0.0088493 	21306 
207.82 	0.0088493 	21140 
208.32 	0.0088493 	21306 
208.82 	0.0088493 	21140 
209.32 	0.0088493 	20974 
209.82 	0.0088493 	21140 
210.32 	0.0089559 	21140 
210.82 	0.0089559 	21140 
211.32 	0.0089559 	21140 
211.82 	0.0090625 	21140 
212.32 	0.0090625 	21140 
212.82 	0.0088493 	21140 
213.32 	0.0087427 	21140 
213.82 	0.0085294 	21140 
214.32 	0.0084228 	21140 
214.82 	0.0083162 	21140 
215.32 	0.0081030 	21140 
215.82 	0.0079964 	21140 
216.32 	0.0079964 	21140 
216.82 	0.0079964 	21140 
217.32 	0.0078897 	21140 
217.82 	0.0078897 	21140 
218.32 	0.0078897 	21140 
218.82 	0.0077831 	21140 
219.32 	0.0076765 	21140 
219.82 	0.0075699 	21140 
220.32 	0.0074633 	21140 
220.82 	0.0074633 	21140 
221.32 	0.0073566 	21306 
221.82 	0.0073566 	21140 
222.32 	0.0073566 	21140 
222.82 	0.0073566 	21306 
223.32 	0.0072500 	21140 
223.82 	0.0073566 	21140 
224.32 	0.0072500 	20974 
224.82 	0.0072500 	21140 
225.32 	0.0072500 	20974 
225.82 	0.0072500 	21140 
226.32 	0.0072500 	21140 
226.82 	0.0071434 	21140 
227.32 	0.0072500 	21140 
227.82 	0.0072500 	21140 
228.32 	0.0072500 	21140 
228.82 	0.0072500 	21140 
229.32 	0.0072500 	21140 
229.82 	0.0072500 	21140 
230.32 	0.0072500 	21140 
230.82 	0.0073566 	21140 
231.32 	0.0073566 	21306 
231.82 	0.0073566 	21140 
232.32 	0.0073566 	21140 
232.82 	0.0072500 	21140 
233.32 	0.0073566 	21140 
233.82 	0.0074633 	21306 
234.32 	0.0074633 	21140 
234.82 	0.0074633 	21306 
235.32 	0.0074633 	21140 
235.82 	0.0075699 	21140 
236.32 	0.0075699 	21140 
236.82 	0.0075699 	21306 
237.32 	0.0075699 	21306 
237.82 	0.0075699 	21140 
238.32 	0.0076765 	21140 
238.82 	0.0076765 	21140 
239.32 	0.0076765 	21140 
239.82 	0.0077831 	21140 
240.32 	0.0077831 	20974 
240.82 	0.0078897 	21140 
241.32 	0.0079964 	21140 
241.82 	0.0078897 	20807 
242.32 	0.0077831 	20308 
242.78 	0.0076765 	19642 
243.28 	0.0075699 	19143 
243.78 	0.0074633 	18810 
244.28 	0.0073566 	18310 
244.78 	0.0072500 	17811 
245.28 	0.0072500 	17312 
245.78 	0.0072500 	16979 
246.28 	0.0072500 	16479 
246.78 	0.0072500 	16146 
247.25 	0.0072500 	15480 
247.70 	0.0073566 	14815 
248.12 	0.0074633 	14149 
248.58 	0.0078897 	13816 
249.03 	0.0083162 	13317 
249.43 	0.0087427 	12817 
249.87 	0.0091692 	12484 
250.28 	0.0094890 	11818 
250.62 	0.0099155 	11652 
250.80 	0.010342 	11486 
250.90 	0.010768 	11319 
250.95 	0.011195 	11153 
250.98 	0.012048 	11319 
251.00 	0.013221 	11319 
251.02 	0.012688 	11319 
251.03 	0.010342 	11319 
251.05 	0.0098089 	11319 
251.22 	0.0093824 	10986 
251.38 	0.0089559 	10820 
251.88 	0.0088493 	10320 
252.32 	0.0084228 	9820.9 
252.47 	0.0079964 	9820.9 
252.53 	0.0075699 	9654.5 
252.58 	0.0071434 	9488.0 
252.65 	0.0067169 	9488.0 
252.73 	0.0062905 	9321.6 
252.87 	0.0058640 	9321.6 
253.05 	0.0054375 	8988.7 
253.40 	0.0050111 	8655.8 
253.90 	0.0046912 	8322.8 
254.30 	0.0043713 	7657.0 
254.73 	0.0039449 	7157.6 
255.23 	0.0038383 	6991.2 
255.63 	0.0039449 	6325.4 
256.13 	0.0042647 	5992.4 
256.63 	0.0044780 	5493.1 
257.05 	0.0040515 	5160.2 
257.47 	0.0036250 	4660.8 
257.97 	0.0034118 	4161.4 
258.47 	0.0033052 	3828.5 
258.97 	0.0031985 	3329.1 
259.47 	0.0031985 	2996.2 
259.97 	0.0033052 	2663.3 
260.47 	0.0036250 	2496.9 
260.97 	0.0038383 	2496.9 
261.47 	0.0041581 	2663.3 
261.97 	0.0041581 	2496.9 
262.47 	0.0042647 	2330.4 
262.97 	0.0044780 	2330.4 
263.47 	0.0046912 	1997.5 
263.93 	0.0051177 	1997.5 
264.43 	0.0051177 	1831.0 
264.93 	0.0050111 	1831.0 
265.43 	0.0051177 	1831.0 
265.70 	0.0055441 	1997.5 
265.92 	0.0059706 	1997.5 
266.42 	0.0061839 	1831.0 
266.92 	0.0065037 	1831.0 
267.42 	0.0065037 	1831.0 
267.92 	0.0062905 	1664.6 
268.42 	0.0065037 	1831.0 
268.65 	0.0069302 	1831.0 
268.70 	0.0073566 	1664.6 
268.80 	0.0077831 	1831.0 
268.90 	0.0082096 	1831.0 
269.40 	0.0082096 	1831.0 
269.73 	0.0077831 	1664.6 
270.23 	0.0074633 	1664.6 
270.73 	0.0071434 	1664.6 
270.85 	0.0067169 	1664.6 
270.95 	0.0062905 	1664.6 
271.12 	0.0058640 	1831.0 
271.48 	0.0054375 	1664.6 
271.98 	0.0051177 	1664.6 
272.48 	0.0050111 	1664.6 
272.98 	0.0050111 	1664.6 
273.48 	0.0047978 	1664.6 
273.98 	0.0046912 	1664.6 
274.48 	0.0046912 	1664.6 
274.98 	0.0046912 	1498.1 
275.48 	0.0045846 	1498.1 
275.65 	0.0041581 	1498.1 
276.15 	0.0038383 	1498.1 
276.65 	0.0038383 	1331.7 
277.15 	0.0039449 	1331.7 
277.65 	0.0042647 	1165.2 
278.15 	0.0043713 	1331.7 
278.65 	0.0044780 	1165.2 
279.15 	0.0045846 	1165.2 
279.52 	0.0050111 	1165.2 
279.97 	0.0054375 	1165.2 
280.47 	0.0056508 	1165.2 
280.97 	0.0057574 	1165.2 
281.47 	0.0058640 	1165.2 
281.97 	0.0057574 	1165.2 
282.47 	0.0058640 	1165.2 
282.97 	0.0060772 	1165.2 
283.47 	0.0061839 	1165.2 
283.97 	0.0060772 	1165.2 
284.47 	0.0058640 	1165.2 
284.82 	0.0062905 	1165.2 
285.15 	0.0068236 	1165.2 
285.65 	0.0070368 	1165.2 
286.15 	0.0071434 	1165.2 
286.65 	0.0072500 	1165.2 
287.15 	0.0075699 	1165.2 
287.65 	0.0074633 	1165.2 
288.15 	0.0071434 	1165.2 
288.55 	0.0067169 	1165.2 
289.05 	0.0065037 	1165.2 
289.55 	0.0063971 	1165.2 
290.05 	0.0060772 	1165.2 
290.55 	0.0060772 	1165.2 
291.05 	0.0059706 	1165.2 
291.55 	0.0060772 	1165.2 
292.05 	0.0058640 	1165.2 
292.52 	0.0054375 	1165.2 
293.02 	0.0053309 	1331.7 
293.47 	0.0049044 	1165.2 
293.97 	0.0047978 	1165.2 
294.47 	0.0046912 	1165.2 
294.97 	0.0044780 	1165.2 
295.47 	0.0042647 	1165.2 
295.97 	0.0040515 	1165.2 
296.25 	0.0019191 	1165.2 
296.27 	-0.0001068 	998.74 
296.77 	0.00000 	1165.2 
297.27 	-0.0001068 	1165.2 
297.77 	0.00000 	1331.7 
298.27 	0.00000 	1165.2 
298.77 	0.00000 	1165.2 
299.27 	0.00010662 	1165.2 
299.77 	0.00010662 	1165.2 
300.27 	0.00010662 	1165.2 
300.77 	0.00021324 	998.74 
301.27 	0.00031985 	1165.2 
301.77 	0.00031985 	1331.7 
302.27 	0.00053309 	1165.2 
302.77 	0.00053309 	1165.2 
303.27 	0.00053309 	998.74 
303.77 	0.00063971 	1165.2 
304.27 	0.00063971 	1165.2 
304.77 	0.00063971 	1165.2 
305.27 	0.00074633 	1165.2 
305.77 	0.00074633 	1165.2 
306.27 	0.00085294 	1165.2 
306.77 	0.00085294 	1165.2 
307.27 	0.00095956 	1165.2 
307.77 	0.0011728 	1165.2 
308.27 	0.0012794 	1165.2 
308.77 	0.0014927 	1165.2 
309.27 	0.0015993 	1165.2 
309.77 	0.0018125 	1165.2 
310.27 	0.0019191 	1165.2 
310.77 	0.0021324 	1165.2 
311.27 	0.0021324 	1165.2 
311.77 	0.0024522 	1165.2 
312.27 	0.0026655 	1165.2 
312.77 	0.0027721 	1165.2 
313.20 	0.00074633 	1165.2 
313.22 	0.00010662 	1165.2 
313.72 	0.00021324 	1165.2 
314.22 	0.00042647 	1165.2 
314.72 	0.00053309 	1165.2 
315.22 	0.00063971 	1165.2 
315.35 	0.00010662 	1165.2 
315.73 	-0.0003204 	998.74 
316.23 	-0.0005341 	1165.2 
316.58 	0.00000 	1165.2 
317.08 	-0.0001068 	1165.2 
317.58 	-0.0003204 	1165.2 
317.77 	-0.0007478 	1165.2 
317.87 	-0.0011751 	1165.2 
317.98 	-0.0016025 	998.74 
318.12 	-0.0020298 	1165.2 
318.35 	-0.0024571 	998.74 
318.43 	-0.0007478 	1165.2 
318.45 	-0.0001068 	1165.2 
318.77 	-0.0005341 	1165.2 
319.27 	-0.0007478 	1331.7 
319.33 	-0.0001068 	1331.7 
319.83 	-0.0002136 	1331.7 
320.33 	-0.0001068 	1165.2 
320.83 	-0.0001068 	998.74 
321.33 	-0.0001068 	998.74 
321.83 	-0.0004273 	1165.2 
322.08 	0.00000 	1331.7 
322.58 	-0.0001068 	1165.2 
323.08 	-0.0001068 	1165.2 
323.58 	-0.0002136 	1498.1 
324.08 	-0.0003204 	1831.0 
324.58 	0.00000 	2163.9 
325.08 	0.00000 	2330.4 
325.58 	0.00000 	2496.9 
326.08 	-0.0001068 	2496.9 
326.58 	-0.0002136 	2663.3 
327.08 	-0.0001068 	2663.3 
327.58 	0.00010662 	3162.7 
327.98 	0.00031985 	3828.5 
328.30 	0.00053309 	4494.3 
328.72 	0.00074633 	5160.2 
329.22 	0.00095956 	5326.6 
329.72 	0.00085294 	5493.1 
329.98 	0.0010662 	6158.9 
330.38 	0.0012794 	6824.7 
330.75 	0.0015993 	7490.6 
331.23 	0.0019191 	8156.4 
331.45 	0.0021324 	8822.2 
331.88 	0.0023456 	9488.0 
332.35 	0.0026655 	10154 
332.78 	0.0028787 	10820 
333.28 	0.0031985 	11486 
333.78 	0.0034118 	11985 
334.27 	0.0036250 	12651 
334.77 	0.0039449 	13150 
335.27 	0.0041581 	13649 
335.77 	0.0043713 	14149 
336.27 	0.0045846 	14815 
336.77 	0.0047978 	15148 
337.27 	0.0049044 	15480 
337.77 	0.0051177 	15980 
338.27 	0.0052243 	16479 
338.77 	0.0054375 	16979 
339.17 	0.0057574 	17644 
339.63 	0.0060772 	18310 
340.13 	0.0062905 	18810 
340.57 	0.0063971 	19475 
341.07 	0.0066103 	19808 
341.43 	0.0068236 	20474 
341.93 	0.0070368 	20807 
342.43 	0.0070368 	20974 
342.93 	0.0071434 	20974 
343.43 	0.0071434 	21140 
343.93 	0.0071434 	21140 
344.43 	0.0071434 	21140 
344.93 	0.0071434 	21140 
345.43 	0.0071434 	21140 
345.93 	0.0071434 	21140 
346.43 	0.0071434 	21140 
346.93 	0.0071434 	21140 
347.43 	0.0071434 	21140 
347.93 	0.0071434 	21140 
348.43 	0.0071434 	21140 
348.93 	0.0071434 	21140 
349.43 	0.0071434 	20974 
349.93 	0.0070368 	20974 
350.43 	0.0071434 	21140 
350.93 	0.0071434 	21140 
351.43 	0.0071434 	21140 
351.93 	0.0071434 	21140 
352.43 	0.0071434 	21140 
352.93 	0.0070368 	20974 
353.43 	0.0071434 	21140 
353.93 	0.0071434 	21306 
354.43 	0.0071434 	21140 
354.93 	0.0071434 	21140 
355.43 	0.0071434 	21140 
355.93 	0.0071434 	21140 
356.43 	0.0071434 	21140 
356.93 	0.0071434 	21140 
357.43 	0.0071434 	21140 
357.93 	0.0070368 	21140 
358.43 	0.0070368 	21140 
358.93 	0.0071434 	21140 
359.43 	0.0071434 	21140 
359.93 	0.0071434 	21140 
360.43 	0.0071434 	20974 
360.93 	0.0071434 	21140 
361.43 	0.0071434 	21140 
361.93 	0.0071434 	21140 
362.43 	0.0071434 	21140 
362.93 	0.0070368 	21140 
363.43 	0.0071434 	20974 
363.93 	0.0070368 	21140 
364.43 	0.0070368 	21140 
364.93 	0.0070368 	21140 
365.43 	0.0070368 	20974 
365.93 	0.0071434 	21140 
366.43 	0.0070368 	21140 
366.93 	0.0071434 	21140 
367.43 	0.0070368 	21140 
367.93 	0.0070368 	20974 
368.43 	0.0071434 	20974 
368.93 	0.0071434 	21306 
369.43 	0.0070368 	21306 
369.93 	0.0070368 	21140 
370.43 	0.0070368 	21140 
370.93 	0.0069302 	21140 
371.43 	0.0070368 	21140 
371.93 	0.0070368 	21140 
372.43 	0.0070368 	21140 
372.93 	0.0070368 	21140 
373.43 	0.0069302 	21140 
373.93 	0.0070368 	20974 
374.43 	0.0070368 	21140 
374.93 	0.0069302 	21140 
375.43 	0.0069302 	21140 
375.93 	0.0069302 	21140 
376.43 	0.0069302 	21140 
376.93 	0.0069302 	21140 
377.43 	0.0069302 	21140 
377.93 	0.0069302 	21140 
378.43 	0.0069302 	21140 
378.93 	0.0069302 	21140 
379.43 	0.0068236 	21140 
379.93 	0.0068236 	21140 
380.43 	0.0068236 	21140 
380.93 	0.0068236 	21140 
381.43 	0.0068236 	21140 
381.93 	0.0068236 	21140 
382.43 	0.0067169 	21306 
382.93 	0.0068236 	21306 
383.43 	0.0067169 	21140 
383.93 	0.0067169 	20974 
384.43 	0.0066103 	21140 
384.93 	0.0066103 	21306 
385.43 	0.0066103 	21140 
385.93 	0.0066103 	21140 
386.43 	0.0065037 	21140 
386.93 	0.0065037 	21140 
387.43 	0.0065037 	21140 
387.93 	0.0065037 	21140 
388.43 	0.0065037 	21306 
388.93 	0.0065037 	21140 
389.43 	0.0065037 	21140 
389.93 	0.0065037 	21140 
390.43 	0.0065037 	21140 
390.93 	0.0065037 	21306 
391.43 	0.0063971 	21140 
391.93 	0.0065037 	20974 
392.43 	0.0063971 	21140 
392.93 	0.0065037 	21140 
393.43 	0.0065037 	21140 
393.93 	0.0065037 	21140 
394.43 	0.0065037 	21140 
394.93 	0.0063971 	21140 
395.43 	0.0063971 	21140 
395.93 	0.0063971 	21140 
396.43 	0.0063971 	21306 
396.93 	0.0063971 	21140 
397.43 	0.0063971 	21140 
397.93 	0.0063971 	21140 
398.43 	0.0063971 	21140 
398.93 	0.0063971 	21140 
399.43 	0.0063971 	21306 
399.93 	0.0063971 	21140 
400.43 	0.0063971 	21140 
400.93 	0.0062905 	21140 
401.43 	0.0062905 	21140 
401.93 	0.0063971 	21140 
402.43 	0.0063971 	21140 
402.88 	0.0061839 	20474 
403.38 	0.0059706 	19975 
403.88 	0.0057574 	19642 
404.33 	0.0056508 	18976 
404.83 	0.0054375 	18477 
405.33 	0.0052243 	18144 
405.83 	0.0051177 	17644 
406.33 	0.0047978 	17145 
406.83 	0.0046912 	16812 
407.33 	0.0045846 	16479 
407.83 	0.0043713 	15980 
408.17 	0.0041581 	15314 
408.65 	0.0039449 	14648 
409.15 	0.0036250 	14149 
409.60 	0.0034118 	13483 
410.10 	0.0031985 	12984 
410.60 	0.0028787 	12484 
411.10 	0.0026655 	11985 
411.57 	0.0024522 	11319 
412.07 	0.0022390 	10986 
412.57 	0.0020257 	10653 
412.87 	0.0019191 	9987.4 
413.37 	0.0017059 	9654.5 
413.85 	0.0013860 	8988.7 
414.35 	0.0011728 	8489.3 
414.85 	0.00085294 	8156.4 
415.32 	0.00053309 	7490.6 
415.82 	0.00031985 	6991.2 
416.32 	0.00021324 	6824.7 
416.68 	0.00021324 	6158.9 
417.18 	0.00021324 	5826.0 
417.67 	0.00031985 	5160.2 
418.17 	0.00053309 	4993.7 
418.52 	0.00063971 	4327.9 
419.02 	0.00053309 	3995.0 
419.52 	0.00063971 	3662.0 
420.02 	0.00074633 	3329.1 
420.52 	0.00085294 	2829.8 
421.02 	0.00095956 	2663.3 
421.52 	0.00095956 	2496.9 
422.02 	0.0010662 	2496.9 
422.40 	0.0014927 	2663.3 
422.77 	0.0019191 	2663.3 
423.05 	0.0023456 	2496.9 
423.27 	0.0027721 	2496.9 
423.47 	0.0031985 	2496.9 
423.72 	0.0036250 	2330.4 
424.22 	0.0035184 	2163.9 
424.72 	0.0038383 	1997.5 
425.22 	0.0038383 	1997.5 
425.72 	0.0036250 	1831.0 
426.22 	0.0036250 	1997.5 
426.72 	0.0036250 	1997.5 
427.22 	0.0037316 	1831.0 
427.72 	0.0037316 	1831.0 
428.22 	0.0038383 	1831.0 
428.72 	0.0038383 	1831.0 
429.22 	0.0038383 	1831.0 
429.72 	0.0038383 	1831.0 
430.22 	0.0037316 	1831.0 
430.72 	0.0037316 	1831.0 
431.22 	0.0037316 	1831.0 
431.72 	0.0037316 	1831.0 
432.22 	0.0035184 	1831.0 
432.72 	0.0034118 	1831.0 
433.22 	0.0033052 	1664.6 
433.72 	0.0033052 	1664.6 
434.22 	0.0031985 	1664.6 
434.72 	0.0030919 	1498.1 
435.22 	0.0030919 	1498.1 
435.72 	0.0029853 	1498.1 
436.13 	-0.0001068 	1331.7 
436.63 	-0.0001068 	1331.7 
437.13 	0.00000 	1331.7 
437.63 	-0.0001068 	1331.7 
438.13 	0.00000 	1165.2 
438.63 	0.00000 	1165.2 
439.13 	0.00000 	1165.2 
439.63 	0.00000 	1165.2 
440.13 	0.00000 	1165.2 
440.63 	0.00010662 	1165.2 
441.13 	0.00000 	1165.2 
441.63 	0.00010662 	1165.2 
442.13 	0.00000 	1165.2 
442.63 	0.00000 	1165.2 
443.13 	-0.0001068 	1165.2 
443.63 	-0.0001068 	1165.2 
444.13 	-0.0001068 	1165.2 
444.63 	-0.0002136 	1165.2 
445.13 	-0.0002136 	1165.2 
445.63 	-0.0002136 	998.74 
446.13 	0.00000 	1165.2 
446.63 	-0.0001068 	1165.2 
447.13 	-0.0001068 	1165.2 
447.63 	-0.0001068 	1165.2 
448.13 	-0.0001068 	1331.7 
448.63 	-0.0001068 	1331.7 
449.13 	-0.0002136 	1165.2 
449.63 	-0.0002136 	1165.2 
450.13 	-0.0002136 	1165.2 
450.63 	-0.0002136 	1331.7 
451.13 	-0.0002136 	1165.2 
451.63 	0.00000 	1165.2 
452.13 	0.00000 	1165.2 
452.63 	0.00000 	1331.7 
453.13 	0.00000 	1165.2 
453.63 	0.00000 	1165.2 
454.13 	0.00000 	1165.2 
454.63 	-0.0001068 	1165.2 
455.13 	0.00000 	1165.2 
455.63 	0.00000 	1165.2 
456.13 	0.00000 	1165.2 
456.63 	0.00000 	1165.2 
457.13 	0.00000 	998.74 
457.63 	0.00010662 	1165.2 
458.13 	0.00010662 	1331.7 
458.63 	0.00021324 	1165.2 
459.13 	0.00021324 	1165.2 
459.63 	0.00021324 	998.74 
460.13 	0.00031985 	1165.2 
460.63 	0.00031985 	1331.7 
461.13 	0.00042647 	1165.2 
461.42 	0.00000 	1165.2 
461.92 	0.00000 	1165.2 
462.42 	0.00010662 	1165.2 
462.92 	0.00021324 	1165.2 
463.42 	0.00010662 	1331.7 
463.92 	0.00021324 	1331.7 
464.42 	0.00021324 	1165.2 
464.92 	0.00021324 	1165.2 
465.42 	0.00000 	1165.2 
465.92 	0.00000 	1165.2 
466.42 	0.00010662 	1331.7 
466.92 	0.00010662 	1165.2 
467.42 	0.00010662 	1165.2 
467.92 	0.00010662 	1165.2 
468.42 	0.00010662 	1331.7 
468.92 	0.00000 	1331.7 
469.42 	0.00010662 	1165.2 
469.92 	0.00000 	998.74 
470.42 	0.00010662 	1165.2 
470.92 	0.00010662 	1165.2 
471.42 	0.00010662 	1331.7 
471.92 	0.00010662 	1165.2 
472.42 	0.00010662 	1165.2 
472.92 	0.00010662 	1165.2 
473.42 	0.00010662 	1165.2 
473.92 	0.00021324 	1331.7 
474.42 	0.00021324 	1331.7 
474.92 	0.00010662 	998.74 
475.42 	0.00010662 	1165.2 
475.92 	0.00010662 	1165.2 
476.42 	0.00000 	1165.2 
476.92 	0.00000 	1165.2 
477.42 	-0.0001068 	1165.2 
477.92 	-0.0001068 	1165.2 
478.42 	-0.0001068 	998.74 
478.92 	-0.0001068 	1165.2 
479.42 	-0.0001068 	1165.2 
479.92 	-0.0001068 	1331.7 
480.42 	-0.0001068 	1165.2 
480.92 	-0.0001068 	1165.2 
481.42 	-0.0001068 	1165.2 
481.92 	0.00000 	1165.2 
482.42 	-0.0001068 	1331.7 
482.92 	-0.0001068 	1165.2 
483.42 	-0.0001068 	1165.2 
483.53 	-0.0001068 	1165.2 
484.03 	-0.0001068 	1165.2 
484.53 	-0.0002136 	1165.2 
485.03 	0.00000 	1165.2 
485.53 	0.00000 	1331.7 
486.03 	0.00000 	1165.2 
486.53 	0.00000 	1165.2 
487.03 	0.00010662 	1165.2 
487.53 	0.00000 	1165.2 
488.03 	0.00010662 	1165.2 
488.53 	0.00010662 	1165.2 
489.03 	0.00010662 	998.74 
489.53 	0.00010662 	1165.2 
490.03 	0.00010662 	1165.2 
490.53 	0.00010662 	1165.2 
491.03 	0.00021324 	1165.2 
491.53 	0.00010662 	998.74 
492.03 	0.00021324 	998.74 
492.53 	0.00021324 	1165.2 
493.03 	0.00021324 	1165.2 
493.53 	0.00021324 	1165.2 
494.03 	0.00021324 	1165.2 
494.53 	0.00021324 	1165.2 
495.03 	0.00031985 	1165.2 
495.53 	0.00031985 	1165.2 
496.03 	0.00031985 	1165.2 
496.53 	0.00031985 	1165.2 
497.03 	0.00031985 	1165.2 
497.53 	0.00031985 	1331.7 
498.03 	0.00031985 	1331.7 
498.53 	0.00031985 	998.74 
499.03 	0.00031985 	1165.2 
499.53 	0.00031985 	1165.2 
500.03 	0.00042647 	1165.2 
500.53 	0.00042647 	1165.2 
501.03 	0.00042647 	1331.7 
501.53 	0.00042647 	1165.2 
502.03 	0.00031985 	998.74 
502.53 	0.00042647 	1165.2 
503.03 	0.00042647 	1165.2 
503.53 	0.00042647 	1165.2 
504.03 	0.00042647 	1165.2 
504.53 	0.00042647 	1165.2 
505.03 	0.00053309 	998.74 
505.53 	0.00063971 	1165.2 
506.03 	0.00063971 	1165.2 
506.53 	0.00063971 	1331.7 
507.03 	0.00074633 	1165.2 
507.53 	0.00074633 	1165.2 
507.57 	0.00000 	1165.2 
508.07 	0.00000 	1165.2 
508.57 	0.00010662 	1165.2 
509.07 	0.00021324 	1331.7 
509.57 	0.00021324 	1331.7 
510.07 	0.00000 	1165.2 
510.57 	0.00010662 	1165.2 
511.07 	0.00010662 	1165.2 
511.57 	0.00021324 	1165.2 
512.07 	0.00010662 	1331.7 
512.57 	0.00000 	1165.2 
513.07 	-0.0001068 	1165.2 
513.53 	0.00000 	1165.2 
514.03 	-0.0001068 	1165.2 
514.53 	0.00000 	1165.2 
515.03 	0.00000 	1165.2 
515.53 	0.00010662 	1498.1 
516.03 	0.00021324 	1831.0 
516.53 	0.00031985 	2163.9 
517.03 	0.00031985 	2496.9 
517.53 	0.00042647 	2663.3 
518.03 	0.00053309 	2663.3 
518.53 	0.00042647 	2663.3 
519.03 	0.00053309 	2829.8 
519.53 	0.00063971 	3329.1 
519.88 	0.00085294 	3995.0 
520.25 	0.0010662 	4660.8 
520.68 	0.0013860 	5326.6 
521.18 	0.0014927 	5659.5 
521.68 	0.0014927 	5659.5 
521.97 	0.0017059 	6325.4 
522.35 	0.0019191 	6991.2 
522.67 	0.0022390 	7657.0 
523.12 	0.0025588 	8322.8 
523.50 	0.0027721 	8988.7 
523.95 	0.0030919 	9654.5 
524.37 	0.0034118 	10320 
524.85 	0.0037316 	10986 
525.35 	0.0039449 	11486 
525.72 	0.0041581 	12151 
526.22 	0.0043713 	12651 
526.72 	0.0046912 	13150 
527.17 	0.0049044 	13816 
527.67 	0.0050111 	14149 
528.17 	0.0053309 	14648 
528.67 	0.0055441 	15148 
529.17 	0.0057574 	15480 
529.67 	0.0058640 	15980 
530.17 	0.0060772 	16479 
530.67 	0.0062905 	16979 
531.02 	0.0065037 	17644 
531.48 	0.0067169 	18310 
531.98 	0.0070368 	18810 
532.43 	0.0072500 	19475 
532.93 	0.0074633 	19808 
533.40 	0.0076765 	20474 
533.90 	0.0077831 	20807 
534.40 	0.0078897 	20974 
534.90 	0.0078897 	20974 
535.40 	0.0079964 	21140 
535.90 	0.0079964 	21140 
536.40 	0.0078897 	21140 
536.90 	0.0078897 	20974 
537.40 	0.0077831 	21140 
537.90 	0.0078897 	21140 
538.40 	0.0078897 	21140 
538.90 	0.0077831 	21140 
539.40 	0.0076765 	20974 
539.90 	0.0075699 	21140 
540.40 	0.0074633 	21140 
540.90 	0.0073566 	21306 
541.40 	0.0071434 	21140 
541.90 	0.0070368 	20974 
542.40 	0.0068236 	21140 
542.90 	0.0067169 	21140 
543.40 	0.0063971 	21140 
543.90 	0.0061839 	20974 
544.40 	0.0058640 	21140 
544.90 	0.0057574 	21140 
545.40 	0.0055441 	21140 
545.90 	0.0055441 	21140 
546.40 	0.0055441 	21140 
546.80 	0.0051177 	21140 
547.30 	0.0050111 	21140 
547.80 	0.0049044 	21140 
548.30 	0.0047978 	21140 
548.80 	0.0047978 	21140 
549.30 	0.0047978 	21140 
549.80 	0.0047978 	21140 
550.30 	0.0047978 	21140 
550.80 	0.0046912 	21140 
551.30 	0.0045846 	21140 
551.80 	0.0045846 	21140 
552.30 	0.0045846 	20974 
552.80 	0.0044780 	20974 
553.30 	0.0045846 	21140 
553.80 	0.0045846 	21140 
554.30 	0.0044780 	21140 
554.80 	0.0044780 	21140 
555.30 	0.0044780 	21140 
555.80 	0.0043713 	21140 
556.30 	0.0044780 	21140 
556.80 	0.0043713 	21140 
557.30 	0.0044780 	21140 
557.80 	0.0044780 	21140 
558.30 	0.0043713 	21140 
558.80 	0.0043713 	21140 
559.30 	0.0044780 	21306 
559.80 	0.0044780 	21140 
560.30 	0.0043713 	21140 
560.80 	0.0043713 	21140 
561.30 	0.0043713 	21140 
561.80 	0.0043713 	21306 
562.30 	0.0043713 	21306 
562.80 	0.0043713 	21140 
563.30 	0.0043713 	21140 
563.80 	0.0043713 	21140 
564.30 	0.0043713 	21140 
564.80 	0.0042647 	21140 
565.30 	0.0042647 	21140 
565.80 	0.0042647 	21140 
566.30 	0.0042647 	21140 
566.80 	0.0043713 	21140 
567.30 	0.0042647 	21306 
567.80 	0.0042647 	21140 
568.30 	0.0042647 	21140 
568.80 	0.0041581 	21140 
569.30 	0.0042647 	21140 
569.80 	0.0042647 	21140 
570.30 	0.0042647 	21140 
570.80 	0.0042647 	21140 
571.30 	0.0042647 	21140 
571.80 	0.0042647 	20974 
572.30 	0.0042647 	21140 
572.80 	0.0042647 	21140 
573.30 	0.0042647 	21140 
573.80 	0.0042647 	21140 
574.30 	0.0042647 	21140 
574.80 	0.0042647 	21140 
575.30 	0.0042647 	21140 
575.80 	0.0042647 	21140 
576.30 	0.0042647 	21140 
576.80 	0.0042647 	21140 
577.30 	0.0043713 	21140 
577.80 	0.0042647 	20974 
578.30 	0.0042647 	21140 
578.80 	0.0042647 	21140 
579.30 	0.0043713 	21140 
579.80 	0.0042647 	21306 
580.30 	0.0043713 	21140 
580.80 	0.0042647 	21140 
581.30 	0.0042647 	21140 
581.80 	0.0042647 	21140 
582.30 	0.0042647 	21140 
582.80 	0.0042647 	21140 
583.30 	0.0042647 	21140 
583.80 	0.0042647 	21140 
584.30 	0.0043713 	21140 
584.80 	0.0043713 	21140 
585.30 	0.0042647 	20974 
585.80 	0.0043713 	21140 
586.30 	0.0042647 	21140 
586.80 	0.0042647 	21140 
587.30 	0.0042647 	21140 
587.80 	0.0043713 	21140 
588.30 	0.0042647 	21140 
588.80 	0.0043713 	21140 
589.30 	0.0042647 	21140 
589.80 	0.0042647 	21140 
590.30 	0.0043713 	21140 
590.80 	0.0043713 	21140 
591.30 	0.0043713 	21306 
591.80 	0.0042647 	21306 
592.30 	0.0042647 	21140 
592.80 	0.0042647 	21140 
593.30 	0.0042647 	21140 
593.77 	0.0043713 	21306 
594.27 	0.0043713 	21140 
594.77 	0.0043713 	21140 
595.27 	0.0042647 	20974 
595.77 	0.0042647 	21140 
596.27 	0.0042647 	21140 
596.77 	0.0043713 	21306 
597.27 	0.0043713 	21140 
597.77 	0.0043713 	21140 
598.27 	0.0042647 	21140 
598.77 	0.0043713 	20974 
599.27 	0.0043713 	21140 
599.77 	0.0043713 	21140 
600.27 	0.0043713 	21140 
600.77 	0.0043713 	21140 
601.27 	0.0043713 	21140 
601.77 	0.0042647 	21140 
602.27 	0.0043713 	21140 
602.77 	0.0043713 	21140 
603.27 	0.0043713 	21140 
603.77 	0.0043713 	21140 
604.27 	0.0043713 	21140 
604.77 	0.0043713 	21140 
605.27 	0.0043713 	21140 
605.77 	0.0043713 	21140 
606.27 	0.0043713 	21140 
606.77 	0.0043713 	21140 
607.27 	0.0044780 	21140 
607.77 	0.0044780 	21140 
608.27 	0.0043713 	21140 
608.77 	0.0044780 	21140 
609.27 	0.0044780 	21140 
609.77 	0.0044780 	21140 
610.27 	0.0044780 	21140 
610.77 	0.0044780 	21140 
611.27 	0.0045846 	21140 
611.77 	0.0044780 	21140 
612.27 	0.0044780 	21140 
612.77 	0.0044780 	21140 
613.27 	0.0044780 	20974 
613.77 	0.0045846 	21140 
614.27 	0.0045846 	21306 
614.77 	0.0045846 	21140 
615.27 	0.0045846 	21140 
615.77 	0.0045846 	21140 
616.27 	0.0045846 	20974 
616.77 	0.0045846 	21140 
617.27 	0.0046912 	21306 
617.77 	0.0046912 	21140 
618.27 	0.0046912 	21140 
618.77 	0.0046912 	21140 
619.27 	0.0046912 	21140 
619.77 	0.0045846 	21140 
620.27 	0.0046912 	21140 
620.77 	0.0046912 	21140 
621.27 	0.0046912 	21306 
621.77 	0.0047978 	21140 
622.27 	0.0047978 	21140 
622.77 	0.0046912 	21140 
623.27 	0.0046912 	21140 
623.75 	0.0046912 	21140 
624.25 	0.0047978 	21140 
624.75 	0.0047978 	21140 
625.25 	0.0047978 	21140 
625.75 	0.0047978 	21140 
626.25 	0.0047978 	21140 
626.75 	0.0047978 	21140 
627.25 	0.0047978 	21140 
627.75 	0.0047978 	21140 
628.25 	0.0047978 	21140 
628.75 	0.0047978 	21140 
629.25 	0.0047978 	21140 
629.75 	0.0047978 	21306 
630.25 	0.0047978 	21140 
630.75 	0.0047978 	21140 
631.25 	0.0047978 	21140 
631.75 	0.0047978 	21140 
632.25 	0.0047978 	21140 
632.75 	0.0047978 	21140 
633.25 	0.0047978 	21140 
633.75 	0.0047978 	21140 
634.25 	0.0047978 	21140 
634.75 	0.0047978 	21140 
635.25 	0.0047978 	21140 
635.75 	0.0047978 	21140 
636.25 	0.0047978 	21140 
636.75 	0.0047978 	21140 
637.25 	0.0047978 	21140 
637.75 	0.0047978 	21306 
638.25 	0.0047978 	21140 
638.75 	0.0047978 	20974 
639.25 	0.0047978 	21140 
639.75 	0.0047978 	21140 
640.25 	0.0047978 	21140 
640.75 	0.0047978 	21140 
641.25 	0.0047978 	21140 
641.75 	0.0047978 	20974 
642.25 	0.0047978 	20974 
642.75 	0.0047978 	21140 
643.25 	0.0047978 	21140 
643.75 	0.0047978 	21140 
644.25 	0.0047978 	21140 
644.75 	0.0047978 	21140 
645.25 	0.0047978 	21140 
645.75 	0.0047978 	21140 
646.25 	0.0047978 	21140 
646.75 	0.0047978 	21140 
647.25 	0.0047978 	20974 
647.75 	0.0047978 	21140 
648.25 	0.0047978 	21140 
648.75 	0.0047978 	21140 
649.25 	0.0047978 	21140 
649.75 	0.0047978 	21140 
650.25 	0.0047978 	20974 
650.75 	0.0047978 	21140 
651.25 	0.0047978 	21140 
651.75 	0.0047978 	21140 
652.25 	0.0047978 	21140 
652.75 	0.0047978 	21140 
653.25 	0.0047978 	21140 
653.75 	0.0047978 	21140 
654.25 	0.0047978 	21140 
654.75 	0.0047978 	21140 
655.25 	0.0047978 	21140 
655.75 	0.0047978 	21140 
656.25 	0.0047978 	21140 
656.75 	0.0047978 	21140 
657.25 	0.0047978 	21306 
657.75 	0.0047978 	21306 
658.25 	0.0047978 	21140 
658.75 	0.0047978 	20974 
659.25 	0.0047978 	20974 
659.75 	0.0047978 	21140 
660.25 	0.0047978 	21473 
660.75 	0.0047978 	21306 
661.25 	0.0047978 	21140 
661.75 	0.0047978 	20974 
662.25 	0.0047978 	21140 
662.75 	0.0047978 	21140 
663.25 	0.0047978 	21306 
663.75 	0.0047978 	21140 
664.25 	0.0047978 	21140 
664.75 	0.0047978 	20974 
665.25 	0.0047978 	20974 
665.75 	0.0047978 	21140 
666.25 	0.0047978 	21140 
666.75 	0.0047978 	21140 
667.25 	0.0047978 	21306 
667.75 	0.0047978 	21140 
668.25 	0.0047978 	21140 
668.75 	0.0047978 	21140 
669.25 	0.0047978 	21140 
669.75 	0.0047978 	21306 
670.25 	0.0047978 	21140 
670.75 	0.0047978 	21140 
671.25 	0.0047978 	21140 
671.75 	0.0047978 	21140 
672.25 	0.0047978 	21140 
672.75 	0.0047978 	21306 
673.25 	0.0047978 	21140 
673.75 	0.0047978 	21140 
674.25 	0.0047978 	21140 
674.75 	0.0047978 	21140 
675.25 	0.0047978 	21306 
675.75 	0.0047978 	21140 
676.25 	0.0047978 	21306 
676.75 	0.0047978 	21140 
677.25 	0.0047978 	21140 
677.75 	0.0047978 	20974 
678.25 	0.0047978 	21140 
678.75 	0.0047978 	21306 
679.25 	0.0047978 	21306 
679.75 	0.0047978 	21140 
680.25 	0.0047978 	21140 
680.75 	0.0047978 	21140 
681.25 	0.0047978 	21140 
681.75 	0.0047978 	21140 
682.25 	0.0047978 	21140 
682.75 	0.0047978 	21306 
683.25 	0.0047978 	21140 
683.75 	0.0047978 	21140 
684.25 	0.0047978 	21140 
684.75 	0.0047978 	21140 
685.25 	0.0047978 	20974 
685.75 	0.0047978 	20974 
686.25 	0.0047978 	21140 
686.75 	0.0047978 	21140 
687.25 	0.0047978 	21140 
687.75 	0.0047978 	21140 
688.25 	0.0047978 	21140 
688.75 	0.0047978 	21140 
689.25 	0.0047978 	21140 
689.75 	0.0047978 	21140 
690.25 	0.0047978 	21140 
690.75 	0.0047978 	20974 
691.25 	0.0047978 	21140 
691.75 	0.0047978 	21140 
692.25 	0.0047978 	21140 
692.75 	0.0047978 	21140 
693.25 	0.0047978 	21140 
693.75 	0.0047978 	21140 
694.25 	0.0047978 	21306 
694.75 	0.0047978 	21140 
695.25 	0.0047978 	21140 
695.75 	0.0047978 	21140 
696.25 	0.0047978 	21140 
696.75 	0.0047978 	21140 
697.17 	0.0047978 	21806 
697.67 	0.0047978 	22305 
698.17 	0.0047978 	22805 
698.67 	0.0047978 	23304 
699.17 	0.0047978 	23803 
699.67 	0.0047978 	24303 
700.17 	0.0047978 	24802 
700.67 	0.0047978 	25301 
701.17 	0.0047978 	25801 
701.67 	0.0047978 	26300 
702.17 	0.0047978 	26800 
702.63 	0.0047978 	27465 
703.13 	0.0047978 	27798 
703.62 	0.0047978 	28464 
704.12 	0.0047978 	28963 
704.62 	0.0047978 	29463 
705.12 	0.0047978 	29796 
705.58 	0.0047978 	30462 
706.08 	0.0047978 	30795 
706.50 	0.0047978 	31460 
707.00 	0.0047978 	31793 
707.47 	0.0047978 	32459 
707.97 	0.0047978 	32792 
708.47 	0.0047978 	33291 
708.97 	0.0047978 	33791 
709.47 	0.0047978 	34290 
709.88 	0.0047978 	34956 
710.38 	0.0047978 	35455 
710.88 	0.0047978 	35955 
711.38 	0.0047978 	36454 
711.82 	0.0047978 	37120 
712.30 	0.0047978 	37786 
712.80 	0.0047978 	38285 
713.30 	0.0047978 	38784 
713.80 	0.0047978 	39284 
714.20 	0.0047978 	39950 
714.70 	0.0047978 	40449 
715.20 	0.0047978 	40948 
715.70 	0.0047978 	41448 
716.20 	0.0047978 	41947 
716.68 	0.0047978 	42613 
717.18 	0.0047978 	42946 
717.68 	0.0047978 	43445 
718.08 	0.0047978 	44111 
718.58 	0.0047978 	44610 
719.08 	0.0047978 	44943 
719.45 	0.0047978 	45609 
719.95 	0.0047978 	45942 
720.43 	0.0047978 	46608 
720.93 	0.0047978 	47107 
721.43 	0.0047978 	47607 
721.93 	0.0047978 	48106 
722.43 	0.0047978 	48605 
722.92 	0.0047978 	49271 
723.42 	0.0047978 	49771 
723.92 	0.0047978 	50103 
724.28 	0.0047978 	50769 
724.78 	0.0047978 	51102 
725.23 	0.0047978 	51768 
725.73 	0.0047978 	52101 
726.20 	0.0047978 	52767 
726.70 	0.0047978 	53266 
727.20 	0.0047978 	53766 
727.70 	0.0047978 	54265 
728.20 	0.0047978 	54764 
728.70 	0.0047978 	55430 
729.20 	0.0047978 	55763 
729.65 	0.0047978 	56429 
730.15 	0.0047978 	56928 
730.65 	0.0047978 	57428 
731.15 	0.0047978 	57927 
731.65 	0.0047978 	58426 
732.05 	0.0047978 	59092 
732.55 	0.0047978 	59425 
733.05 	0.0047978 	60091 
733.55 	0.0047978 	60590 
734.05 	0.0047978 	61090 
734.55 	0.0047978 	61589 
735.05 	0.0047978 	62088 
735.55 	0.0047978 	62588 
736.00 	0.0047978 	63254 
736.50 	0.0047978 	63753 
737.00 	0.0047978 	64252 
737.50 	0.0047978 	64752 
738.00 	0.0047978 	65251 
738.50 	0.0047978 	65750 
738.95 	0.0047978 	66416 
739.45 	0.0047978 	66749 
739.90 	0.0047978 	67415 
740.40 	0.0047978 	67748 
740.80 	0.0047978 	68414 
741.30 	0.0047978 	68747 
741.72 	0.0047978 	69412 
742.22 	0.0047978 	69745 
742.72 	0.0047978 	70245 
743.12 	0.0047978 	70911 
743.62 	0.0047978 	71244 
744.12 	0.0047978 	71743 
744.62 	0.0047978 	72409 
745.12 	0.0047978 	72908 
745.62 	0.0047978 	73407 
746.12 	0.0047978 	74073 
746.62 	0.0047978 	74406 
747.07 	0.0047978 	75072 
747.57 	0.0047978 	75571 
748.07 	0.0047978 	76071 
748.57 	0.0047978 	76737 
749.07 	0.0047978 	77236 
749.57 	0.0047978 	77735 
750.07 	0.0047978 	78235 
750.57 	0.0047978 	78734 
751.07 	0.0047978 	79233 
751.57 	0.0047978 	79733 
752.05 	0.0047978 	80399 
752.55 	0.0047978 	80732 
753.02 	0.0047978 	81397 
753.52 	0.0047978 	81897 
754.02 	0.0047978 	82396 
754.52 	0.0047978 	82895 
754.88 	0.0047978 	83561 
755.38 	0.0047978 	83728 
755.82 	0.0047978 	84394 
756.32 	0.0047978 	84893 
756.82 	0.0047978 	85226 
757.25 	0.0047978 	85892 
757.75 	0.0047978 	86391 
758.25 	0.0047978 	86890 
758.75 	0.0047978 	87556 
759.25 	0.0047978 	87889 
759.75 	0.0047978 	88555 
760.25 	0.0047978 	89054 
760.75 	0.0047978 	89554 
761.25 	0.0047978 	90053 
761.73 	0.0047978 	90719 
762.23 	0.0047978 	91052 
762.72 	0.0047978 	91718 
763.22 	0.0047978 	92051 
763.65 	0.0047978 	92716 
764.15 	0.0047978 	93216 
764.65 	0.0047978 	93715 
765.15 	0.0047978 	94215 
765.65 	0.0047978 	94714 
766.10 	0.0047978 	95380 
766.60 	0.0047978 	95713 
767.08 	0.0047978 	96378 
767.58 	0.0047978 	96711 
767.97 	0.0047978 	97377 
768.47 	0.0047978 	97710 
768.87 	0.0047978 	98376 
769.37 	0.0047978 	98709 
769.87 	0.0047978 	99208 
770.35 	0.0047978 	99874 
770.85 	0.0047978 	100370 
771.35 	0.0047978 	100870 
771.85 	0.0047978 	101370 
772.35 	0.0047978 	101870 
772.82 	0.0047978 	102540 
773.32 	0.0047978 	103040 
773.82 	0.0047978 	103540 
774.32 	0.0047978 	104040 
774.82 	0.0047978 	104530 
775.32 	0.0047978 	105030 
775.82 	0.0047978 	105530 
776.28 	0.0047978 	106200 
776.78 	0.0047978 	106530 
777.18 	0.0047978 	107200 
777.68 	0.0047978 	107700 
778.18 	0.0047978 	108200 
778.68 	0.0047978 	108530 
779.07 	0.0047978 	109200 
779.57 	0.0047978 	109530 
780.00 	0.0047978 	110190 
780.50 	0.0047978 	110690 
781.00 	0.0047978 	111030 
781.42 	0.0047978 	111690 
781.92 	0.0047978 	112190 
782.42 	0.0047978 	112690 
782.92 	0.0047978 	113190 
783.42 	0.0047978 	113690 
783.92 	0.0047978 	114190 
784.37 	0.0047978 	114860 
784.87 	0.0047978 	115190 
785.30 	0.0047978 	115850 
785.80 	0.0047978 	116350 
786.30 	0.0047978 	116850 
786.80 	0.0047978 	117350 
787.28 	0.0047978 	118020 
787.78 	0.0047978 	118350 
788.27 	0.0047978 	119020 
788.77 	0.0047978 	119520 
789.27 	0.0047978 	120020 
789.77 	0.0047978 	120510 
790.27 	0.0047978 	121010 
790.68 	0.0047978 	121680 
791.18 	0.0047978 	122010 
791.68 	0.0047978 	122510 
792.18 	0.0047978 	123180 
792.68 	0.0047978 	123680 
793.18 	0.0047978 	124180 
793.68 	0.0047978 	124680 
794.18 	0.0047978 	125180 
794.68 	0.0047978 	125840 
795.18 	0.0047978 	126170 
795.68 	0.0047978 	126840 
796.18 	0.0047978 	127340 
796.68 	0.0047978 	127840 
797.18 	0.0047978 	128500 
797.68 	0.0047978 	128840 
798.18 	0.0047978 	129500 
798.68 	0.0047978 	130000 
799.18 	0.0047978 	130500 
799.68 	0.0047978 	131000 
800.18 	0.0047978 	131670 
800.68 	0.0047978 	132170 
801.18 	0.0047978 	132500 
801.68 	0.0047978 	133170 
802.18 	0.0047978 	133660 
802.68 	0.0047978 	134330 
803.18 	0.0047978 	134830 
803.68 	0.0047978 	135330 
804.18 	0.0047978 	135830 
804.68 	0.0047978 	136330 
805.18 	0.0047978 	136990 
805.68 	0.0047978 	137490 
806.18 	0.0047978 	137990 
806.68 	0.0047978 	138490 
807.18 	0.0047978 	139160 
807.68 	0.0047978 	139490 
808.18 	0.0047978 	140160 
808.68 	0.0047978 	140660 
809.18 	0.0047978 	141160 
809.68 	0.0047978 	141650 
810.18 	0.0047978 	142150 
810.68 	0.0047978 	142820 
811.18 	0.0047978 	143320 
811.68 	0.0047978 	143820 
812.18 	0.0047978 	144320 
812.68 	0.0047978 	144980 
813.18 	0.0047978 	145480 
813.68 	0.0047978 	145980 
814.18 	0.0047978 	146480 
814.68 	0.0047978 	147150 
815.18 	0.0047978 	147650 
815.68 	0.0047978 	147980 
816.18 	0.0047978 	148650 
816.68 	0.0047978 	149150 
817.18 	0.0047978 	149640 
817.68 	0.0047978 	150140 
818.18 	0.0047978 	150810 
818.68 	0.0047978 	151310 
819.18 	0.0047978 	151810 
819.68 	0.0047978 	152470 
820.18 	0.0047978 	152970 
820.68 	0.0047978 	153470 
821.18 	0.0047978 	153970 
821.68 	0.0047978 	154470 
822.18 	0.0047978 	155140 
822.68 	0.0047978 	155470 
823.18 	0.0047978 	156140 
823.68 	0.0047978 	156640 
824.18 	0.0047978 	157140 
824.68 	0.0047978 	157630 
825.18 	0.0047978 	158300 
825.68 	0.0047978 	158800 
826.18 	0.0047978 	159300 
826.68 	0.0047978 	159800 
827.18 	0.0047978 	160460 
827.68 	0.0047978 	160960 
828.18 	0.0047978 	161460 
828.68 	0.0047978 	161960 
829.18 	0.0047978 	162460 
829.68 	0.0047978 	163130 
830.18 	0.0047978 	163630 
830.68 	0.0047978 	163960 
831.18 	0.0047978 	164630 
831.68 	0.0047978 	165130 
832.18 	0.0047978 	165620 
832.68 	0.0047978 	166120 
833.18 	0.0047978 	166790 
833.68 	0.0047978 	167290 
834.18 	0.0047978 	167790 
834.68 	0.0047978 	168290 
835.18 	0.0047978 	168950 
835.68 	0.0047978 	169450 
836.18 	0.0047978 	169950 
836.68 	0.0047978 	170620 
837.18 	0.0047978 	170950 
837.68 	0.0047978 	171620 
838.18 	0.0047978 	171950 
838.68 	0.0047978 	172780 
839.18 	0.0047978 	173120 
839.68 	0.0047978 	173610 
840.18 	0.0047978 	174280 
840.68 	0.0047978 	174780 
841.18 	0.0047978 	175280 
841.68 	0.0047978 	175780 
842.18 	0.0047978 	176440 
842.68 	0.0047978 	176940 
843.18 	0.0047978 	177440 
843.68 	0.0047978 	177940 
844.18 	0.0047978 	178610 
844.68 	0.0047978 	178940 
845.18 	0.0047978 	179610 
845.68 	0.0047978 	179940 
846.18 	0.0047978 	180610 
846.68 	0.0047978 	181100 
847.18 	0.0047978 	181770 
847.68 	0.0047978 	182100 
848.18 	0.0047978 	182770 
848.68 	0.0047978 	183270 
849.18 	0.0047978 	183770 
849.68 	0.0047978 	184430 
850.18 	0.0047978 	184930 
850.68 	0.0047978 	185430 
851.18 	0.0047978 	185930 
851.68 	0.0047978 	186430 
852.18 	0.0047978 	187100 
852.68 	0.0047978 	187600 
853.18 	0.0047978 	188100 
853.68 	0.0047978 	188600 
854.18 	0.0047978 	189090 
854.68 	0.0047978 	189590 
855.18 	0.0047978 	190260 
855.68 	0.0047978 	190760 
856.18 	0.0047978 	191260 
856.68 	0.0047978 	191760 
857.18 	0.0047978 	192260 
857.68 	0.0047978 	192920 
858.18 	0.0047978 	193420 
858.68 	0.0047978 	193920 
859.18 	0.0047978 	194590 
859.68 	0.0047978 	195090 
860.18 	0.0047978 	195590 
860.68 	0.0047978 	196090 
861.18 	0.0047978 	196590 
861.68 	0.0047978 	197080 
862.18 	0.0047978 	197580 
862.68 	0.0047978 	198250 
863.18 	0.0047978 	198750 
863.68 	0.0047978 	199250 
864.18 	0.0047978 	199750 
864.68 	0.0047978 	200250 
865.18 	0.0047978 	200910 
865.68 	0.0047978 	201410 
866.18 	0.0047978 	201750 
866.68 	0.0047978 	202410 
867.18 	0.0047978 	203080 
867.68 	0.0047978 	203580 
868.18 	0.0047978 	203910 
868.68 	0.0047978 	204580 
869.18 	0.0047978 	205070 
869.68 	0.0047978 	205570 
870.18 	0.0047978 	206240 
870.68 	0.0047978 	206740 
871.18 	0.0047978 	207240 
871.68 	0.0047978 	207740 
872.18 	0.0047978 	208240 
872.68 	0.0047978 	208740 
873.18 	0.0047978 	209400 
873.68 	0.0047978 	210070 
874.18 	0.0047978 	210400 
874.68 	0.0047978 	210900 
875.18 	0.0047978 	211400 
875.68 	0.0047978 	212070 
876.18 	0.0047978 	212570 
876.68 	0.0047978 	213230 
877.18 	0.0047978 	213560 
877.68 	0.0047978 	214060 
878.18 	0.0047978 	214730 
878.68 	0.0047978 	215230 
879.18 	0.0047978 	215890 
879.68 	0.0047978 	216390 
880.18 	0.0047978 	216890 
880.68 	0.0047978 	217390 
881.18 	0.0047978 	217730 
881.68 	0.0047978 	218390 
882.18 	0.0047978 	218890 
882.68 	0.0047978 	219390 
883.18 	0.0047978 	220060 
883.68 	0.0047978 	220560 
884.18 	0.0047978 	221050 
884.68 	0.0047978 	221550 
885.18 	0.0047978 	222050 
885.68 	0.0047978 	222720 
886.18 	0.0047978 	223050 
886.68 	0.0047978 	223720 
887.18 	0.0047978 	224220 
887.68 	0.0047978 	224720 
888.18 	0.0047978 	225220 
888.68 	0.0047978 	225880 
889.18 	0.0047978 	226380 
889.68 	0.0047978 	227050 
890.18 	0.0047978 	227550 
890.68 	0.0047978 	227880 
891.18 	0.0047978 	228550 
891.68 	0.0047978 	229040 
892.18 	0.0047978 	229540 
892.68 	0.0047978 	230210 
893.18 	0.0047978 	230540 
893.68 	0.0047978 	231210 
894.18 	0.0047978 	231710 
894.68 	0.0047978 	232210 
895.18 	0.0047978 	232710 
895.68 	0.0047978 	233370 
896.18 	0.0047978 	233710 
896.68 	0.0047978 	234370 
897.18 	0.0047978 	234870 
897.68 	0.0047978 	235540 
898.18 	0.0047978 	236040 
898.68 	0.0047978 	236540 
899.18 	0.0047978 	237030 
899.68 	0.0047978 	237530 
900.18 	0.0047978 	238030 
900.68 	0.0047978 	238700 
901.18 	0.0047978 	239360 
901.68 	0.0047978 	239700 
902.18 	0.0047978 	240200 
902.68 	0.0047978 	240700 
903.18 	0.0047978 	241360 
903.68 	0.0047978 	241700 
904.18 	0.0047978 	242360 
904.68 	0.0047978 	242860 
905.18 	0.0047978 	243360 
905.68 	0.0047978 	244030 
906.18 	0.0047978 	244530 
906.68 	0.0047978 	245020 
907.18 	0.0047978 	245520 
907.68 	0.0047978 	246190 
908.18 	0.0047978 	246520 
908.68 	0.0047978 	247190 
909.18 	0.0047978 	247690 
909.68 	0.0047978 	248190 
910.18 	0.0047978 	248690 
910.68 	0.0047978 	249350 
911.18 	0.0047978 	249690 
911.68 	0.0047978 	250350 
912.18 	0.0047978 	250850 
912.68 	0.0047978 	251520 
913.18 	0.0047978 	251850 
913.68 	0.0047978 	252510 
914.18 	0.0047978 	253010 
914.68 	0.0047978 	253510 
915.18 	0.0047978 	254010 
915.68 	0.0047978 	254510 
916.18 	0.0047978 	255180 
916.68 	0.0047978 	255680 
917.18 	0.0047978 	256180 
917.68 	0.0047978 	256680 
918.18 	0.0047978 	257340 
918.68 	0.0047978 	257840 
919.18 	0.0047978 	258340 
919.68 	0.0047978 	258840 
920.18 	0.0047978 	259340 
920.68 	0.0047978 	260010 
921.18 	0.0047978 	260500 
921.68 	0.0047978 	261000 
922.18 	0.0047978 	261670 
922.68 	0.0047978 	262000 
923.18 	0.0047978 	262500 
923.68 	0.0047978 	263170 
924.18 	0.0047978 	263670 
924.68 	0.0047978 	264170 
925.18 	0.0047978 	264670 
925.68 	0.0047978 	265330 
926.18 	0.0047978 	265830 
926.68 	0.0047978 	266330 
927.18 	0.0047978 	266830 
927.68 	0.0047978 	267330 
928.18 	0.0047978 	268000 
928.68 	0.0047978 	268490 
929.18 	0.0047978 	268990 
929.68 	0.0047978 	269490 
930.18 	0.0047978 	269990 
930.68 	0.0047978 	270660 
931.18 	0.0047978 	271160 
931.68 	0.0047978 	271660 
932.18 	0.0047978 	272160 
932.68 	0.0047978 	272820 
933.18 	0.0047978 	273320 
933.68 	0.0047978 	273820 
934.18 	0.0047978 	274320 
934.68 	0.0047978 	274820 
935.18 	0.0047978 	275320 
935.68 	0.0047978 	275820 
936.18 	0.0047978 	276480 
936.68 	0.0047978 	276980 
937.18 	0.0047978 	277480 
937.68 	0.0047978 	277980 
938.18 	0.0047978 	278480 
938.68 	0.0047978 	279150 
939.18 	0.0047978 	279650 
939.68 	0.0047978 	279980 
940.18 	0.0047978 	280650 
940.68 	0.0047978 	281150 
941.18 	0.0047978 	281810 
941.68 	0.0047978 	282310 
942.18 	0.0047978 	282810 
942.68 	0.0047978 	283310 
943.18 	0.0047978 	283810 
943.68 	0.0047978 	284470 
944.18 	0.0047978 	284970 
944.68 	0.0047978 	285470 
945.18 	0.0047978 	285970 
945.68 	0.0047978 	286640 
946.18 	0.0047978 	287140 
946.68 	0.0047978 	287640 
947.18 	0.0047978 	288140 
947.68 	0.0047978 	288640 
948.18 	0.0047978 	289300 
948.68 	0.0047978 	289800 
949.18 	0.0047978 	290300 
949.68 	0.0047978 	290800 
950.18 	0.0047978 	291470 
950.68 	0.0047978 	291970 
951.18 	0.0047978 	292300 
951.68 	0.0047978 	292960 
952.18 	0.0047978 	293460 
952.68 	0.0047978 	294130 
953.18 	0.0047978 	294460 
953.68 	0.0047978 	294960 
954.18 	0.0047978 	295630 
954.68 	0.0047978 	296130 
955.18 	0.0047978 	296630 
955.68 	0.0047978 	297130 
956.18 	0.0047978 	297790 
956.68 	0.0047978 	298290 
957.18 	0.0047978 	298790 
957.68 	0.0047978 	299290 
958.18 	0.0047978 	299960 
958.68 	0.0047978 	300290 
959.18 	0.0047978 	300950 
959.68 	0.0047978 	301450 
960.18 	0.0047978 	301950 
960.68 	0.0047978 	302620 
961.18 	0.0047978 	303120 
961.68 	0.0047978 	303620 
962.18 	0.0047978 	304120 
962.68 	0.0047978 	304780 
963.18 	0.0047978 	305120 
963.68 	0.0047978 	305780 
964.18 	0.0047978 	306280 
964.68 	0.0047978 	306780 
965.18 	0.0047978 	307450 
965.68 	0.0047978 	307780 
966.18 	0.0047978 	308440 
966.68 	0.0047978 	308940 
967.18 	0.0047978 	309440 
967.68 	0.0047978 	310110 
968.18 	0.0047978 	310440 
968.68 	0.0047978 	311110 
969.18 	0.0047978 	311610 
969.68 	0.0047978 	312110 
970.18 	0.0047978 	312610 
970.68 	0.0047978 	313270 
971.18 	0.0047978 	313770 
971.68 	0.0047978 	314270 
972.18 	0.0047978 	314770 
972.68 	0.0047978 	315270 
973.18 	0.0047978 	315930 
973.68 	0.0047978 	316430 
974.18 	0.0047978 	316930 
974.68 	0.0047978 	317430 
975.18 	0.0047978 	317930 
975.68 	0.0047978 	318430 
976.18 	0.0047978 	318930 
976.68 	0.0047978 	319600 
977.18 	0.0047978 	320100 
977.68 	0.0047978 	320600 
978.18 	0.0047978 	321100 
978.68 	0.0047978 	321760 
979.18 	0.0047978 	322260 
979.68 	0.0047978 	322760 
980.18 	0.0047978 	323260 
980.68 	0.0047978 	323920 
981.18 	0.0047978 	324420 
981.68 	0.0047978 	324920 
982.18 	0.0047978 	325420 
982.68 	0.0047978 	325920 
983.18 	0.0047978 	326420 
983.68 	0.0047978 	326920 
984.18 	0.0047978 	327590 
984.68 	0.0047978 	328090 
985.18 	0.0047978 	328590 
985.68 	0.0047978 	329250 
986.18 	0.0047978 	329750 
986.68 	0.0047978 	330250 
987.18 	0.0047978 	330750 
987.68 	0.0047978 	331250 
988.18 	0.0047978 	331750 
988.68 	0.0047978 	332410 
989.18 	0.0047978 	332910 
989.68 	0.0047978 	333410 
990.18 	0.0047978 	333910 
990.68 	0.0047978 	334410 
991.18 	0.0047978 	335080 
991.68 	0.0047978 	335580 
992.18 	0.0047978 	336080 
992.68 	0.0047978 	336580 
993.18 	0.0047978 	337070 
993.68 	0.0047978 	337740 
994.18 	0.0047978 	338240 
994.68 	0.0047978 	338740 
995.18 	0.0047978 	339240 
995.68 	0.0047978 	339900 
996.18 	0.0047978 	340400 
996.68 	0.0047978 	340900 
997.18 	0.0047978 	341400 
997.68 	0.0047978 	341900 
998.18 	0.0047978 	342400 
998.68 	0.0047978 	343070 
999.18 	0.0047978 	343570 
999.68 	0.0047978 	344230 
1000.2 	0.0047978 	344570 
1000.7 	0.0047978 	345060 
1001.2 	0.0047978 	345730 
1001.7 	0.0047978 	346230 
1002.2 	0.0047978 	346730 
1002.7 	0.0047978 	347230 
1003.2 	0.0047978 	347730 
1003.7 	0.0047978 	348390 
1004.2 	0.0047978 	348890 
1004.7 	0.0047978 	349390 
1005.2 	0.0047978 	349890 
1005.7 	0.0047978 	350390 
1006.2 	0.0047978 	351060 
1006.7 	0.0047978 	351560 
1007.2 	0.0047978 	352060 
1007.7 	0.0047978 	352560 
1008.2 	0.0047978 	353050 
1008.7 	0.0047978 	353550 
1009.2 	0.0047978 	354220 
1009.7 	0.0047978 	354720 
1010.2 	0.0047978 	355220 
1010.7 	0.0047978 	355880 
1011.2 	0.0047978 	356380 
1011.7 	0.0047978 	356880 
1012.2 	0.0047978 	357380 
1012.7 	0.0047978 	357880 
1013.2 	0.0047978 	358550 
1013.7 	0.0047978 	359050 
1014.2 	0.0047978 	359550 
1014.7 	0.0047978 	360050 
1015.2 	0.0047978 	360550 
1015.7 	0.0047978 	361210 
1016.2 	0.0047978 	361710 
1016.7 	0.0047978 	362040 
1017.2 	0.0047978 	362710 
1017.7 	0.0047978 	363210 
1018.2 	0.0047978 	363870 
1018.7 	0.0047978 	364210 
1019.2 	0.0047978 	364710 
1019.7 	0.0047978 	365210 
1020.2 	0.0047978 	365870 
1020.7 	0.0047978 	366540 
1021.2 	0.0047978 	366870 
1021.7 	0.0047978 	367540 
1022.2 	0.0047978 	368040 
1022.7 	0.0047978 	368540 
1023.2 	0.0047978 	369030 
1023.7 	0.0047978 	369700 
1024.2 	0.0047978 	370200 
1024.7 	0.0047978 	370700 
1025.2 	0.0047978 	371370 
1025.7 	0.0047978 	371700 
1026.2 	0.0047978 	372200 
1026.7 	0.0047978 	372860 
1027.2 	0.0047978 	373360 
1027.7 	0.0047978 	373860 
1028.2 	0.0047978 	374360 
1028.7 	0.0047978 	375030 
1029.2 	0.0047978 	375530 
1029.7 	0.0047978 	375860 
1030.2 	0.0047978 	376530 
1030.7 	0.0047978 	377190 
1031.2 	0.0047978 	377520 
1031.7 	0.0047978 	378190 
1032.2 	0.0047978 	378690 
1032.7 	0.0047978 	379190 
1033.2 	0.0047978 	379690 
1033.7 	0.0047978 	380190 
1034.2 	0.0047978 	380850 
1034.7 	0.0047978 	381350 
1035.2 	0.0047978 	382020 
1035.7 	0.0047978 	382520 
1036.2 	0.0047978 	382850 
1036.7 	0.0047978 	383520 
1037.2 	0.0047978 	384020 
1037.7 	0.0047978 	384520 
1038.2 	0.0047978 	385010 
1038.7 	0.0047978 	385680 
1039.2 	0.0047978 	386180 
1039.7 	0.0047978 	386680 
1040.2 	0.0047978 	387180 
1040.7 	0.0047978 	387680 
1041.2 	0.0047978 	388180 
1041.7 	0.0047978 	388680 
1042.2 	0.0047978 	389180 
1042.7 	0.0047978 	389840 
1043.2 	0.0047978 	390510 
1043.7 	0.0047978 	390840 
1044.2 	0.0047978 	391510 
1044.7 	0.0047978 	392010 
1045.2 	0.0047978 	392510 
1045.7 	0.0047978 	393000 
1046.2 	0.0047978 	393500 
1046.7 	0.0047978 	394000 
1047.2 	0.0047978 	394670 
1047.7 	0.0047978 	395170 
1048.2 	0.0047978 	395670 
1048.7 	0.0047978 	396330 
1049.2 	0.0047978 	396830 
1049.7 	0.0047978 	397330 
1050.2 	0.0047978 	397830 
1050.7 	0.0047978 	398500 
1051.2 	0.0047978 	398830 
1051.7 	0.0047978 	399500 
1052.2 	0.0047978 	400000 
1052.7 	0.0047978 	400500 
1053.2 	0.0047978 	400990 
1053.7 	0.0047978 	401490 
1054.2 	0.0047978 	402160 
1054.7 	0.0047978 	402490 
1055.2 	0.0047978 	403160 
1055.7 	0.0047978 	403660 
1056.2 	0.0047978 	404320 
1056.7 	0.0047978 	404660 
1057.2 	0.0047978 	405320 
1057.7 	0.0047978 	405820 
1058.2 	0.0047978 	406320 
1058.7 	0.0047978 	406820 
1059.2 	0.0047978 	407490 
1059.7 	0.0047978 	407820 
1060.2 	0.0047978 	408480 
1060.7 	0.0047978 	408980 
1061.2 	0.0047978 	409480 
1061.7 	0.0047978 	410150 
1062.2 	0.0047978 	410650 
1062.7 	0.0047978 	411150 
1063.2 	0.0047978 	411650 
1063.7 	0.0047978 	412150 
1064.2 	0.0047978 	412810 
1064.7 	0.0047978 	413310 
1065.2 	0.0047978 	413810 
1065.7 	0.0047978 	414310 
1066.2 	0.0047978 	414980 
1066.7 	0.0047978 	415480 
1067.2 	0.0047978 	415980 
1067.7 	0.0047978 	416470 
1068.2 	0.0047978 	416970 
1068.7 	0.0047978 	417470 
1069.2 	0.0047978 	418140 
1069.7 	0.0047978 	418640 
1070.2 	0.0047978 	419140 
1070.7 	0.0047978 	419640 
1071.2 	0.0047978 	420140 
1071.7 	0.0047978 	420800 
1072.2 	0.0047978 	421300 
1072.7 	0.0047978 	421800 
1073.2 	0.0047978 	422300 
1073.7 	0.0047978 	422800 
1074.2 	0.0047978 	423470 
1074.7 	0.0047978 	423970 
1075.2 	0.0047978 	424460 
1075.7 	0.0047978 	424960 
1076.2 	0.0047978 	425300 
1076.7 	0.0047978 	426130 
1077.2 	0.0047978 	426460 
1077.7 	0.0047978 	427130 
1078.2 	0.0047978 	427460 
1078.7 	0.0047978 	427790 
1079.2 	0.0047978 	428460 
1079.7 	0.0047978 	429130 
1080.2 	0.0047978 	429460 
1080.2 	0.0047978 	420970 
1080.5 	0.0047978 	424300 
1080.6 	0.0047978 	419970 
1080.6 	0.0047978 	367540 
1080.6 	0.0047978 	216730 
