Tempo(s)	Deformação(mm)	Força(N)
0.016667 	0.00000 	0.00000 
0.51667 	0.00000 	166.46 
1.0167 	0.00010662 	665.83 
1.4833 	0.00021324 	1331.7 
1.9167 	0.00042647 	1997.5 
2.3167 	0.00063971 	2663.3 
2.6833 	0.00074633 	3329.1 
3.0333 	0.00095956 	3995.0 
3.5333 	0.0010662 	4161.4 
4.0333 	0.00095956 	4327.9 
4.5333 	0.0010662 	4660.8 
5.0333 	0.0010662 	4827.2 
5.5333 	0.0011728 	5326.6 
5.7333 	0.0012794 	5992.4 
5.9000 	0.0013860 	6658.3 
6.1000 	0.0014927 	7324.1 
6.4000 	0.0018125 	7989.9 
6.6333 	0.0020257 	8655.8 
6.8333 	0.0022390 	9321.6 
7.0500 	0.0024522 	9987.4 
7.2000 	0.0026655 	10653 
7.4500 	0.0028787 	11319 
7.6000 	0.0030919 	11985 
7.7333 	0.0033052 	12651 
7.9333 	0.0035184 	13317 
8.1333 	0.0036250 	13982 
8.3667 	0.0038383 	14648 
8.5500 	0.0040515 	15314 
8.8667 	0.0042647 	15980 
9.3000 	0.0045846 	16646 
9.7000 	0.0046912 	17312 
10.050 	0.0049044 	17977 
10.267 	0.0051177 	18643 
10.467 	0.0053309 	19309 
10.750 	0.0055441 	19975 
10.983 	0.0056508 	20641 
11.283 	0.0059706 	21306 
11.617 	0.0060772 	21972 
11.917 	0.0062905 	22638 
12.233 	0.0065037 	23304 
12.583 	0.0067169 	23970 
12.900 	0.0069302 	24636 
13.283 	0.0071434 	25301 
13.617 	0.0072500 	25967 
13.900 	0.0074633 	26633 
14.200 	0.0077831 	27299 
14.533 	0.0078897 	27965 
14.883 	0.0081030 	28631 
15.267 	0.0083162 	29296 
15.617 	0.0085294 	29962 
15.950 	0.0087427 	30628 
16.283 	0.0089559 	31294 
16.683 	0.0090625 	31960 
17.017 	0.0092758 	32626 
17.400 	0.0094890 	33291 
17.683 	0.0097022 	33957 
18.050 	0.0099155 	34623 
18.383 	0.010129 	35289 
18.700 	0.010342 	35955 
19.050 	0.010449 	36620 
19.250 	0.010662 	37286 
19.483 	0.010875 	37952 
19.717 	0.011088 	38618 
20.017 	0.011302 	39284 
20.333 	0.011515 	39950 
20.633 	0.011621 	40615 
20.967 	0.011835 	41281 
21.250 	0.012048 	41947 
21.583 	0.012261 	42613 
21.933 	0.012474 	43279 
22.267 	0.012688 	43945 
22.583 	0.012794 	44610 
22.900 	0.013007 	45276 
23.233 	0.013221 	45942 
23.567 	0.013434 	46608 
23.867 	0.013540 	47274 
24.233 	0.013860 	47940 
24.533 	0.013967 	48605 
24.850 	0.014180 	49271 
25.217 	0.014393 	49937 
25.517 	0.014607 	50603 
25.833 	0.014820 	51269 
26.167 	0.015033 	51935 
26.450 	0.015140 	52600 
26.850 	0.015460 	53266 
27.350 	0.015566 	53599 
27.850 	0.015566 	53766 
28.350 	0.015566 	53932 
28.850 	0.015566 	53766 
29.350 	0.015673 	53766 
29.850 	0.015673 	53766 
30.350 	0.015566 	53599 
30.850 	0.015673 	53766 
31.350 	0.015673 	53766 
31.850 	0.015673 	53766 
32.350 	0.015673 	53766 
32.850 	0.015673 	53766 
33.350 	0.015673 	53766 
33.850 	0.015673 	53766 
34.350 	0.015673 	53766 
34.850 	0.015673 	53766 
35.350 	0.015673 	53766 
35.850 	0.015673 	53766 
36.350 	0.015673 	53766 
36.850 	0.015673 	53766 
37.350 	0.015673 	53766 
37.850 	0.015673 	53766 
38.350 	0.015673 	53766 
38.850 	0.015673 	53766 
39.350 	0.015673 	53766 
39.850 	0.015673 	53766 
40.350 	0.015673 	53766 
40.850 	0.015673 	53766 
41.350 	0.015673 	53766 
41.850 	0.015673 	53766 
42.350 	0.015673 	53766 
42.850 	0.015673 	53766 
43.350 	0.015673 	53766 
43.850 	0.015673 	53932 
44.350 	0.015673 	53766 
44.850 	0.015673 	53766 
45.350 	0.015673 	53766 
45.850 	0.015673 	53766 
46.350 	0.015673 	53766 
46.850 	0.015673 	53766 
47.350 	0.015673 	53766 
47.850 	0.015566 	53766 
48.350 	0.015673 	53766 
48.850 	0.015673 	53766 
49.350 	0.015673 	53766 
49.850 	0.015673 	53766 
50.350 	0.015673 	53766 
50.850 	0.015673 	53766 
51.350 	0.015673 	53766 
51.850 	0.015673 	53766 
52.350 	0.015673 	53766 
52.850 	0.015673 	53766 
53.350 	0.015673 	53766 
53.850 	0.015673 	53766 
54.350 	0.015673 	53932 
54.850 	0.015673 	53766 
55.350 	0.015673 	53766 
55.850 	0.015673 	53766 
56.350 	0.015673 	53766 
56.850 	0.015673 	53766 
57.350 	0.015673 	53766 
57.850 	0.015673 	53766 
58.350 	0.015673 	53766 
58.850 	0.015673 	53766 
59.350 	0.015673 	53766 
59.850 	0.015673 	53932 
60.350 	0.015673 	53766 
60.850 	0.015673 	53599 
61.350 	0.015673 	53766 
61.850 	0.015673 	53766 
62.350 	0.015673 	53766 
62.850 	0.015673 	53766 
63.350 	0.015673 	53766 
63.850 	0.015673 	53766 
64.350 	0.015673 	53766 
64.850 	0.015673 	53766 
65.350 	0.015673 	53766 
65.850 	0.015673 	53599 
66.350 	0.015673 	53766 
66.850 	0.015673 	53766 
67.350 	0.015673 	53599 
67.850 	0.015673 	53766 
68.350 	0.015673 	53766 
68.850 	0.015673 	53766 
69.350 	0.015673 	53766 
69.850 	0.015673 	53766 
70.350 	0.015673 	53766 
70.850 	0.015673 	53766 
71.350 	0.015673 	53766 
71.850 	0.015673 	53766 
72.350 	0.015673 	53766 
72.850 	0.015673 	53766 
73.350 	0.015673 	53766 
73.850 	0.015673 	53766 
74.350 	0.015673 	53599 
74.850 	0.015673 	53766 
75.350 	0.015673 	53932 
75.850 	0.015673 	53766 
76.350 	0.015673 	53766 
76.850 	0.015673 	53599 
77.350 	0.015673 	53932 
77.850 	0.015673 	53766 
78.350 	0.015566 	53599 
78.850 	0.015673 	53766 
79.350 	0.015673 	53766 
79.850 	0.015673 	53766 
80.350 	0.015673 	53599 
80.850 	0.015673 	53766 
81.350 	0.015673 	53932 
81.850 	0.015673 	53766 
82.350 	0.015566 	53599 
82.850 	0.015673 	53766 
83.350 	0.015673 	53766 
83.850 	0.015673 	53766 
84.350 	0.015673 	53766 
84.850 	0.015673 	53766 
85.350 	0.015673 	53766 
85.850 	0.015673 	53766 
86.350 	0.015673 	53766 
86.850 	0.015566 	53599 
87.350 	0.015673 	53766 
87.717 	0.015460 	53100 
88.050 	0.015246 	52434 
88.400 	0.015140 	51768 
88.667 	0.014927 	51102 
89.000 	0.014820 	50436 
89.367 	0.014607 	49771 
89.683 	0.014393 	49105 
90.050 	0.014287 	48439 
90.367 	0.014074 	47773 
90.700 	0.013967 	47107 
91.050 	0.013647 	46441 
91.333 	0.013434 	45776 
91.683 	0.013327 	45110 
91.983 	0.013114 	44444 
92.383 	0.012901 	43778 
92.700 	0.012794 	43112 
93.033 	0.012474 	42446 
93.333 	0.012368 	41781 
93.683 	0.012154 	41115 
94.017 	0.011941 	40449 
94.367 	0.011728 	39783 
94.717 	0.011621 	39117 
95.067 	0.011302 	38452 
95.367 	0.011195 	37786 
95.667 	0.011088 	37120 
96.017 	0.010768 	36454 
96.400 	0.010555 	35788 
96.717 	0.010342 	35122 
97.050 	0.010235 	34457 
97.400 	0.010022 	33791 
97.817 	0.0098089 	33125 
98.133 	0.0097022 	32459 
98.533 	0.0093824 	31793 
98.900 	0.0092758 	31127 
99.267 	0.0090625 	30462 
99.617 	0.0088493 	29796 
99.950 	0.0086361 	29130 
100.22 	0.0085294 	28464 
100.67 	0.0082096 	27798 
101.00 	0.0079964 	27132 
101.35 	0.0078897 	26467 
101.63 	0.0076765 	25801 
101.90 	0.0074633 	25135 
102.22 	0.0072500 	24469 
102.52 	0.0070368 	23803 
102.83 	0.0068236 	23137 
103.15 	0.0066103 	22472 
103.52 	0.0063971 	21806 
103.90 	0.0061839 	21140 
104.23 	0.0059706 	20474 
104.65 	0.0058640 	19808 
105.13 	0.0055441 	19143 
105.63 	0.0054375 	18643 
105.87 	0.0052243 	17977 
106.07 	0.0051177 	17312 
106.32 	0.0047978 	16646 
106.58 	0.0046912 	15980 
106.85 	0.0044780 	15314 
107.15 	0.0042647 	14648 
107.45 	0.0040515 	13982 
107.78 	0.0038383 	13317 
108.12 	0.0036250 	12651 
108.45 	0.0034118 	11985 
108.87 	0.0031985 	11319 
109.10 	0.0030919 	10653 
109.47 	0.0028787 	9987.4 
109.83 	0.0025588 	9321.6 
110.18 	0.0023456 	8655.8 
110.50 	0.0021324 	7989.9 
110.85 	0.0020257 	7324.1 
111.25 	0.0017059 	6658.3 
111.63 	0.0015993 	5992.4 
112.12 	0.0013860 	5326.6 
112.62 	0.0011728 	4660.8 
113.12 	0.0010662 	4327.9 
113.62 	0.00095956 	3995.0 
114.12 	0.00095956 	3662.0 
114.62 	0.00095956 	3828.5 
115.12 	0.0010662 	3495.6 
115.62 	0.0010662 	3662.0 
116.12 	0.0011728 	3495.6 
116.62 	0.0011728 	3495.6 
117.12 	0.0012794 	3495.6 
117.62 	0.0011728 	3495.6 
118.12 	0.0012794 	3329.1 
118.62 	0.0013860 	3495.6 
119.12 	0.0012794 	3329.1 
119.62 	0.0012794 	3329.1 
120.12 	0.0012794 	3329.1 
120.62 	0.0012794 	3162.7 
121.12 	0.0012794 	3162.7 
121.62 	0.0013860 	3162.7 
122.12 	0.0012794 	3162.7 
122.62 	0.0012794 	3162.7 
123.12 	0.0012794 	2996.2 
123.62 	0.0012794 	2829.8 
124.12 	0.0012794 	2829.8 
124.62 	0.0011728 	2496.9 
125.12 	0.0011728 	2330.4 
125.62 	0.0011728 	2330.4 
126.12 	0.0011728 	2330.4 
126.62 	0.0011728 	2330.4 
127.12 	0.0011728 	2163.9 
127.62 	0.0011728 	2163.9 
128.12 	0.0011728 	2163.9 
128.62 	0.0011728 	2163.9 
129.12 	0.0011728 	2163.9 
129.62 	0.0011728 	1997.5 
130.12 	0.0011728 	2163.9 
130.62 	0.0012794 	2330.4 
131.12 	0.0011728 	2163.9 
131.62 	0.0011728 	2163.9 
132.12 	0.0012794 	2163.9 
132.62 	0.0012794 	2163.9 
133.12 	0.0011728 	2163.9 
133.62 	0.0011728 	2163.9 
134.12 	0.0011728 	2163.9 
134.62 	0.0011728 	2163.9 
135.12 	0.0012794 	2163.9 
135.62 	0.0011728 	2163.9 
136.12 	0.0011728 	2163.9 
136.62 	0.0011728 	2163.9 
137.12 	0.0012794 	2163.9 
137.62 	0.0012794 	2163.9 
138.12 	0.0012794 	2330.4 
138.62 	0.0011728 	2163.9 
139.12 	0.0012794 	2163.9 
139.62 	0.0012794 	2163.9 
140.12 	0.0012794 	2163.9 
140.62 	0.0012794 	2163.9 
141.12 	0.0012794 	2163.9 
141.62 	0.0012794 	2163.9 
142.12 	0.0011728 	2163.9 
142.62 	0.0012794 	2163.9 
143.12 	0.0012794 	2163.9 
143.62 	0.0012794 	2163.9 
144.12 	0.0012794 	2163.9 
144.62 	0.0012794 	2163.9 
145.12 	0.0012794 	2163.9 
145.62 	0.0012794 	2163.9 
146.12 	0.0011728 	2163.9 
146.62 	0.0012794 	2163.9 
147.12 	0.0012794 	2163.9 
147.62 	0.0012794 	2163.9 
148.12 	0.0012794 	2163.9 
148.62 	0.0012794 	2163.9 
149.12 	0.0012794 	2163.9 
149.62 	0.0012794 	2163.9 
150.12 	0.0012794 	2163.9 
150.62 	0.0012794 	2163.9 
151.12 	0.0012794 	2163.9 
151.62 	0.0012794 	2163.9 
152.12 	0.0012794 	2330.4 
152.62 	0.0012794 	2163.9 
153.12 	0.0012794 	2163.9 
153.62 	0.0012794 	2163.9 
154.12 	0.0012794 	2163.9 
154.62 	0.0012794 	2163.9 
155.12 	0.0012794 	2330.4 
155.62 	0.0012794 	2330.4 
156.12 	0.0012794 	2163.9 
156.62 	0.0012794 	2163.9 
157.12 	0.0012794 	2163.9 
157.62 	0.0012794 	2163.9 
158.12 	0.0012794 	2163.9 
158.62 	0.0012794 	2163.9 
159.12 	0.0013860 	2163.9 
159.62 	0.0012794 	2163.9 
160.12 	0.0012794 	2163.9 
160.62 	0.0013860 	2163.9 
161.12 	0.0013860 	2163.9 
161.62 	0.0013860 	2163.9 
162.12 	0.0012794 	2163.9 
162.62 	0.0012794 	2163.9 
163.12 	0.0012794 	2163.9 
163.62 	0.0013860 	2330.4 
164.12 	0.0013860 	2163.9 
164.62 	0.0013860 	2163.9 
165.12 	0.0013860 	1997.5 
165.62 	0.0013860 	2163.9 
166.12 	0.0013860 	2163.9 
166.62 	0.0013860 	2163.9 
167.12 	0.0013860 	2163.9 
167.62 	0.0013860 	2330.4 
168.12 	0.0013860 	2163.9 
168.62 	0.0013860 	1997.5 
169.12 	0.0012794 	2163.9 
169.62 	0.0013860 	2163.9 
170.12 	0.0013860 	2330.4 
170.62 	0.0013860 	2163.9 
171.12 	0.0013860 	2163.9 
171.62 	0.0013860 	2163.9 
172.12 	0.0013860 	2330.4 
172.62 	0.0013860 	2163.9 
173.12 	0.0013860 	2163.9 
173.62 	0.0013860 	2163.9 
174.12 	0.0013860 	2330.4 
174.62 	0.0014927 	2163.9 
175.12 	0.0013860 	2163.9 
175.62 	0.0013860 	2163.9 
175.87 	0.0014927 	2829.8 
176.37 	0.0015993 	3162.7 
176.75 	0.0017059 	3828.5 
177.25 	0.0018125 	4161.4 
177.75 	0.0018125 	4327.9 
178.25 	0.0018125 	4327.9 
178.75 	0.0018125 	4660.8 
179.25 	0.0019191 	4993.7 
179.63 	0.0019191 	5659.5 
179.82 	0.0021324 	6325.4 
180.00 	0.0022390 	6991.2 
180.22 	0.0023456 	7657.0 
180.52 	0.0025588 	8322.8 
180.80 	0.0028787 	8988.7 
180.98 	0.0029853 	9654.5 
181.22 	0.0033052 	10320 
181.35 	0.0034118 	10986 
181.53 	0.0036250 	11652 
181.78 	0.0039449 	12318 
181.95 	0.0041581 	12984 
182.17 	0.0043713 	13649 
182.38 	0.0044780 	14315 
182.58 	0.0046912 	14981 
182.85 	0.0049044 	15647 
183.18 	0.0051177 	16313 
183.60 	0.0053309 	16979 
184.05 	0.0055441 	17644 
184.30 	0.0056508 	18310 
184.55 	0.0058640 	18976 
184.78 	0.0060772 	19642 
185.00 	0.0062905 	20308 
185.30 	0.0065037 	20974 
185.62 	0.0067169 	21639 
185.87 	0.0069302 	22305 
186.18 	0.0070368 	22971 
186.53 	0.0073566 	23637 
186.83 	0.0074633 	24303 
187.30 	0.0077831 	24969 
187.63 	0.0078897 	25634 
187.92 	0.0081030 	26300 
188.22 	0.0083162 	26966 
188.52 	0.0085294 	27632 
188.90 	0.0087427 	28298 
189.25 	0.0089559 	28963 
189.57 	0.0091692 	29629 
189.93 	0.0093824 	30295 
190.28 	0.0095956 	30961 
190.58 	0.0097022 	31627 
190.98 	0.0099155 	32293 
191.38 	0.010129 	32958 
191.70 	0.010235 	33624 
192.02 	0.010555 	34290 
192.32 	0.010662 	34956 
192.72 	0.010875 	35622 
193.13 	0.011088 	36288 
193.32 	0.011302 	36953 
193.53 	0.011515 	37619 
193.77 	0.011621 	38285 
194.03 	0.011835 	38951 
194.33 	0.012048 	39617 
194.68 	0.012261 	40283 
194.97 	0.012474 	40948 
195.30 	0.012688 	41614 
195.62 	0.012901 	42280 
195.93 	0.013114 	42946 
196.22 	0.013221 	43612 
196.60 	0.013434 	44278 
196.90 	0.013647 	44943 
197.22 	0.013860 	45609 
197.55 	0.014074 	46275 
197.88 	0.014287 	46941 
198.18 	0.014393 	47607 
198.55 	0.014607 	48272 
198.88 	0.014820 	48938 
199.17 	0.015033 	49604 
199.50 	0.015246 	50270 
199.82 	0.015460 	50936 
200.13 	0.015566 	51602 
200.50 	0.015779 	52267 
200.80 	0.015993 	52933 
201.30 	0.016206 	53433 
201.80 	0.016313 	53599 
202.30 	0.016313 	53766 
202.80 	0.016313 	53766 
203.30 	0.016313 	53599 
203.80 	0.016313 	53766 
204.30 	0.016313 	53599 
204.80 	0.016313 	53766 
205.30 	0.016419 	53766 
205.80 	0.016419 	53766 
206.30 	0.016419 	53766 
206.80 	0.016419 	53599 
207.30 	0.016419 	53766 
207.80 	0.016419 	53766 
208.30 	0.016419 	53766 
208.80 	0.016419 	53766 
209.30 	0.016419 	53766 
209.80 	0.016419 	53766 
210.30 	0.016419 	53766 
210.80 	0.016419 	53766 
211.30 	0.016419 	53599 
211.80 	0.016419 	53766 
212.30 	0.016419 	53932 
212.80 	0.016419 	53766 
213.30 	0.016419 	53599 
213.80 	0.016419 	53766 
214.30 	0.016419 	53766 
214.80 	0.016419 	53766 
215.30 	0.016419 	53766 
215.80 	0.016313 	53766 
216.30 	0.016419 	53766 
216.80 	0.016419 	53766 
217.30 	0.016419 	53766 
217.80 	0.016419 	53766 
218.30 	0.016419 	53932 
218.80 	0.016419 	53766 
219.30 	0.016419 	53766 
219.80 	0.016419 	53766 
220.30 	0.016419 	53766 
220.80 	0.016419 	53766 
221.30 	0.016419 	53766 
221.80 	0.016419 	53766 
222.30 	0.016419 	53766 
222.80 	0.016419 	53766 
223.30 	0.016313 	53599 
223.80 	0.016419 	53766 
224.30 	0.016419 	53766 
224.80 	0.016419 	53766 
225.30 	0.016419 	53766 
225.80 	0.016419 	53766 
226.30 	0.016419 	53766 
226.80 	0.016419 	53766 
227.30 	0.016419 	53766 
227.80 	0.016419 	53599 
228.30 	0.016419 	53766 
228.80 	0.016419 	53766 
229.30 	0.016419 	53599 
229.80 	0.016419 	53766 
230.30 	0.016419 	53766 
230.80 	0.016419 	53766 
231.30 	0.016419 	53599 
231.80 	0.016419 	53766 
232.30 	0.016419 	53932 
232.80 	0.016419 	53766 
233.30 	0.016419 	53766 
233.80 	0.016419 	53766 
234.30 	0.016419 	53599 
234.80 	0.016419 	53766 
235.30 	0.016419 	53932 
235.80 	0.016419 	53766 
236.30 	0.016313 	53766 
236.80 	0.016419 	53766 
237.30 	0.016419 	53766 
237.80 	0.016419 	53766 
238.30 	0.016419 	53599 
238.80 	0.016419 	53766 
239.30 	0.016419 	53766 
239.80 	0.016419 	53766 
240.30 	0.016419 	53932 
240.80 	0.016419 	53766 
241.30 	0.016419 	53766 
241.80 	0.016419 	53932 
242.30 	0.016419 	53766 
242.80 	0.016419 	53766 
243.30 	0.016419 	53932 
243.80 	0.016419 	53766 
244.30 	0.016419 	53766 
244.80 	0.016419 	53766 
245.30 	0.016419 	53766 
245.80 	0.016419 	53766 
246.30 	0.016419 	53766 
246.80 	0.016419 	53766 
247.30 	0.016419 	53766 
247.80 	0.016419 	53766 
248.30 	0.016419 	53766 
248.80 	0.016313 	53766 
249.30 	0.016419 	53599 
249.80 	0.016419 	53766 
250.30 	0.016419 	53766 
250.80 	0.016419 	53766 
251.30 	0.016419 	53766 
251.80 	0.016419 	53766 
252.30 	0.016419 	53766 
252.80 	0.016419 	53766 
253.30 	0.016419 	53766 
253.80 	0.016419 	53766 
254.30 	0.016419 	53766 
254.80 	0.016419 	53766 
255.30 	0.016419 	53766 
255.80 	0.016419 	53766 
256.30 	0.016419 	53766 
256.80 	0.016419 	53766 
257.30 	0.016419 	53766 
257.80 	0.016419 	53766 
258.30 	0.016419 	53766 
258.80 	0.016419 	53766 
259.30 	0.016419 	53766 
259.80 	0.016419 	53766 
260.30 	0.016419 	53766 
260.80 	0.016419 	53766 
261.30 	0.016419 	53766 
261.80 	0.016313 	53266 
262.10 	0.016206 	52600 
262.47 	0.015993 	51935 
262.80 	0.015779 	51269 
263.12 	0.015566 	50603 
263.47 	0.015353 	49937 
263.80 	0.015246 	49271 
264.10 	0.015033 	48605 
264.48 	0.014820 	47940 
264.78 	0.014713 	47274 
265.12 	0.014500 	46608 
265.45 	0.014287 	45942 
265.77 	0.014074 	45276 
266.10 	0.013860 	44610 
266.43 	0.013754 	43945 
266.77 	0.013540 	43279 
267.12 	0.013327 	42613 
267.42 	0.013221 	41947 
267.75 	0.013007 	41281 
268.15 	0.012688 	40615 
268.45 	0.012581 	39950 
268.77 	0.012368 	39284 
269.15 	0.012154 	38452 
269.53 	0.011941 	37786 
269.85 	0.011728 	37120 
270.18 	0.011621 	36454 
270.58 	0.011302 	35788 
270.88 	0.011088 	35122 
271.18 	0.010982 	34457 
271.62 	0.010768 	33791 
271.98 	0.010555 	33125 
272.35 	0.010342 	32459 
272.67 	0.010235 	31793 
273.07 	0.0099155 	31127 
273.45 	0.0098089 	30462 
273.80 	0.0095956 	29796 
274.10 	0.0093824 	29130 
274.48 	0.0091692 	28464 
274.85 	0.0089559 	27798 
275.15 	0.0087427 	27132 
275.48 	0.0085294 	26467 
275.78 	0.0084228 	25801 
276.05 	0.0082096 	25135 
276.33 	0.0079964 	24469 
276.70 	0.0077831 	23803 
277.00 	0.0075699 	23137 
277.35 	0.0073566 	22472 
277.73 	0.0072500 	21806 
278.03 	0.0070368 	21140 
278.45 	0.0067169 	20474 
278.80 	0.0065037 	19808 
279.30 	0.0063971 	19309 
279.80 	0.0061839 	18643 
280.03 	0.0059706 	17977 
280.20 	0.0058640 	17312 
280.47 	0.0056508 	16646 
280.70 	0.0054375 	15980 
280.98 	0.0052243 	15314 
281.30 	0.0050111 	14648 
281.63 	0.0049044 	13982 
281.98 	0.0045846 	13317 
282.32 	0.0044780 	12651 
282.68 	0.0041581 	11985 
283.02 	0.0040515 	11319 
283.27 	0.0038383 	10653 
283.63 	0.0036250 	9987.4 
283.98 	0.0034118 	9321.6 
284.33 	0.0033052 	8655.8 
284.68 	0.0030919 	7989.9 
285.00 	0.0028787 	7324.1 
285.40 	0.0027721 	6658.3 
285.82 	0.0025588 	5992.4 
286.30 	0.0023456 	5326.6 
286.77 	0.0023456 	4660.8 
287.27 	0.0023456 	4161.4 
287.60 	0.0027721 	4161.4 
287.87 	0.0031985 	3828.5 
288.15 	0.0036250 	3828.5 
288.35 	0.0040515 	3828.5 
288.58 	0.0044780 	3828.5 
288.92 	0.0049044 	3662.0 
289.32 	0.0053309 	3662.0 
289.82 	0.0054375 	3662.0 
290.32 	0.0054375 	3662.0 
290.82 	0.0053309 	3495.6 
291.32 	0.0053309 	3662.0 
291.82 	0.0053309 	3662.0 
292.32 	0.0053309 	3495.6 
292.82 	0.0053309 	3495.6 
293.32 	0.0053309 	3495.6 
293.82 	0.0052243 	3329.1 
294.32 	0.0053309 	3329.1 
294.82 	0.0053309 	3329.1 
295.32 	0.0053309 	3162.7 
295.82 	0.0053309 	3162.7 
296.32 	0.0052243 	3162.7 
296.82 	0.0052243 	2996.2 
297.32 	0.0052243 	2663.3 
297.82 	0.0051177 	2496.9 
298.32 	0.0051177 	2496.9 
298.82 	0.0051177 	2496.9 
299.32 	0.0051177 	2330.4 
299.82 	0.0050111 	2330.4 
300.32 	0.0050111 	2330.4 
300.82 	0.0051177 	2163.9 
301.32 	0.0050111 	2163.9 
301.82 	0.0050111 	2163.9 
302.32 	0.0050111 	2163.9 
302.82 	0.0049044 	2163.9 
303.13 	0.0044780 	2163.9 
303.62 	0.0040515 	2163.9 
304.12 	0.0038383 	2163.9 
304.62 	0.0035184 	2163.9 
305.12 	0.0033052 	2163.9 
305.62 	0.0031985 	2163.9 
306.12 	0.0030919 	2330.4 
306.62 	0.0029853 	2163.9 
307.12 	0.0028787 	2163.9 
307.62 	0.0027721 	2163.9 
308.12 	0.0027721 	2163.9 
308.62 	0.0026655 	2163.9 
309.12 	0.0026655 	2163.9 
309.62 	0.0025588 	2163.9 
310.12 	0.0025588 	2163.9 
310.62 	0.0024522 	2163.9 
311.12 	0.0024522 	2330.4 
311.62 	0.0024522 	2163.9 
312.12 	0.0024522 	2163.9 
312.62 	0.0023456 	2163.9 
313.12 	0.0024522 	2163.9 
313.62 	0.0023456 	2163.9 
314.12 	0.0023456 	2163.9 
314.62 	0.0023456 	2163.9 
315.12 	0.0023456 	2163.9 
315.62 	0.0022390 	2163.9 
316.12 	0.0022390 	2330.4 
316.62 	0.0022390 	1997.5 
317.12 	0.0023456 	2163.9 
317.62 	0.0022390 	2163.9 
318.12 	0.0022390 	2163.9 
318.62 	0.0022390 	2163.9 
319.12 	0.0022390 	2163.9 
319.62 	0.0022390 	2163.9 
320.12 	0.0022390 	2163.9 
320.62 	0.0022390 	2163.9 
321.12 	0.0022390 	2163.9 
321.62 	0.0022390 	2163.9 
322.12 	0.0022390 	2163.9 
322.62 	0.0022390 	2163.9 
323.12 	0.0022390 	2163.9 
323.62 	0.0022390 	2163.9 
324.12 	0.0022390 	2163.9 
324.62 	0.0022390 	2163.9 
325.12 	0.0022390 	2163.9 
325.62 	0.0023456 	2163.9 
326.12 	0.0022390 	2163.9 
326.62 	0.0022390 	2163.9 
327.12 	0.0022390 	2163.9 
327.62 	0.0022390 	2163.9 
328.12 	0.0022390 	2163.9 
328.62 	0.0022390 	2163.9 
329.12 	0.0022390 	2163.9 
329.62 	0.0022390 	2330.4 
330.12 	0.0023456 	2330.4 
330.62 	0.0022390 	2163.9 
331.12 	0.0022390 	2163.9 
331.62 	0.0022390 	2330.4 
332.12 	0.0023456 	2330.4 
332.62 	0.0022390 	2163.9 
333.12 	0.0023456 	2163.9 
333.62 	0.0022390 	2330.4 
334.12 	0.0023456 	2163.9 
334.62 	0.0022390 	2163.9 
335.12 	0.0022390 	2163.9 
335.62 	0.0023456 	2163.9 
336.12 	0.0023456 	2163.9 
336.62 	0.0022390 	2163.9 
337.12 	0.0022390 	2163.9 
337.62 	0.0022390 	2163.9 
338.12 	0.0022390 	2163.9 
338.62 	0.0023456 	2163.9 
339.12 	0.0023456 	2163.9 
339.62 	0.0022390 	2330.4 
340.12 	0.0023456 	2163.9 
340.62 	0.0022390 	2163.9 
341.12 	0.0023456 	2163.9 
341.62 	0.0022390 	2163.9 
342.12 	0.0022390 	2163.9 
342.62 	0.0022390 	2163.9 
343.12 	0.0022390 	2163.9 
343.62 	0.0022390 	2330.4 
344.12 	0.0022390 	2163.9 
344.62 	0.0022390 	2163.9 
345.12 	0.0022390 	1997.5 
345.62 	0.0022390 	2163.9 
346.12 	0.0022390 	2330.4 
346.62 	0.0022390 	2330.4 
347.12 	0.0022390 	2163.9 
347.62 	0.0021324 	1997.5 
348.12 	0.0022390 	2163.9 
348.62 	0.0022390 	2163.9 
349.12 	0.0022390 	2163.9 
349.62 	0.0022390 	2163.9 
349.98 	0.0022390 	2829.8 
350.48 	0.0023456 	3162.7 
350.97 	0.0025588 	3828.5 
351.47 	0.0026655 	4327.9 
351.97 	0.0025588 	4327.9 
352.47 	0.0026655 	4494.3 
352.97 	0.0026655 	4660.8 
353.47 	0.0026655 	5160.2 
353.85 	0.0027721 	5826.0 
354.05 	0.0028787 	6491.8 
354.23 	0.0030919 	7157.6 
354.47 	0.0031985 	7823.5 
354.82 	0.0034118 	8489.3 
355.03 	0.0037316 	9155.1 
355.23 	0.0038383 	9820.9 
355.42 	0.0040515 	10487 
355.65 	0.0042647 	11319 
355.83 	0.0045846 	11985 
356.03 	0.0047978 	12651 
356.23 	0.0050111 	13317 
356.42 	0.0051177 	13982 
356.62 	0.0053309 	14648 
356.92 	0.0056508 	15314 
357.15 	0.0057574 	15980 
357.53 	0.0059706 	16646 
358.03 	0.0061839 	17312 
358.38 	0.0063971 	17977 
358.58 	0.0066103 	18643 
358.83 	0.0068236 	19309 
359.07 	0.0070368 	19975 
359.33 	0.0072500 	20641 
359.63 	0.0073566 	21306 
359.90 	0.0075699 	21972 
360.20 	0.0077831 	22638 
360.58 	0.0079964 	23304 
360.85 	0.0082096 	23970 
361.20 	0.0084228 	24636 
361.62 	0.0086361 	25301 
361.93 	0.0087427 	25967 
362.28 	0.0090625 	26633 
362.55 	0.0091692 	27299 
362.87 	0.0093824 	27965 
363.25 	0.0095956 	28631 
363.57 	0.0098089 	29296 
363.92 	0.010022 	29962 
364.23 	0.010129 	30628 
364.60 	0.010449 	31294 
364.95 	0.010555 	31960 
365.35 	0.010875 	32626 
365.72 	0.010982 	33291 
366.00 	0.011195 	33957 
366.37 	0.011408 	34623 
366.68 	0.011621 	35289 
367.02 	0.011728 	35955 
367.40 	0.011941 	36620 
367.63 	0.012154 	37286 
367.83 	0.012368 	37952 
368.05 	0.012581 	38618 
368.35 	0.012794 	39284 
368.67 	0.013007 	39950 
368.95 	0.013114 	40615 
369.28 	0.013327 	41281 
369.62 	0.013540 	41947 
369.92 	0.013754 	42613 
370.25 	0.013967 	43279 
370.58 	0.014180 	43945 
370.88 	0.014393 	44610 
371.27 	0.014607 	45276 
371.55 	0.014713 	45942 
371.85 	0.014927 	46608 
372.22 	0.015140 	47274 
372.52 	0.015353 	47940 
372.87 	0.015566 	48605 
373.18 	0.015673 	49271 
373.52 	0.015886 	49937 
373.78 	0.016099 	50603 
374.15 	0.016313 	51269 
374.50 	0.016526 	51935 
374.80 	0.016739 	52600 
375.17 	0.016846 	53266 
375.67 	0.017059 	53599 
376.17 	0.017166 	53766 
376.67 	0.017166 	53766 
377.17 	0.017166 	53766 
377.67 	0.017166 	53766 
378.17 	0.017059 	53766 
378.67 	0.017166 	53766 
379.17 	0.017166 	53766 
379.67 	0.017166 	53599 
380.17 	0.017166 	53766 
380.67 	0.017166 	53599 
381.17 	0.017166 	53766 
381.67 	0.017166 	53766 
382.17 	0.017166 	53766 
382.67 	0.017166 	53766 
383.17 	0.017166 	53766 
383.67 	0.017166 	53766 
384.17 	0.017166 	53599 
384.67 	0.017166 	53766 
385.17 	0.017166 	53766 
385.67 	0.017166 	53766 
386.17 	0.017166 	53766 
386.67 	0.017166 	53766 
387.17 	0.017166 	53766 
387.67 	0.017166 	53766 
388.17 	0.017166 	53766 
388.67 	0.017166 	53599 
389.17 	0.017166 	53766 
389.67 	0.017166 	53932 
390.17 	0.017166 	53766 
390.67 	0.017166 	53766 
391.17 	0.017166 	53766 
391.67 	0.017166 	53932 
392.17 	0.017166 	53599 
392.67 	0.017166 	53599 
393.17 	0.017166 	53766 
393.67 	0.017166 	53766 
394.17 	0.017166 	53766 
394.67 	0.017166 	53766 
395.17 	0.017166 	53766 
395.67 	0.017166 	53766 
396.17 	0.017059 	53766 
396.67 	0.017166 	53766 
397.17 	0.017166 	53766 
397.67 	0.017166 	53766 
398.17 	0.017166 	53932 
398.67 	0.017166 	53766 
399.17 	0.017166 	53599 
399.67 	0.017166 	53766 
400.17 	0.017166 	53932 
400.67 	0.017166 	53766 
401.17 	0.017059 	53766 
401.67 	0.017166 	53766 
402.17 	0.017059 	53932 
402.67 	0.017166 	53766 
403.17 	0.017059 	53766 
403.67 	0.017059 	53766 
404.17 	0.017166 	53766 
404.67 	0.017166 	53766 
405.17 	0.017059 	53766 
405.67 	0.017166 	53932 
406.17 	0.017166 	53766 
406.67 	0.017059 	53766 
407.17 	0.017166 	53766 
407.67 	0.017059 	53766 
408.17 	0.017166 	53766 
408.67 	0.017059 	53766 
409.17 	0.017166 	53932 
409.67 	0.017166 	53766 
410.17 	0.017059 	53599 
410.67 	0.017166 	53766 
411.17 	0.017166 	53932 
411.67 	0.017166 	53766 
412.17 	0.017059 	53766 
412.67 	0.017166 	53766 
413.17 	0.017166 	53932 
413.67 	0.017166 	53766 
414.17 	0.017166 	53599 
414.67 	0.017059 	53766 
415.17 	0.017166 	53766 
415.67 	0.017166 	53932 
416.17 	0.017059 	53766 
416.67 	0.017059 	53766 
417.17 	0.017166 	53766 
417.67 	0.017166 	53766 
418.17 	0.017166 	53599 
418.67 	0.017166 	53766 
419.17 	0.017166 	53766 
419.67 	0.017166 	53766 
420.17 	0.017059 	53766 
420.67 	0.017166 	53766 
421.17 	0.017166 	53766 
421.67 	0.017166 	53766 
422.17 	0.017166 	53766 
422.67 	0.017166 	53766 
423.17 	0.017166 	53766 
423.67 	0.017166 	53599 
424.17 	0.017166 	53766 
424.67 	0.017166 	53766 
425.17 	0.017166 	53766 
425.67 	0.017166 	53932 
426.17 	0.017166 	53766 
426.67 	0.017166 	53766 
427.17 	0.017166 	53766 
427.67 	0.017166 	53766 
428.17 	0.017166 	53766 
428.67 	0.017166 	53766 
429.17 	0.017166 	53766 
429.67 	0.017166 	53766 
430.17 	0.017166 	53766 
430.67 	0.017166 	53599 
431.17 	0.017166 	53766 
431.67 	0.017166 	53766 
432.17 	0.017166 	53766 
432.67 	0.017166 	53766 
433.17 	0.017166 	53766 
433.67 	0.017166 	53766 
434.17 	0.017166 	53766 
434.67 	0.017166 	53766 
435.17 	0.017166 	53766 
435.67 	0.017059 	53599 
436.08 	0.016952 	52933 
436.43 	0.016846 	52267 
436.77 	0.016632 	51602 
437.13 	0.016419 	50936 
437.45 	0.016206 	50270 
437.82 	0.016099 	49604 
438.12 	0.015886 	48938 
438.47 	0.015673 	48272 
438.80 	0.015566 	47607 
439.15 	0.015353 	46941 
439.45 	0.015140 	46275 
439.75 	0.015033 	45609 
440.10 	0.014820 	44943 
440.45 	0.014607 	44278 
440.75 	0.014393 	43612 
441.13 	0.014180 	42946 
441.45 	0.014074 	42280 
441.78 	0.013754 	41614 
442.13 	0.013647 	40948 
442.45 	0.013434 	40283 
442.78 	0.013221 	39617 
443.13 	0.013007 	38951 
443.45 	0.012794 	38285 
443.78 	0.012688 	37619 
444.13 	0.012474 	36953 
444.43 	0.012261 	36288 
444.82 	0.012048 	35622 
445.12 	0.011835 	34956 
445.48 	0.011621 	34290 
445.82 	0.011515 	33624 
446.20 	0.011302 	32958 
446.60 	0.011088 	32293 
446.95 	0.010875 	31627 
447.35 	0.010662 	30961 
447.68 	0.010555 	30295 
448.03 	0.010342 	29629 
448.38 	0.010022 	28963 
448.73 	0.0099155 	28298 
449.10 	0.0097022 	27632 
449.43 	0.0094890 	26966 
449.73 	0.0092758 	26300 
450.00 	0.0090625 	25634 
450.32 	0.0088493 	24969 
450.60 	0.0087427 	24303 
450.93 	0.0085294 	23637 
451.25 	0.0083162 	22971 
451.60 	0.0081030 	22305 
451.93 	0.0079964 	21639 
452.27 	0.0077831 	20974 
452.73 	0.0074633 	20308 
453.13 	0.0073566 	19642 
453.63 	0.0071434 	19309 
453.93 	0.0069302 	18643 
454.15 	0.0067169 	17977 
454.37 	0.0066103 	17312 
454.58 	0.0063971 	16646 
454.85 	0.0061839 	15980 
455.13 	0.0059706 	15314 
455.47 	0.0057574 	14648 
455.78 	0.0055441 	13982 
456.07 	0.0053309 	13317 
456.45 	0.0052243 	12651 
456.77 	0.0050111 	11985 
457.05 	0.0047978 	11319 
457.48 	0.0045846 	10653 
457.83 	0.0043713 	9820.9 
458.28 	0.0040515 	9155.1 
458.57 	0.0039449 	8489.3 
458.95 	0.0037316 	7823.5 
459.32 	0.0035184 	7157.6 
459.70 	0.0033052 	6491.8 
460.13 	0.0030919 	5826.0 
460.62 	0.0028787 	5160.2 
461.12 	0.0027721 	4494.3 
461.62 	0.0028787 	4161.4 
462.12 	0.0033052 	3828.5 
462.33 	0.0037316 	3828.5 
462.47 	0.0041581 	3995.0 
462.58 	0.0045846 	3995.0 
462.73 	0.0050111 	3995.0 
462.85 	0.0054375 	3828.5 
462.97 	0.0058640 	3828.5 
463.12 	0.0062905 	3828.5 
463.62 	0.0059706 	3662.0 
464.10 	0.0055441 	3662.0 
464.60 	0.0054375 	3662.0 
465.10 	0.0053309 	3662.0 
465.60 	0.0052243 	3662.0 
466.10 	0.0051177 	3495.6 
466.60 	0.0050111 	3662.0 
467.10 	0.0050111 	3495.6 
467.60 	0.0050111 	3495.6 
468.10 	0.0050111 	3329.1 
468.60 	0.0050111 	3329.1 
469.10 	0.0050111 	3329.1 
469.60 	0.0050111 	3329.1 
470.10 	0.0050111 	3162.7 
470.60 	0.0049044 	2996.2 
471.10 	0.0049044 	2663.3 
471.60 	0.0049044 	2663.3 
472.10 	0.0047978 	2496.9 
472.60 	0.0047978 	2330.4 
473.10 	0.0047978 	2330.4 
473.60 	0.0046912 	2330.4 
474.10 	0.0046912 	2163.9 
474.60 	0.0046912 	2163.9 
475.10 	0.0046912 	2163.9 
475.60 	0.0046912 	2163.9 
476.10 	0.0046912 	2163.9 
476.60 	0.0046912 	2163.9 
477.10 	0.0046912 	2163.9 
477.60 	0.0046912 	2163.9 
478.10 	0.0045846 	2163.9 
478.60 	0.0046912 	2330.4 
479.10 	0.0045846 	2163.9 
479.60 	0.0045846 	2163.9 
480.10 	0.0045846 	2330.4 
480.60 	0.0045846 	2330.4 
481.10 	0.0045846 	2163.9 
481.60 	0.0044780 	2163.9 
482.10 	0.0045846 	2163.9 
482.60 	0.0045846 	2163.9 
483.10 	0.0045846 	1997.5 
483.60 	0.0044780 	2163.9 
484.10 	0.0044780 	2163.9 
484.60 	0.0044780 	2330.4 
485.10 	0.0044780 	2163.9 
485.60 	0.0044780 	2163.9 
486.10 	0.0044780 	2163.9 
486.60 	0.0044780 	2163.9 
487.10 	0.0044780 	2163.9 
487.60 	0.0044780 	2163.9 
488.10 	0.0044780 	2163.9 
488.60 	0.0043713 	2163.9 
489.10 	0.0043713 	2330.4 
489.60 	0.0043713 	2163.9 
490.10 	0.0043713 	2163.9 
490.60 	0.0043713 	2163.9 
491.10 	0.0043713 	2330.4 
491.60 	0.0043713 	2330.4 
492.10 	0.0043713 	2163.9 
492.60 	0.0043713 	2163.9 
493.10 	0.0043713 	2163.9 
493.60 	0.0043713 	2330.4 
494.10 	0.0043713 	2163.9 
494.60 	0.0043713 	2163.9 
495.10 	0.0043713 	2163.9 
495.60 	0.0043713 	2330.4 
496.10 	0.0042647 	2163.9 
496.60 	0.0043713 	2163.9 
497.10 	0.0042647 	2163.9 
497.60 	0.0043713 	2330.4 
498.10 	0.0043713 	2163.9 
498.60 	0.0042647 	1997.5 
499.10 	0.0042647 	1997.5 
499.60 	0.0042647 	2163.9 
500.10 	0.0042647 	2163.9 
500.60 	0.0042647 	2163.9 
501.10 	0.0042647 	1997.5 
501.60 	0.0043713 	2163.9 
502.10 	0.0042647 	2163.9 
502.60 	0.0042647 	2163.9 
503.10 	0.0042647 	1997.5 
503.60 	0.0041581 	2163.9 
504.10 	0.0041581 	2330.4 
504.60 	0.0040515 	2163.9 
505.10 	0.0040515 	2163.9 
505.60 	0.0040515 	2163.9 
506.10 	0.0039449 	2330.4 
506.60 	0.0039449 	2330.4 
507.10 	0.0039449 	2163.9 
507.60 	0.0039449 	2163.9 
508.10 	0.0038383 	2163.9 
508.60 	0.0038383 	2330.4 
509.10 	0.0038383 	2163.9 
509.60 	0.0038383 	2163.9 
510.10 	0.0038383 	1997.5 
510.60 	0.0037316 	2330.4 
511.10 	0.0037316 	2163.9 
511.60 	0.0037316 	2163.9 
512.10 	0.0038383 	2163.9 
512.60 	0.0037316 	2163.9 
513.10 	0.0038383 	2163.9 
513.60 	0.0037316 	2163.9 
514.10 	0.0038383 	2163.9 
514.60 	0.0037316 	2163.9 
515.10 	0.0037316 	2163.9 
515.60 	0.0037316 	2163.9 
516.10 	0.0037316 	1997.5 
516.60 	0.0037316 	2163.9 
517.10 	0.0037316 	2163.9 
517.60 	0.0037316 	2163.9 
518.10 	0.0037316 	2163.9 
518.60 	0.0037316 	2163.9 
519.10 	0.0037316 	2163.9 
519.60 	0.0037316 	1997.5 
520.10 	0.0037316 	2163.9 
520.60 	0.0037316 	2163.9 
521.10 	0.0037316 	2163.9 
521.60 	0.0037316 	2163.9 
522.10 	0.0037316 	2163.9 
522.60 	0.0037316 	2163.9 
523.10 	0.0037316 	2163.9 
523.60 	0.0037316 	2163.9 
524.10 	0.0037316 	2330.4 
524.60 	0.0037316 	2163.9 
525.10 	0.0037316 	2163.9 
525.60 	0.0037316 	2163.9 
526.10 	0.0037316 	2163.9 
526.60 	0.0037316 	2163.9 
527.10 	0.0037316 	2163.9 
527.60 	0.0037316 	1997.5 
528.10 	0.0037316 	2163.9 
528.60 	0.0037316 	2163.9 
529.10 	0.0037316 	1997.5 
529.60 	0.0037316 	2163.9 
530.10 	0.0037316 	2163.9 
530.60 	0.0037316 	2330.4 
531.10 	0.0037316 	2163.9 
531.60 	0.0038383 	1997.5 
532.10 	0.0037316 	2163.9 
532.60 	0.0037316 	2163.9 
533.10 	0.0037316 	2163.9 
533.60 	0.0037316 	1997.5 
534.10 	0.0037316 	2163.9 
534.60 	0.0037316 	2330.4 
535.10 	0.0037316 	2163.9 
535.60 	0.0037316 	2163.9 
536.10 	0.0037316 	2163.9 
536.60 	0.0037316 	2163.9 
537.10 	0.0037316 	2163.9 
537.60 	0.0037316 	2163.9 
538.10 	0.0037316 	2163.9 
538.60 	0.0037316 	2163.9 
539.10 	0.0037316 	2163.9 
539.60 	0.0037316 	1997.5 
540.10 	0.0037316 	1997.5 
540.60 	0.0037316 	2163.9 
541.10 	0.0037316 	1997.5 
541.60 	0.0037316 	2163.9 
542.10 	0.0037316 	2163.9 
542.60 	0.0037316 	2163.9 
543.10 	0.0037316 	2163.9 
543.60 	0.0037316 	2163.9 
544.10 	0.0037316 	2163.9 
544.60 	0.0037316 	2163.9 
545.10 	0.0037316 	2163.9 
545.60 	0.0037316 	2163.9 
546.10 	0.0037316 	2163.9 
546.60 	0.0037316 	2163.9 
547.10 	0.0037316 	2163.9 
547.60 	0.0037316 	1997.5 
548.10 	0.0037316 	1997.5 
548.60 	0.0037316 	2330.4 
549.10 	0.0037316 	2330.4 
549.60 	0.0037316 	1997.5 
550.10 	0.0037316 	1997.5 
550.60 	0.0037316 	2163.9 
551.10 	0.0037316 	2163.9 
551.60 	0.0037316 	2163.9 
552.10 	0.0037316 	2163.9 
552.60 	0.0036250 	2163.9 
553.10 	0.0037316 	2330.4 
553.60 	0.0036250 	2163.9 
554.10 	0.0037316 	2163.9 
554.60 	0.0037316 	2163.9 
555.10 	0.0037316 	2663.3 
555.60 	0.0038383 	3162.7 
556.10 	0.0039449 	3662.0 
556.52 	0.0041581 	4327.9 
557.02 	0.0041581 	4327.9 
557.52 	0.0041581 	4660.8 
558.02 	0.0041581 	4827.2 
558.52 	0.0041581 	4993.7 
558.95 	0.0042647 	5659.5 
559.17 	0.0043713 	6325.4 
559.35 	0.0044780 	6991.2 
559.58 	0.0046912 	7657.0 
559.88 	0.0049044 	8322.8 
560.18 	0.0051177 	8988.7 
560.40 	0.0053309 	9654.5 
560.53 	0.0055441 	10320 
560.78 	0.0057574 	10986 
560.93 	0.0059706 	11652 
561.10 	0.0060772 	12318 
561.35 	0.0063971 	13150 
561.57 	0.0066103 	13816 
561.77 	0.0068236 	14482 
562.03 	0.0070368 	15148 
562.27 	0.0071434 	15813 
562.58 	0.0073566 	16479 
562.98 	0.0076765 	17145 
563.48 	0.0077831 	17644 
563.72 	0.0079964 	18310 
563.90 	0.0082096 	18976 
564.15 	0.0084228 	19642 
564.38 	0.0085294 	20308 
564.65 	0.0087427 	20974 
564.92 	0.0089559 	21639 
565.27 	0.0091692 	22305 
565.57 	0.0093824 	22971 
565.90 	0.0095956 	23637 
566.23 	0.0098089 	24303 
566.60 	0.0099155 	24969 
566.97 	0.010129 	25634 
567.28 	0.010342 	26300 
567.60 	0.010662 	26966 
567.90 	0.010768 	27632 
568.27 	0.010982 	28298 
568.57 	0.011195 	28963 
568.90 	0.011408 	29629 
569.27 	0.011621 	30295 
569.65 	0.011835 	30961 
570.00 	0.011941 	31627 
570.32 	0.012154 	32293 
570.70 	0.012368 	32958 
571.05 	0.012581 	33624 
571.35 	0.012688 	34290 
571.68 	0.012901 	34956 
572.03 	0.013114 	35622 
572.43 	0.013327 	36288 
572.70 	0.013540 	36953 
572.92 	0.013754 	37619 
573.13 	0.013967 	38285 
573.40 	0.014074 	38951 
573.70 	0.014287 	39617 
574.00 	0.014500 	40283 
574.28 	0.014607 	40948 
574.62 	0.014927 	41614 
574.97 	0.015033 	42280 
575.27 	0.015246 	42946 
575.58 	0.015460 	43612 
575.92 	0.015673 	44278 
576.27 	0.015886 	44943 
576.63 	0.016099 	45609 
576.90 	0.016313 	46275 
577.25 	0.016419 	46941 
577.55 	0.016632 	47607 
577.88 	0.016846 	48272 
578.20 	0.017059 	48938 
578.55 	0.017272 	49604 
578.85 	0.017379 	50270 
579.20 	0.017699 	50936 
579.50 	0.017805 	51602 
579.83 	0.018018 	52267 
580.18 	0.018232 	52933 
580.60 	0.018445 	53599 
581.10 	0.018445 	53599 
581.60 	0.018552 	53766 
582.10 	0.018552 	53766 
582.60 	0.018552 	53766 
583.10 	0.018552 	53766 
583.60 	0.018552 	53766 
584.10 	0.018552 	53766 
584.60 	0.018552 	53766 
585.10 	0.018552 	53766 
585.60 	0.018552 	53766 
586.10 	0.018552 	53766 
586.60 	0.018552 	53766 
587.10 	0.018552 	53766 
587.60 	0.018552 	53766 
588.10 	0.018552 	53766 
588.60 	0.018552 	53766 
589.10 	0.018552 	53766 
589.60 	0.018552 	53599 
590.10 	0.018552 	53766 
590.60 	0.018552 	53766 
591.10 	0.018552 	53766 
591.60 	0.018552 	53766 
592.10 	0.018658 	53766 
592.60 	0.018552 	53766 
593.10 	0.018658 	53766 
593.60 	0.018552 	53766 
594.10 	0.018552 	53766 
594.60 	0.018552 	53766 
595.10 	0.018552 	53766 
595.60 	0.018658 	53766 
596.10 	0.018552 	53932 
596.60 	0.018552 	53766 
597.10 	0.018552 	53766 
597.60 	0.018552 	53766 
598.10 	0.018552 	53766 
598.60 	0.018552 	53766 
599.10 	0.018552 	53766 
599.60 	0.018552 	53932 
600.10 	0.018552 	53766 
600.60 	0.018552 	53766 
601.10 	0.018658 	53766 
601.60 	0.018552 	53766 
602.10 	0.018552 	53599 
602.60 	0.018552 	53766 
603.10 	0.018552 	53932 
603.60 	0.018552 	53766 
604.10 	0.018552 	53766 
604.60 	0.018552 	53766 
605.10 	0.018658 	53932 
605.60 	0.018552 	53766 
606.10 	0.018552 	53599 
606.60 	0.018552 	53766 
607.10 	0.018658 	53766 
607.60 	0.018552 	53766 
608.10 	0.018552 	53766 
608.60 	0.018552 	53766 
609.10 	0.018552 	53766 
609.60 	0.018552 	53932 
610.10 	0.018552 	53766 
610.60 	0.018552 	53766 
611.10 	0.018658 	53766 
611.60 	0.018552 	53766 
612.10 	0.018552 	53766 
612.60 	0.018552 	53766 
613.10 	0.018658 	53766 
613.60 	0.018552 	53766 
614.10 	0.018552 	53599 
614.60 	0.018552 	53766 
615.10 	0.018552 	53766 
615.60 	0.018658 	53766 
616.10 	0.018552 	53766 
616.60 	0.018552 	53766 
617.10 	0.018552 	53766 
617.60 	0.018552 	53599 
618.10 	0.018552 	53766 
618.60 	0.018658 	53766 
619.10 	0.018552 	53766 
619.60 	0.018552 	53599 
620.10 	0.018552 	53766 
620.60 	0.018658 	53766 
621.10 	0.018658 	53766 
621.60 	0.018552 	53766 
622.10 	0.018552 	53766 
622.60 	0.018552 	53766 
623.10 	0.018552 	53766 
623.60 	0.018552 	53766 
624.10 	0.018552 	53766 
624.60 	0.018552 	53766 
625.10 	0.018552 	53766 
625.60 	0.018552 	53599 
626.10 	0.018658 	53932 
626.60 	0.018552 	53766 
627.10 	0.018552 	53766 
627.60 	0.018552 	53599 
628.10 	0.018552 	53766 
628.60 	0.018552 	53766 
629.10 	0.018552 	53766 
629.60 	0.018552 	53766 
630.10 	0.018552 	53766 
630.60 	0.018552 	53766 
631.10 	0.018552 	53766 
631.60 	0.018552 	53766 
632.10 	0.018552 	53766 
632.60 	0.018552 	53766 
633.10 	0.018658 	53932 
633.60 	0.018552 	53766 
634.10 	0.018552 	53599 
634.60 	0.018552 	53766 
635.10 	0.018552 	53932 
635.60 	0.018552 	53766 
636.10 	0.018552 	53932 
636.60 	0.018552 	53599 
637.10 	0.018552 	53766 
637.60 	0.018552 	53766 
638.10 	0.018552 	53766 
638.60 	0.018552 	53766 
639.10 	0.018552 	53766 
639.60 	0.018552 	53766 
640.10 	0.018552 	53766 
640.60 	0.018552 	53766 
641.10 	0.018552 	53599 
641.60 	0.018552 	53766 
642.10 	0.018552 	53599 
642.60 	0.018552 	53766 
643.10 	0.018658 	53932 
643.60 	0.018552 	53766 
644.10 	0.018552 	53766 
644.60 	0.018552 	53766 
645.10 	0.018552 	53766 
645.60 	0.018552 	53766 
646.10 	0.018552 	53766 
646.60 	0.018552 	53766 
647.10 	0.018552 	53766 
647.60 	0.018552 	53766 
648.10 	0.018552 	53766 
648.60 	0.018552 	53766 
649.10 	0.018552 	53766 
649.60 	0.018552 	53766 
650.10 	0.018552 	53766 
650.60 	0.018552 	53766 
651.10 	0.018552 	53766 
651.60 	0.018552 	53599 
652.10 	0.018552 	53766 
652.60 	0.018552 	53766 
653.10 	0.018552 	53766 
653.60 	0.018552 	53766 
654.10 	0.018552 	53766 
654.60 	0.018552 	53766 
655.10 	0.018552 	53766 
655.60 	0.018445 	53766 
656.10 	0.018552 	53766 
656.60 	0.018552 	53766 
657.10 	0.018552 	53932 
657.60 	0.018445 	53766 
658.10 	0.018552 	53766 
658.60 	0.018552 	53766 
659.10 	0.018552 	53766 
659.60 	0.018552 	53766 
660.10 	0.018552 	53932 
660.60 	0.018552 	53766 
661.10 	0.018552 	53766 
661.60 	0.018552 	53766 
662.10 	0.018552 	53766 
662.60 	0.018552 	53766 
663.10 	0.018552 	53766 
663.60 	0.018552 	53766 
664.10 	0.018552 	53766 
664.60 	0.018552 	53766 
665.10 	0.018552 	53766 
665.60 	0.018552 	53766 
666.10 	0.018552 	53766 
666.60 	0.018552 	53766 
667.10 	0.018552 	53766 
667.60 	0.018552 	53766 
668.10 	0.018552 	53599 
668.60 	0.018552 	53766 
669.10 	0.018552 	53932 
669.60 	0.018445 	53766 
670.10 	0.018552 	53599 
670.60 	0.018552 	53766 
671.10 	0.018552 	53766 
671.60 	0.018552 	53766 
672.10 	0.018552 	53766 
672.60 	0.018552 	53766 
673.10 	0.018552 	53766 
673.60 	0.018552 	53599 
674.10 	0.018552 	53766 
674.60 	0.018552 	53766 
675.10 	0.018552 	53766 
675.60 	0.018552 	53766 
676.10 	0.018552 	53766 
676.60 	0.018552 	53766 
677.10 	0.018552 	53766 
677.60 	0.018552 	53766 
678.10 	0.018552 	53766 
678.60 	0.018552 	53766 
679.10 	0.018552 	53599 
679.60 	0.018552 	53599 
680.10 	0.018552 	53932 
680.60 	0.018552 	53766 
681.10 	0.018552 	53766 
681.60 	0.018552 	53766 
682.10 	0.018552 	53766 
682.60 	0.018552 	53766 
683.10 	0.018552 	53766 
683.60 	0.018552 	53932 
684.10 	0.018552 	53766 
684.60 	0.018552 	53766 
685.10 	0.018552 	53766 
685.60 	0.018552 	53766 
686.10 	0.018552 	53766 
686.60 	0.018552 	53766 
687.10 	0.018552 	53766 
687.60 	0.018552 	53766 
688.10 	0.018552 	53766 
688.60 	0.018552 	53766 
689.10 	0.018552 	53766 
689.60 	0.018552 	53766 
690.10 	0.018552 	53932 
690.60 	0.018552 	53766 
691.10 	0.018552 	53766 
691.60 	0.018552 	53766 
692.10 	0.018552 	53766 
692.60 	0.018552 	53766 
693.10 	0.018552 	53766 
693.60 	0.018552 	53766 
694.10 	0.018552 	53766 
694.60 	0.018552 	53766 
695.10 	0.018552 	53766 
695.60 	0.018552 	53599 
696.10 	0.018552 	53766 
696.60 	0.018552 	53932 
697.10 	0.018552 	53766 
697.60 	0.018552 	53766 
698.10 	0.018552 	53932 
698.60 	0.018552 	53766 
699.10 	0.018552 	53766 
699.60 	0.018552 	53766 
700.10 	0.018552 	53766 
700.60 	0.018552 	53599 
701.10 	0.018552 	53766 
701.60 	0.018552 	53766 
702.10 	0.018552 	53766 
702.60 	0.018552 	53766 
703.10 	0.018552 	53766 
703.60 	0.018552 	53766 
704.10 	0.018552 	53766 
704.60 	0.018552 	53766 
705.10 	0.018552 	53766 
705.60 	0.018552 	53766 
706.10 	0.018552 	53766 
706.60 	0.018552 	53766 
707.10 	0.018552 	53932 
707.60 	0.018552 	53766 
708.10 	0.018552 	53766 
708.60 	0.018552 	53766 
709.10 	0.018552 	53766 
709.60 	0.018552 	53766 
710.10 	0.018552 	53766 
710.60 	0.018552 	53766 
711.10 	0.018552 	53766 
711.60 	0.018552 	53766 
712.10 	0.018552 	53766 
712.60 	0.018552 	53766 
713.10 	0.018552 	53766 
713.60 	0.018552 	53766 
714.10 	0.018552 	53766 
714.60 	0.018552 	53766 
715.10 	0.018552 	53766 
715.60 	0.018552 	53766 
716.10 	0.018552 	53766 
716.60 	0.018552 	53766 
717.10 	0.018552 	53766 
717.60 	0.018552 	53766 
718.10 	0.018552 	53932 
718.60 	0.018552 	53766 
719.10 	0.018552 	53599 
719.60 	0.018552 	53766 
720.10 	0.018552 	53766 
720.60 	0.018552 	53599 
721.10 	0.018552 	53766 
721.60 	0.018552 	53766 
722.10 	0.018552 	53766 
722.60 	0.018552 	53932 
723.10 	0.018552 	53766 
723.60 	0.018552 	53599 
724.10 	0.018552 	53766 
724.60 	0.018552 	53932 
725.10 	0.018552 	53766 
725.60 	0.018552 	53766 
726.10 	0.018552 	53766 
726.60 	0.018552 	53599 
727.10 	0.018552 	53766 
727.60 	0.018552 	53932 
728.10 	0.018552 	53932 
728.60 	0.018552 	53766 
729.10 	0.018552 	53766 
729.60 	0.018552 	53766 
730.10 	0.018552 	53766 
730.60 	0.018552 	53766 
731.10 	0.018552 	53766 
731.60 	0.018552 	53932 
732.10 	0.018552 	53766 
732.60 	0.018552 	53766 
733.10 	0.018552 	53766 
733.60 	0.018552 	53766 
734.10 	0.018552 	53766 
734.60 	0.018552 	53766 
735.10 	0.018552 	53766 
735.60 	0.018552 	53766 
736.10 	0.018552 	53766 
736.60 	0.018552 	53766 
737.10 	0.018552 	53766 
737.60 	0.018552 	53766 
738.10 	0.018552 	53766 
738.60 	0.018552 	53766 
739.10 	0.018552 	53766 
739.60 	0.018552 	53932 
740.10 	0.018552 	53766 
740.60 	0.018552 	53766 
741.10 	0.018552 	53766 
741.60 	0.018552 	53599 
742.10 	0.018552 	53766 
742.60 	0.018552 	53932 
743.10 	0.018552 	53766 
743.60 	0.018552 	53766 
744.10 	0.018552 	53932 
744.60 	0.018552 	53766 
745.10 	0.018552 	53766 
745.60 	0.018552 	53766 
746.10 	0.018552 	53932 
746.60 	0.018552 	53766 
747.10 	0.018552 	53766 
747.60 	0.018552 	53766 
748.10 	0.018552 	53766 
748.60 	0.018552 	53766 
749.10 	0.018552 	53766 
749.60 	0.018552 	53766 
750.10 	0.018552 	53766 
750.60 	0.018552 	53766 
751.10 	0.018552 	53766 
751.60 	0.018552 	53766 
752.10 	0.018552 	53599 
752.60 	0.018552 	53766 
753.10 	0.018552 	53766 
753.60 	0.018552 	53766 
754.10 	0.018552 	53766 
754.60 	0.018552 	53766 
755.10 	0.018552 	53766 
755.60 	0.018552 	53766 
756.10 	0.018552 	53766 
756.60 	0.018552 	53766 
757.10 	0.018552 	53766 
757.60 	0.018552 	53599 
758.10 	0.018552 	53766 
758.60 	0.018552 	53932 
759.03 	0.018552 	54598 
759.43 	0.018552 	55264 
759.75 	0.018552 	55929 
760.07 	0.018552 	56595 
760.37 	0.018552 	57261 
760.77 	0.018552 	57927 
761.08 	0.018552 	58593 
761.42 	0.018552 	59259 
761.77 	0.018552 	59924 
762.08 	0.018552 	60590 
762.45 	0.018552 	61256 
762.78 	0.018552 	61922 
763.08 	0.018552 	62588 
763.42 	0.018552 	63254 
763.72 	0.018552 	63919 
764.07 	0.018552 	64585 
764.40 	0.018552 	65251 
764.72 	0.018552 	65917 
765.07 	0.018552 	66583 
765.40 	0.018552 	67249 
765.75 	0.018552 	67914 
766.08 	0.018552 	68580 
766.40 	0.018552 	69246 
766.73 	0.018552 	69912 
767.03 	0.018552 	70578 
767.37 	0.018552 	71244 
767.70 	0.018552 	71909 
768.00 	0.018552 	72575 
768.38 	0.018552 	73241 
768.68 	0.018552 	73907 
769.00 	0.018552 	74573 
769.32 	0.018552 	75238 
769.68 	0.018552 	75904 
770.00 	0.018552 	76570 
770.37 	0.018552 	77236 
770.65 	0.018552 	77902 
770.98 	0.018552 	78568 
771.33 	0.018552 	79233 
771.67 	0.018552 	79899 
771.98 	0.018552 	80565 
772.33 	0.018552 	81231 
772.63 	0.018552 	81897 
773.02 	0.018552 	82563 
773.32 	0.018552 	83228 
773.65 	0.018552 	83894 
773.97 	0.018552 	84560 
774.28 	0.018552 	85226 
774.62 	0.018552 	85892 
774.93 	0.018552 	86558 
775.22 	0.018552 	87223 
775.60 	0.018552 	87889 
775.93 	0.018552 	88555 
776.27 	0.018552 	89221 
776.60 	0.018552 	89887 
776.92 	0.018552 	90552 
777.23 	0.018552 	91218 
777.58 	0.018552 	91884 
777.92 	0.018552 	92550 
778.23 	0.018552 	93216 
778.53 	0.018552 	93882 
778.88 	0.018552 	94547 
779.23 	0.018552 	95213 
779.52 	0.018552 	95879 
779.90 	0.018552 	96545 
780.20 	0.018552 	97211 
780.55 	0.018552 	97877 
780.90 	0.018552 	98542 
781.18 	0.018552 	99208 
781.55 	0.018552 	99874 
781.87 	0.018552 	100540 
782.18 	0.018552 	101210 
782.48 	0.018552 	101870 
782.80 	0.018552 	102540 
783.17 	0.018552 	103200 
783.53 	0.018552 	103870 
783.82 	0.018552 	104530 
784.13 	0.018552 	105200 
784.50 	0.018552 	105870 
784.80 	0.018552 	106530 
785.13 	0.018552 	107200 
785.50 	0.018552 	107860 
785.78 	0.018552 	108530 
786.15 	0.018552 	109200 
786.48 	0.018552 	109860 
786.78 	0.018552 	110530 
787.08 	0.018552 	111190 
787.45 	0.018552 	111860 
787.75 	0.018552 	112520 
788.10 	0.018552 	113190 
788.45 	0.018552 	113860 
788.73 	0.018552 	114520 
789.08 	0.018552 	115190 
789.43 	0.018552 	115850 
789.72 	0.018552 	116520 
790.10 	0.018552 	117190 
790.38 	0.018552 	117850 
790.73 	0.018552 	118520 
791.07 	0.018552 	119180 
791.40 	0.018552 	119850 
791.68 	0.018552 	120510 
792.02 	0.018552 	121180 
792.38 	0.018552 	121850 
792.73 	0.018552 	122510 
793.00 	0.018552 	123180 
793.40 	0.018552 	123840 
793.70 	0.018552 	124510 
794.05 	0.018552 	125180 
794.35 	0.018552 	125840 
794.68 	0.018552 	126510 
795.00 	0.018552 	127170 
795.35 	0.018552 	127840 
795.82 	0.018552 	128840 
796.32 	0.018552 	129670 
796.73 	0.018552 	130670 
797.23 	0.018552 	131500 
797.63 	0.018552 	132500 
798.12 	0.018552 	133500 
798.62 	0.018552 	134330 
799.05 	0.018552 	135330 
799.53 	0.018552 	136330 
800.03 	0.018552 	137160 
800.43 	0.018552 	138160 
800.93 	0.018552 	139160 
801.43 	0.018552 	140160 
801.92 	0.018552 	141160 
802.42 	0.018552 	141990 
802.82 	0.018552 	142990 
803.28 	0.018552 	143990 
803.78 	0.018552 	144980 
804.28 	0.018552 	145820 
804.70 	0.018552 	146810 
805.20 	0.018552 	147650 
805.60 	0.018552 	148650 
806.10 	0.018552 	149480 
806.50 	0.018552 	150480 
807.00 	0.018552 	151310 
807.43 	0.018552 	152310 
807.90 	0.018552 	153310 
808.40 	0.018552 	154140 
808.85 	0.018552 	155140 
809.32 	0.018552 	156140 
809.82 	0.018552 	156970 
810.23 	0.018552 	157970 
810.73 	0.018552 	158970 
811.22 	0.018552 	159960 
811.72 	0.018552 	160800 
812.13 	0.018552 	161800 
812.60 	0.018552 	162790 
813.10 	0.018552 	163630 
813.55 	0.018552 	164630 
814.03 	0.018552 	165620 
814.52 	0.018552 	166620 
815.00 	0.018552 	167620 
815.48 	0.018552 	168620 
815.98 	0.018552 	169450 
816.40 	0.018552 	170450 
816.90 	0.018552 	171450 
817.40 	0.018552 	172450 
817.90 	0.018552 	173450 
818.40 	0.018552 	174450 
818.90 	0.018552 	175450 
819.40 	0.018552 	176440 
819.90 	0.018552 	177440 
820.40 	0.018552 	178440 
820.90 	0.018552 	179440 
821.40 	0.018552 	180440 
821.90 	0.018552 	181440 
822.40 	0.018552 	182440 
822.90 	0.018552 	183440 
823.40 	0.018552 	184430 
823.90 	0.018552 	185430 
824.40 	0.018552 	186600 
824.90 	0.018552 	187600 
825.40 	0.018552 	188430 
825.90 	0.018552 	189590 
826.40 	0.018552 	190590 
826.90 	0.018552 	191590 
827.40 	0.018552 	192590 
827.90 	0.018552 	193590 
828.40 	0.018552 	194590 
828.90 	0.018552 	195750 
829.40 	0.018552 	196750 
829.90 	0.018552 	197750 
830.40 	0.018552 	198750 
830.90 	0.018552 	199580 
831.40 	0.018552 	200580 
831.90 	0.018552 	201580 
832.40 	0.018552 	202580 
832.90 	0.018552 	203740 
833.40 	0.018552 	204740 
833.90 	0.018552 	205740 
834.40 	0.018552 	206740 
834.90 	0.018552 	207740 
835.40 	0.018552 	208900 
835.90 	0.018552 	209900 
836.40 	0.018552 	210730 
836.90 	0.018552 	211730 
837.40 	0.018552 	212900 
837.90 	0.018552 	213730 
838.40 	0.018552 	214900 
838.90 	0.018552 	215730 
839.40 	0.018552 	216890 
839.90 	0.018552 	217890 
840.40 	0.018552 	218890 
840.90 	0.018552 	219890 
841.40 	0.018552 	220890 
841.90 	0.018552 	221890 
842.40 	0.018552 	222890 
842.90 	0.018552 	223880 
843.40 	0.018552 	224880 
843.90 	0.018552 	225880 
844.40 	0.018552 	226880 
844.90 	0.018552 	228050 
845.40 	0.018552 	228880 
845.90 	0.018552 	229880 
846.40 	0.018552 	231040 
846.90 	0.018552 	232040 
847.40 	0.018552 	233040 
847.90 	0.018552 	234040 
848.40 	0.018552 	235040 
848.90 	0.018552 	236040 
849.40 	0.018552 	237030 
849.90 	0.018552 	238030 
850.40 	0.018552 	239030 
850.90 	0.018552 	240030 
851.40 	0.018552 	241030 
851.90 	0.018552 	242030 
852.40 	0.018552 	243030 
852.90 	0.018552 	244190 
853.40 	0.018552 	245020 
853.90 	0.018552 	246020 
854.40 	0.018552 	247190 
854.90 	0.018552 	248190 
855.40 	0.018552 	249190 
855.90 	0.018552 	250180 
856.40 	0.018552 	251180 
856.90 	0.018552 	252180 
857.40 	0.018552 	253180 
857.90 	0.018552 	254180 
858.40 	0.018552 	255180 
858.90 	0.018552 	256180 
859.40 	0.018552 	257180 
859.90 	0.018552 	258340 
860.40 	0.018552 	259340 
860.90 	0.018552 	260170 
861.40 	0.018552 	261340 
861.90 	0.018552 	262340 
862.40 	0.018552 	263330 
862.90 	0.018552 	264330 
863.40 	0.018552 	265330 
863.90 	0.018552 	266330 
864.40 	0.018552 	267500 
864.90 	0.018552 	268330 
865.40 	0.018552 	269330 
865.90 	0.018552 	270490 
866.40 	0.018552 	271490 
866.90 	0.018552 	272490 
867.40 	0.018552 	273320 
867.90 	0.018552 	274490 
868.40 	0.018552 	275490 
868.90 	0.018552 	276480 
869.40 	0.018552 	277480 
869.90 	0.018552 	278480 
870.40 	0.018552 	279480 
870.90 	0.018552 	280650 
871.40 	0.018552 	281480 
871.90 	0.018552 	282480 
872.40 	0.018552 	283480 
872.90 	0.018552 	284640 
873.40 	0.018552 	285640 
873.90 	0.018552 	286470 
874.40 	0.018552 	287640 
874.90 	0.018552 	288640 
875.40 	0.018552 	289630 
875.90 	0.018552 	290470 
876.40 	0.018552 	291630 
876.90 	0.018552 	292630 
877.40 	0.018552 	293460 
877.90 	0.018552 	294630 
878.40 	0.018552 	295630 
878.90 	0.018552 	296630 
879.40 	0.018552 	297620 
879.90 	0.018552 	298620 
880.40 	0.018552 	299620 
880.90 	0.018552 	300620 
881.40 	0.018552 	301790 
881.90 	0.018552 	302620 
882.40 	0.018552 	303780 
882.90 	0.018552 	304780 
883.40 	0.018552 	305780 
883.90 	0.018552 	306780 
884.40 	0.018552 	307780 
884.90 	0.018552 	308780 
885.40 	0.018552 	309780 
885.90 	0.018552 	310770 
886.40 	0.018552 	311770 
886.90 	0.018552 	312940 
887.40 	0.018552 	313770 
887.90 	0.018552 	314940 
888.40 	0.018552 	315770 
888.90 	0.018552 	316770 
889.40 	0.018552 	317930 
889.90 	0.018552 	318930 
890.40 	0.018552 	319930 
890.90 	0.018552 	320930 
891.40 	0.018552 	321930 
891.90 	0.018552 	322930 
892.40 	0.018552 	323920 
892.90 	0.018552 	324920 
893.40 	0.018552 	325920 
893.90 	0.018552 	326920 
894.40 	0.018552 	327920 
894.90 	0.018552 	328920 
895.40 	0.018552 	329920 
895.90 	0.018552 	331080 
896.40 	0.018552 	332080 
896.90 	0.018552 	333080 
897.40 	0.018552 	334080 
897.90 	0.018552 	335080 
898.40 	0.018552 	336080 
898.90 	0.018552 	337070 
899.40 	0.018552 	338070 
899.90 	0.018552 	339240 
900.40 	0.018552 	340070 
900.90 	0.018552 	341240 
901.40 	0.018552 	342070 
901.90 	0.018552 	343230 
902.40 	0.018552 	344230 
902.90 	0.018552 	345060 
903.40 	0.018552 	346060 
903.90 	0.018552 	347230 
904.40 	0.018552 	348230 
904.90 	0.018552 	349230 
905.40 	0.018552 	350230 
905.90 	0.018552 	351060 
906.40 	0.018552 	352220 
906.90 	0.018552 	353220 
907.40 	0.018552 	354390 
907.90 	0.018552 	355220 
908.40 	0.018552 	356220 
908.90 	0.018552 	357380 
909.40 	0.018552 	358210 
909.90 	0.018552 	359380 
910.40 	0.018552 	360380 
910.90 	0.018552 	361210 
911.40 	0.018552 	362380 
911.90 	0.018552 	363380 
912.40 	0.018552 	364370 
912.90 	0.018552 	365370 
913.40 	0.018552 	366370 
913.90 	0.018552 	367370 
914.40 	0.018552 	368370 
914.90 	0.018552 	369530 
915.40 	0.018552 	370370 
915.90 	0.018552 	371370 
916.40 	0.018552 	372360 
916.90 	0.018552 	373530 
917.40 	0.018552 	374530 
917.90 	0.018552 	375530 
918.40 	0.018552 	376530 
918.90 	0.018552 	377520 
919.40 	0.018552 	378520 
919.90 	0.018552 	379350 
920.40 	0.018552 	380520 
920.90 	0.018552 	381520 
921.40 	0.018552 	382520 
921.90 	0.018552 	383520 
922.40 	0.018552 	384520 
922.90 	0.018552 	385510 
923.40 	0.018552 	386510 
923.90 	0.018552 	387680 
924.40 	0.018552 	388680 
924.90 	0.018552 	389680 
925.40 	0.018552 	390670 
925.90 	0.018552 	391670 
926.40 	0.018552 	392510 
926.90 	0.018552 	393670 
927.40 	0.018552 	394670 
927.90 	0.018552 	395670 
928.40 	0.018552 	396670 
928.90 	0.018552 	397670 
929.40 	0.018552 	398660 
929.90 	0.018552 	399660 
930.40 	0.018552 	400830 
930.90 	0.018552 	401660 
931.40 	0.018552 	402830 
931.90 	0.018552 	403820 
932.40 	0.018552 	404660 
932.90 	0.018552 	405820 
933.40 	0.018552 	406820 
933.90 	0.018552 	407820 
934.40 	0.018552 	408820 
934.90 	0.018552 	409820 
935.40 	0.018552 	410820 
935.90 	0.018552 	411810 
936.40 	0.018552 	412810 
936.90 	0.018552 	413810 
937.40 	0.018552 	414810 
937.90 	0.018552 	415810 
938.40 	0.018552 	416810 
938.90 	0.018552 	417970 
939.40 	0.018552 	418970 
939.90 	0.018552 	419800 
940.40 	0.018552 	420970 
940.90 	0.018552 	421970 
941.40 	0.018552 	422970 
941.90 	0.018552 	423970 
942.40 	0.018552 	424960 
942.90 	0.018552 	425960 
943.40 	0.018552 	426960 
943.90 	0.018552 	427960 
944.40 	0.018552 	428960 
944.90 	0.018552 	429960 
945.40 	0.018552 	430960 
945.90 	0.018552 	432120 
946.40 	0.018552 	432950 
946.90 	0.018552 	434120 
947.40 	0.018552 	435120 
947.90 	0.018552 	436120 
948.40 	0.018552 	437120 
948.90 	0.018552 	438280 
949.40 	0.018552 	439110 
949.90 	0.018552 	440110 
950.40 	0.018552 	441110 
950.90 	0.018552 	442110 
951.40 	0.018552 	443110 
951.90 	0.018552 	444110 
952.40 	0.018552 	445110 
952.90 	0.018552 	446270 
953.40 	0.018552 	447100 
953.90 	0.018552 	448270 
954.40 	0.018552 	449270 
954.90 	0.018552 	450270 
955.40 	0.018552 	451260 
955.90 	0.018552 	452260 
956.40 	0.018552 	453260 
956.90 	0.018552 	454260 
957.40 	0.018552 	455260 
957.90 	0.018552 	456260 
958.40 	0.018552 	457260 
958.90 	0.018552 	458260 
959.40 	0.018552 	459420 
959.90 	0.018552 	460420 
960.40 	0.018552 	461250 
960.90 	0.018552 	462420 
961.40 	0.018552 	463420 
961.90 	0.018552 	464410 
962.40 	0.018552 	465410 
962.90 	0.018552 	466410 
963.40 	0.018552 	467410 
963.90 	0.018552 	468410 
964.40 	0.018552 	469570 
964.90 	0.018552 	470410 
965.40 	0.018552 	471410 
965.90 	0.018552 	472570 
966.40 	0.018552 	473400 
966.90 	0.018552 	474570 
967.40 	0.018552 	475400 
967.90 	0.018552 	476400 
968.40 	0.018552 	477400 
968.90 	0.018552 	478400 
969.40 	0.018552 	479400 
969.90 	0.018552 	480560 
970.40 	0.018552 	481560 
970.90 	0.018552 	482560 
971.40 	0.018552 	483560 
971.90 	0.018552 	484560 
972.40 	0.018552 	485550 
972.90 	0.018552 	486720 
973.40 	0.018552 	487720 
973.90 	0.018552 	488550 
974.40 	0.018552 	489550 
974.90 	0.018552 	490710 
975.40 	0.018552 	491550 
975.90 	0.018552 	492550 
976.40 	0.018552 	493710 
976.90 	0.018552 	494710 
977.40 	0.018552 	495540 
977.90 	0.018552 	496710 
978.40 	0.018552 	497540 
978.90 	0.018552 	498700 
979.40 	0.018552 	499700 
979.90 	0.018552 	500700 
980.40 	0.018552 	501700 
980.90 	0.018552 	502700 
981.40 	0.018552 	503700 
981.90 	0.018552 	504700 
982.40 	0.018552 	505860 
982.90 	0.018552 	506860 
983.40 	0.018552 	507690 
983.90 	0.018552 	508860 
984.40 	0.018552 	509690 
984.90 	0.018552 	510860 
985.40 	0.018552 	511850 
985.90 	0.018552 	512850 
986.40 	0.018552 	513850 
986.90 	0.018552 	514850 
987.40 	0.018552 	515850 
987.90 	0.018552 	516850 
988.40 	0.018552 	517850 
988.90 	0.018552 	518850 
989.40 	0.018552 	520010 
989.90 	0.018552 	520840 
990.40 	0.018552 	522010 
990.90 	0.018552 	523010 
991.40 	0.018552 	523840 
991.90 	0.018552 	525000 
992.40 	0.018552 	526000 
992.90 	0.018552 	527000 
993.40 	0.018552 	528000 
993.90 	0.018552 	529000 
994.40 	0.018552 	530000 
994.90 	0.018552 	531000 
995.40 	0.018552 	532000 
995.90 	0.018552 	532990 
996.40 	0.018552 	533990 
996.90 	0.018552 	534990 
997.40 	0.018552 	536160 
997.90 	0.018552 	537160 
998.40 	0.018552 	538150 
998.90 	0.018552 	539150 
999.40 	0.018552 	539990 
999.90 	0.018552 	541150 
1000.4 	0.018552 	542150 
1000.9 	0.018552 	543150 
1001.4 	0.018552 	544150 
1001.9 	0.018552 	545150 
1002.4 	0.018552 	546140 
1002.9 	0.018552 	547140 
1003.4 	0.018552 	548140 
1003.9 	0.018552 	549140 
1004.4 	0.018552 	550140 
1004.9 	0.018552 	551140 
1005.4 	0.018552 	552140 
1005.9 	0.018552 	553300 
1006.4 	0.018552 	554130 
1006.9 	0.018552 	555130 
1007.4 	0.018552 	556300 
1007.9 	0.018552 	557300 
1008.4 	0.018552 	558300 
1008.9 	0.018552 	559290 
1009.4 	0.018552 	560290 
1009.9 	0.018552 	561290 
1010.4 	0.018552 	562290 
1010.9 	0.018552 	563290 
1011.4 	0.018552 	564290 
1011.9 	0.018552 	565450 
1012.4 	0.018552 	566290 
1012.9 	0.018552 	567280 
1013.4 	0.018552 	568450 
1013.9 	0.018552 	569450 
1014.4 	0.018552 	570450 
1014.9 	0.018552 	571450 
1015.4 	0.018552 	572440 
1015.9 	0.018552 	573440 
1016.4 	0.018552 	574440 
1016.9 	0.018552 	575440 
1017.4 	0.018552 	576440 
1017.9 	0.018552 	577440 
1018.4 	0.018552 	578440 
1018.9 	0.018552 	579440 
1019.4 	0.018552 	580430 
1019.9 	0.018552 	581600 
1020.4 	0.018552 	582430 
1020.9 	0.018552 	583430 
1021.4 	0.018552 	584600 
1021.9 	0.018552 	585590 
1022.4 	0.018552 	586430 
1022.9 	0.018552 	587590 
1023.4 	0.018552 	588590 
1023.9 	0.018552 	589590 
1024.4 	0.018552 	590590 
1024.9 	0.018552 	591590 
1025.4 	0.018552 	592590 
1025.9 	0.018552 	593580 
1026.4 	0.018552 	594750 
1026.9 	0.018552 	595580 
1027.4 	0.018552 	596750 
1027.9 	0.018552 	597750 
1028.4 	0.018552 	598750 
1028.9 	0.018552 	599740 
1029.4 	0.018552 	600740 
1029.9 	0.018552 	601740 
1030.4 	0.018552 	602570 
1030.9 	0.018552 	603740 
1031.4 	0.018552 	604740 
1031.9 	0.018552 	605900 
1032.4 	0.018552 	606730 
1032.9 	0.018552 	607730 
1033.4 	0.018552 	608730 
1033.9 	0.018552 	609730 
1034.4 	0.018552 	610900 
1034.9 	0.018552 	611730 
1035.4 	0.018552 	612890 
1035.9 	0.018552 	613890 
1036.4 	0.018552 	614720 
1036.9 	0.018552 	615890 
1037.4 	0.018552 	616890 
1037.9 	0.018552 	617890 
1038.4 	0.018552 	618890 
1038.9 	0.018552 	619890 
1039.4 	0.018552 	620880 
1039.9 	0.018552 	621880 
1040.4 	0.018552 	622880 
1040.9 	0.018552 	623880 
1041.4 	0.018552 	625050 
1041.9 	0.018552 	625880 
1042.4 	0.018552 	626880 
1042.9 	0.018552 	627870 
1043.4 	0.018552 	629040 
1043.9 	0.018552 	630040 
1044.4 	0.018552 	631040 
1044.9 	0.018552 	631870 
1045.4 	0.018552 	633040 
1045.9 	0.018552 	634030 
1046.4 	0.018552 	635200 
1046.9 	0.018552 	636030 
1047.4 	0.018552 	637030 
1047.9 	0.018552 	638030 
1048.4 	0.018552 	639030 
1048.9 	0.018552 	640030 
1049.4 	0.018552 	641190 
1049.9 	0.018552 	642020 
1050.4 	0.018552 	643020 
1050.9 	0.018552 	644190 
1051.4 	0.018552 	645190 
1051.9 	0.018552 	646190 
1052.4 	0.018552 	647180 
1052.9 	0.018552 	648180 
1053.4 	0.018552 	649180 
1053.9 	0.018552 	650180 
1054.4 	0.018552 	651180 
1054.9 	0.018552 	652180 
1055.4 	0.018552 	653180 
1055.9 	0.018552 	654180 
1056.4 	0.018552 	655170 
1056.9 	0.018552 	656170 
1057.4 	0.018552 	657340 
1057.9 	0.018552 	658170 
1058.4 	0.018552 	659340 
1058.9 	0.018552 	660330 
1059.4 	0.018552 	661330 
1059.9 	0.018552 	662330 
1060.4 	0.018552 	663330 
1060.9 	0.018552 	664330 
1061.4 	0.018552 	665330 
1061.9 	0.018552 	666330 
1062.4 	0.018552 	667330 
1062.9 	0.018552 	668320 
1063.4 	0.018552 	669320 
1063.9 	0.018552 	670320 
1064.4 	0.018552 	671490 
1064.9 	0.018552 	672320 
1065.4 	0.018552 	673480 
1065.9 	0.018552 	674480 
1066.4 	0.018552 	675480 
1066.9 	0.018552 	676480 
1067.4 	0.018552 	677480 
1067.9 	0.018552 	678480 
1068.4 	0.018552 	679480 
1068.9 	0.018552 	680480 
1069.4 	0.018552 	681470 
1069.9 	0.018552 	682470 
1070.4 	0.018552 	683470 
1070.9 	0.018552 	684470 
1071.4 	0.018552 	685470 
1071.9 	0.018552 	686630 
1072.4 	0.018552 	687630 
1072.9 	0.018552 	688630 
1073.4 	0.018552 	689460 
1073.9 	0.018552 	690630 
1074.4 	0.018552 	691460 
1074.9 	0.018552 	692630 
1075.4 	0.018552 	693630 
1075.9 	0.018552 	694620 
1076.4 	0.018552 	695620 
1076.9 	0.018552 	696620 
1077.4 	0.018552 	697620 
1077.9 	0.018552 	698620 
1078.4 	0.018552 	699620 
1078.9 	0.018552 	700620 
1079.4 	0.018552 	701620 
1079.9 	0.018552 	702780 
1080.4 	0.018552 	703780 
1080.9 	0.018552 	704610 
1081.4 	0.018552 	705780 
1081.9 	0.018552 	706610 
1082.4 	0.018552 	707610 
1082.9 	0.018552 	708610 
1083.4 	0.018552 	709770 
1083.9 	0.018552 	710770 
1084.4 	0.018552 	711770 
1084.9 	0.018552 	712770 
1085.4 	0.018552 	713770 
1085.9 	0.018552 	714770 
1086.4 	0.018552 	715760 
1086.9 	0.018552 	716760 
1087.4 	0.018552 	717760 
1087.9 	0.018552 	718760 
1088.4 	0.018552 	719930 
1088.9 	0.018552 	720920 
1089.4 	0.018552 	721760 
1089.9 	0.018552 	722920 
1090.4 	0.018552 	723920 
1090.9 	0.018552 	724920 
1091.4 	0.018552 	725920 
1091.9 	0.018552 	727080 
1092.4 	0.018552 	727920 
1092.9 	0.018552 	728910 
1093.4 	0.018552 	729910 
1093.9 	0.018552 	730910 
1094.4 	0.018552 	732080 
1094.9 	0.018552 	733080 
1095.4 	0.018552 	734070 
1095.9 	0.018552 	734910 
1096.4 	0.018552 	736070 
1096.9 	0.018552 	737070 
1097.4 	0.018552 	738070 
1097.9 	0.018552 	739070 
1098.4 	0.018552 	740070 
1098.9 	0.018552 	741070 
1099.4 	0.018552 	742060 
1099.9 	0.018552 	743060 
1100.4 	0.018552 	744060 
1100.9 	0.018552 	745060 
1101.4 	0.018552 	746230 
1101.9 	0.018552 	747220 
1102.4 	0.018552 	748060 
1102.9 	0.018552 	749220 
1103.4 	0.018552 	750220 
1103.9 	0.018552 	751220 
1104.4 	0.018552 	752220 
1104.9 	0.018552 	753220 
1105.4 	0.018552 	754220 
1105.9 	0.018552 	755210 
1106.4 	0.018552 	756210 
1106.9 	0.018552 	757210 
1107.4 	0.018552 	758210 
1107.9 	0.018552 	759210 
1108.4 	0.018552 	760210 
1108.9 	0.018552 	761370 
1109.4 	0.018552 	762210 
1109.9 	0.018552 	763370 
1110.4 	0.018552 	764200 
1110.9 	0.018552 	765200 
1111.4 	0.018552 	766370 
1111.9 	0.018552 	767370 
1112.4 	0.018552 	768360 
1112.9 	0.018552 	769360 
1113.4 	0.018552 	770360 
1113.9 	0.018552 	771360 
1114.4 	0.018552 	772360 
1114.9 	0.018552 	773360 
1115.4 	0.018552 	774360 
1115.9 	0.018552 	775360 
1116.4 	0.018552 	776350 
1116.9 	0.018552 	777350 
1117.4 	0.018552 	778350 
1117.9 	0.018552 	779350 
1118.4 	0.018552 	780350 
1118.9 	0.018552 	781510 
1119.4 	0.018552 	782350 
1119.9 	0.018552 	783510 
1120.4 	0.018552 	784510 
1120.9 	0.018552 	785510 
1121.4 	0.018552 	786510 
1121.9 	0.018552 	787510 
1122.4 	0.018552 	788510 
1122.9 	0.018552 	789500 
1123.4 	0.018552 	790500 
1123.9 	0.018552 	791500 
1124.4 	0.018552 	792500 
1124.9 	0.018552 	793500 
1125.4 	0.018552 	794500 
1125.9 	0.018552 	795500 
1126.4 	0.018552 	796660 
1126.9 	0.018552 	797490 
1127.4 	0.018552 	798490 
1127.9 	0.018552 	799660 
1128.4 	0.018552 	800490 
1128.9 	0.018552 	801660 
1129.4 	0.018552 	802650 
1129.9 	0.018552 	803650 
1130.4 	0.018552 	804490 
1130.9 	0.018552 	805650 
1131.4 	0.018552 	806650 
1131.9 	0.018552 	807650 
1132.4 	0.018552 	808650 
1132.9 	0.018552 	809650 
1133.4 	0.018552 	810640 
1133.9 	0.018552 	811480 
1134.4 	0.018552 	812640 
1134.9 	0.018552 	813640 
1135.4 	0.018552 	814640 
1135.9 	0.018552 	815310 
1136.4 	0.018552 	816140 
1136.9 	0.018552 	817300 
1137.4 	0.018552 	818140 
1137.9 	0.018552 	819470 
1138.4 	0.018552 	820630 
1138.9 	0.018552 	821630 
1139.4 	0.018552 	822630 
1139.9 	0.018552 	823790 
1140.4 	0.018552 	824460 
1140.9 	0.018552 	825290 
1141.4 	0.018552 	824960 
1141.7 	0.018552 	814140 
1141.7 	0.018552 	742230 
1141.7 	0.018552 	442280 
