Tempo(s)	Deformação(mm)	Força(N)
0.016667 	0.00000 	832.28 
0.51667 	0.00000 	832.28 
1.0167 	0.00010662 	1165.2 
1.5167 	0.00021324 	1331.7 
2.0167 	0.00031985 	1831.0 
2.5167 	0.00042647 	2163.9 
2.9167 	0.00053309 	2829.8 
3.4167 	0.00063971 	2996.2 
3.7500 	0.00074633 	3662.0 
4.2500 	0.00085294 	4161.4 
4.7500 	0.0010662 	4494.3 
5.0333 	0.0011728 	5160.2 
5.4833 	0.0013860 	5826.0 
5.9833 	0.0014927 	6158.9 
6.3833 	0.0014927 	6824.7 
6.8833 	0.0015993 	7157.6 
7.3833 	0.0019191 	7823.5 
7.8833 	0.0020257 	8322.8 
8.3667 	0.0022390 	8988.7 
8.8667 	0.0023456 	9321.6 
9.3333 	0.0024522 	9987.4 
9.8333 	0.0026655 	10320 
10.333 	0.0028787 	10820 
10.817 	0.0029853 	11486 
11.317 	0.0031985 	11818 
11.817 	0.0033052 	12318 
12.317 	0.0034118 	12651 
12.817 	0.0035184 	13150 
13.317 	0.0037316 	13649 
13.717 	0.0039449 	14315 
14.150 	0.0040515 	14981 
14.650 	0.0042647 	15480 
15.150 	0.0044780 	15980 
15.567 	0.0045846 	16646 
16.067 	0.0046912 	16979 
16.533 	0.0049044 	17644 
17.033 	0.0049044 	18144 
17.533 	0.0051177 	18477 
17.883 	0.0051177 	19143 
18.383 	0.0053309 	19475 
18.883 	0.0054375 	20141 
19.383 	0.0056508 	20641 
19.883 	0.0056508 	20974 
20.383 	0.0056508 	21306 
20.883 	0.0056508 	21140 
21.383 	0.0055441 	21140 
21.883 	0.0055441 	21140 
22.383 	0.0056508 	20974 
22.883 	0.0055441 	21140 
23.383 	0.0055441 	21306 
23.883 	0.0055441 	21140 
24.383 	0.0055441 	21140 
24.883 	0.0056508 	21140 
25.383 	0.0055441 	21140 
25.883 	0.0055441 	21140 
26.383 	0.0054375 	21140 
26.883 	0.0054375 	21140 
27.383 	0.0054375 	20974 
27.883 	0.0054375 	21140 
28.383 	0.0054375 	21140 
28.883 	0.0054375 	21140 
29.383 	0.0054375 	20974 
29.883 	0.0054375 	20974 
30.383 	0.0054375 	20974 
30.883 	0.0054375 	21140 
31.383 	0.0054375 	21306 
31.883 	0.0054375 	21140 
32.383 	0.0053309 	21140 
32.883 	0.0053309 	20974 
33.383 	0.0053309 	21140 
33.883 	0.0054375 	21140 
34.383 	0.0053309 	21140 
34.883 	0.0054375 	21140 
35.383 	0.0055441 	21140 
35.883 	0.0055441 	20974 
36.383 	0.0055441 	21140 
36.883 	0.0055441 	21140 
37.383 	0.0055441 	21140 
37.883 	0.0055441 	20974 
38.383 	0.0055441 	21140 
38.883 	0.0055441 	21140 
39.383 	0.0055441 	21140 
39.883 	0.0055441 	21140 
40.383 	0.0055441 	21140 
40.883 	0.0055441 	21140 
41.383 	0.0055441 	20974 
41.883 	0.0056508 	21140 
42.383 	0.0056508 	21140 
42.883 	0.0056508 	21140 
43.383 	0.0055441 	21140 
43.883 	0.0055441 	21140 
44.383 	0.0055441 	21140 
44.883 	0.0055441 	21140 
45.383 	0.0055441 	21140 
45.883 	0.0055441 	21140 
46.383 	0.0055441 	21306 
46.883 	0.0055441 	20974 
47.383 	0.0055441 	21140 
47.883 	0.0055441 	21140 
48.383 	0.0055441 	21140 
48.883 	0.0055441 	21140 
49.383 	0.0055441 	21140 
49.883 	0.0055441 	21140 
50.383 	0.0055441 	21140 
50.883 	0.0055441 	21306 
51.383 	0.0055441 	21140 
51.883 	0.0055441 	21140 
52.383 	0.0055441 	21140 
52.883 	0.0055441 	21140 
53.383 	0.0055441 	21306 
53.883 	0.0055441 	21140 
54.383 	0.0055441 	21140 
54.883 	0.0054375 	21306 
55.383 	0.0054375 	21140 
55.883 	0.0055441 	21140 
56.383 	0.0055441 	21140 
56.883 	0.0055441 	21140 
57.383 	0.0055441 	21140 
57.883 	0.0055441 	21140 
58.383 	0.0054375 	20974 
58.883 	0.0053309 	21140 
59.383 	0.0051177 	21140 
59.883 	0.0050111 	21140 
60.383 	0.0050111 	21140 
60.883 	0.0049044 	20974 
61.383 	0.0049044 	21140 
61.883 	0.0047978 	21140 
62.383 	0.0046912 	21140 
62.883 	0.0044780 	21140 
63.383 	0.0044780 	21140 
63.883 	0.0043713 	21140 
64.383 	0.0043713 	21140 
64.883 	0.0041581 	21140 
65.383 	0.0040515 	21140 
65.883 	0.0040515 	21140 
66.383 	0.0039449 	21306 
66.883 	0.0039449 	21140 
67.383 	0.0039449 	21140 
67.883 	0.0038383 	21140 
68.383 	0.0038383 	21140 
68.883 	0.0038383 	21140 
69.383 	0.0037316 	21140 
69.883 	0.0036250 	21140 
70.383 	0.0036250 	21140 
70.883 	0.0036250 	20974 
71.383 	0.0035184 	21140 
71.883 	0.0036250 	21140 
72.383 	0.0035184 	21140 
72.883 	0.0035184 	21140 
73.383 	0.0035184 	21140 
73.883 	0.0035184 	21140 
74.383 	0.0035184 	21140 
74.883 	0.0033052 	21140 
75.383 	0.0033052 	21140 
75.883 	0.0031985 	21140 
76.383 	0.0029853 	21140 
76.883 	0.0029853 	21140 
77.383 	0.0029853 	21140 
77.883 	0.0027721 	21140 
78.383 	0.0026655 	21140 
78.883 	0.0026655 	21306 
79.383 	0.0026655 	21140 
79.883 	0.0025588 	20974 
80.383 	0.0025588 	20641 
80.883 	0.0023456 	20308 
81.350 	0.0023456 	19642 
81.850 	0.0021324 	19309 
82.350 	0.0020257 	18810 
82.767 	0.0019191 	18144 
83.267 	0.0017059 	17811 
83.767 	0.0015993 	17145 
84.267 	0.0013860 	16812 
84.717 	0.0012794 	16146 
85.217 	0.0010662 	15813 
85.717 	0.00085294 	15314 
86.217 	0.00085294 	14815 
86.717 	0.00074633 	14482 
87.217 	0.00053309 	14315 
87.683 	0.00053309 	13649 
88.100 	0.00031985 	12984 
88.567 	0.00000 	12318 
89.067 	-0.0001068 	11818 
89.550 	-0.0003204 	11153 
90.050 	-0.0004273 	10820 
90.533 	-0.0005341 	10154 
91.033 	-0.0007478 	9820.9 
91.483 	-0.0008546 	9155.1 
91.983 	-0.0010683 	8655.8 
92.483 	-0.0010683 	8322.8 
92.950 	-0.0012820 	7657.0 
93.450 	-0.0013888 	7157.6 
93.950 	-0.0016025 	6658.3 
94.450 	-0.0017093 	6325.4 
94.900 	-0.0018161 	5659.5 
95.400 	-0.0019230 	5160.2 
95.900 	-0.0020298 	4827.2 
96.317 	-0.0021366 	4161.4 
96.817 	-0.0022435 	3662.0 
97.317 	-0.0023503 	3162.7 
97.817 	-0.0024571 	2829.8 
98.317 	-0.0025639 	2330.4 
98.817 	-0.0026708 	1831.0 
99.317 	-0.0026708 	1831.0 
99.817 	-0.0028844 	1498.1 
100.32 	-0.0028844 	1498.1 
100.82 	-0.0028844 	1331.7 
101.32 	-0.0029913 	1331.7 
101.82 	-0.0029913 	1331.7 
102.32 	-0.0030981 	1331.7 
102.82 	-0.0030981 	1331.7 
103.32 	-0.0030981 	1165.2 
103.82 	-0.0030981 	1165.2 
104.32 	-0.0030981 	1165.2 
104.82 	-0.0030981 	1165.2 
105.32 	-0.0030981 	1165.2 
105.82 	-0.0030981 	1331.7 
106.32 	-0.0032049 	1165.2 
106.82 	-0.0032049 	1165.2 
107.32 	-0.0033118 	1165.2 
107.82 	-0.0033118 	1165.2 
108.32 	-0.0033118 	1165.2 
108.82 	-0.0034186 	1331.7 
109.32 	-0.0035254 	1165.2 
109.82 	-0.0036323 	1165.2 
110.32 	-0.0036323 	1165.2 
110.82 	-0.0036323 	1165.2 
111.32 	-0.0036323 	1165.2 
111.82 	-0.0037391 	1165.2 
112.32 	-0.0037391 	1165.2 
112.82 	-0.0037391 	1165.2 
113.32 	-0.0038459 	1165.2 
113.82 	-0.0037391 	1165.2 
114.32 	-0.0038459 	1331.7 
114.82 	-0.0038459 	1165.2 
115.32 	-0.0038459 	1165.2 
115.82 	-0.0038459 	1165.2 
116.32 	-0.0038459 	998.74 
116.82 	-0.0038459 	1165.2 
117.32 	-0.0039527 	1165.2 
117.82 	-0.0039527 	1165.2 
118.32 	-0.0040596 	1331.7 
118.82 	-0.0039527 	1165.2 
119.32 	-0.0040596 	1331.7 
119.82 	-0.0039527 	1165.2 
120.32 	-0.0039527 	1165.2 
120.82 	-0.0040596 	1165.2 
121.32 	-0.0041664 	1165.2 
121.82 	-0.0040596 	1165.2 
122.32 	-0.0042732 	1165.2 
122.82 	-0.0042732 	1165.2 
123.32 	-0.0042732 	1165.2 
123.82 	-0.0042732 	1165.2 
124.32 	-0.0042732 	1165.2 
124.82 	-0.0042732 	1165.2 
125.32 	-0.0043801 	1165.2 
125.82 	-0.0042732 	1165.2 
126.32 	-0.0042732 	1331.7 
126.82 	-0.0043801 	1165.2 
127.32 	-0.0043801 	1165.2 
127.82 	-0.0043801 	1165.2 
128.32 	-0.0043801 	1165.2 
128.82 	-0.0043801 	1331.7 
129.32 	-0.0044869 	1165.2 
129.82 	-0.0044869 	998.74 
130.32 	-0.0044869 	1165.2 
130.82 	-0.0044869 	1165.2 
131.25 	-0.0022435 	998.74 
131.27 	0.00000 	1165.2 
131.77 	0.00000 	1165.2 
132.27 	0.00000 	1165.2 
132.77 	-0.0001068 	1165.2 
133.27 	-0.0001068 	998.74 
133.77 	-0.0001068 	1331.7 
134.27 	-0.0001068 	1165.2 
134.77 	-0.0001068 	1165.2 
135.27 	-0.0001068 	1165.2 
135.77 	-0.0001068 	998.74 
136.27 	-0.0001068 	1165.2 
136.77 	-0.0001068 	1165.2 
137.27 	-0.0001068 	1331.7 
137.77 	-0.0001068 	1331.7 
138.27 	-0.0001068 	1165.2 
138.77 	-0.0001068 	1165.2 
139.27 	-0.0001068 	1165.2 
139.77 	-0.0001068 	998.74 
140.27 	-0.0001068 	1165.2 
140.77 	-0.0001068 	1165.2 
141.27 	-0.0001068 	1165.2 
141.77 	-0.0001068 	1165.2 
142.27 	-0.0001068 	998.74 
142.77 	0.00000 	1165.2 
143.27 	0.00000 	1165.2 
143.77 	0.00000 	1165.2 
144.27 	0.00000 	1165.2 
144.77 	0.00000 	1165.2 
145.27 	-0.0001068 	1165.2 
145.77 	0.00000 	1165.2 
146.27 	-0.0001068 	1331.7 
146.77 	-0.0001068 	1165.2 
147.27 	-0.0001068 	1165.2 
147.77 	-0.0001068 	1331.7 
148.27 	-0.0001068 	1165.2 
148.77 	-0.0001068 	1165.2 
149.27 	-0.0002136 	1165.2 
149.77 	-0.0001068 	998.74 
150.27 	-0.0002136 	1165.2 
150.77 	-0.0001068 	1165.2 
151.27 	-0.0001068 	1165.2 
151.77 	-0.0002136 	1165.2 
152.27 	-0.0002136 	998.74 
152.77 	-0.0002136 	1165.2 
153.27 	-0.0002136 	1165.2 
153.77 	-0.0002136 	1165.2 
154.27 	-0.0002136 	1165.2 
154.77 	-0.0002136 	1165.2 
155.27 	-0.0001068 	1165.2 
155.77 	-0.0002136 	1165.2 
156.27 	-0.0002136 	1165.2 
156.77 	-0.0002136 	1331.7 
157.27 	-0.0002136 	1165.2 
157.77 	-0.0002136 	1165.2 
158.27 	-0.0002136 	1331.7 
158.77 	-0.0002136 	1165.2 
159.27 	-0.0002136 	1331.7 
159.77 	-0.0002136 	1165.2 
160.27 	-0.0002136 	1165.2 
160.77 	-0.0002136 	1165.2 
161.27 	-0.0002136 	1331.7 
161.77 	-0.0001068 	1664.6 
162.27 	0.00000 	1997.5 
162.72 	0.00010662 	2663.3 
163.22 	0.00021324 	2829.8 
163.57 	0.00021324 	3495.6 
164.07 	0.00042647 	3828.5 
164.47 	0.00053309 	4494.3 
164.97 	0.00063971 	4827.2 
165.35 	0.00085294 	5493.1 
165.85 	0.00095956 	5826.0 
166.27 	0.0010662 	6491.8 
166.77 	0.0012794 	6991.2 
167.25 	0.0013860 	7657.0 
167.75 	0.0015993 	8156.4 
168.25 	0.0017059 	8489.3 
168.70 	0.0019191 	9155.1 
169.20 	0.0020257 	9654.5 
169.70 	0.0021324 	9987.4 
170.08 	0.0022390 	10653 
170.58 	0.0024522 	10986 
171.08 	0.0025588 	11486 
171.58 	0.0026655 	11985 
172.08 	0.0027721 	12318 
172.58 	0.0028787 	12817 
173.08 	0.0030919 	13483 
173.58 	0.0031985 	13982 
173.93 	0.0034118 	14648 
174.43 	0.0035184 	15148 
174.92 	0.0037316 	15813 
175.42 	0.0038383 	16313 
175.92 	0.0039449 	16812 
176.42 	0.0040515 	17312 
176.90 	0.0042647 	17977 
177.40 	0.0043713 	18310 
177.83 	0.0044780 	18976 
178.33 	0.0045846 	19309 
178.80 	0.0047978 	19975 
179.30 	0.0049044 	20474 
179.80 	0.0049044 	20807 
180.30 	0.0050111 	20974 
180.80 	0.0050111 	21140 
181.30 	0.0050111 	21140 
181.80 	0.0050111 	21140 
182.30 	0.0050111 	21140 
182.80 	0.0050111 	21140 
183.30 	0.0050111 	21140 
183.80 	0.0050111 	21140 
184.30 	0.0050111 	21140 
184.80 	0.0050111 	21140 
185.30 	0.0050111 	21140 
185.80 	0.0050111 	21306 
186.30 	0.0050111 	21140 
186.80 	0.0050111 	21140 
187.30 	0.0050111 	20974 
187.80 	0.0050111 	21140 
188.30 	0.0050111 	21140 
188.80 	0.0050111 	21140 
189.30 	0.0050111 	21140 
189.80 	0.0050111 	21140 
190.30 	0.0050111 	21140 
190.80 	0.0050111 	21140 
191.30 	0.0050111 	21306 
191.80 	0.0049044 	21140 
192.30 	0.0050111 	21140 
192.80 	0.0050111 	21140 
193.30 	0.0050111 	21140 
193.80 	0.0050111 	21140 
194.30 	0.0050111 	21140 
194.80 	0.0050111 	21140 
195.30 	0.0050111 	21140 
195.80 	0.0050111 	20974 
196.30 	0.0050111 	21140 
196.80 	0.0051177 	21306 
197.30 	0.0051177 	21306 
197.80 	0.0050111 	21140 
198.30 	0.0050111 	21140 
198.80 	0.0050111 	21140 
199.30 	0.0050111 	21140 
199.80 	0.0051177 	21306 
200.30 	0.0051177 	21140 
200.80 	0.0050111 	21140 
201.30 	0.0050111 	21140 
201.80 	0.0050111 	21140 
202.30 	0.0050111 	21140 
202.80 	0.0050111 	21140 
203.30 	0.0050111 	21140 
203.80 	0.0050111 	20974 
204.30 	0.0050111 	21140 
204.80 	0.0050111 	21140 
205.30 	0.0050111 	21140 
205.80 	0.0050111 	21306 
206.30 	0.0050111 	21140 
206.80 	0.0051177 	21140 
207.30 	0.0050111 	21140 
207.80 	0.0050111 	21140 
208.30 	0.0050111 	21140 
208.80 	0.0050111 	21140 
209.30 	0.0050111 	21140 
209.80 	0.0049044 	21140 
210.30 	0.0050111 	21140 
210.80 	0.0050111 	21140 
211.30 	0.0050111 	21306 
211.80 	0.0050111 	21140 
212.30 	0.0050111 	21140 
212.80 	0.0050111 	20974 
213.30 	0.0051177 	21140 
213.80 	0.0050111 	21140 
214.30 	0.0050111 	21140 
214.80 	0.0050111 	21140 
215.30 	0.0050111 	21140 
215.80 	0.0049044 	21140 
216.30 	0.0050111 	21140 
216.80 	0.0050111 	21140 
217.30 	0.0050111 	21140 
217.80 	0.0050111 	21140 
218.30 	0.0050111 	21140 
218.80 	0.0050111 	21140 
219.30 	0.0050111 	21306 
219.80 	0.0050111 	21140 
220.30 	0.0050111 	21140 
220.80 	0.0050111 	20974 
221.30 	0.0050111 	20974 
221.80 	0.0050111 	21140 
222.30 	0.0050111 	21140 
222.80 	0.0050111 	21140 
223.30 	0.0050111 	21140 
223.80 	0.0050111 	21140 
224.30 	0.0050111 	21140 
224.80 	0.0049044 	21140 
225.30 	0.0050111 	21140 
225.80 	0.0050111 	21140 
226.30 	0.0050111 	21140 
226.80 	0.0050111 	21140 
227.30 	0.0050111 	21140 
227.80 	0.0050111 	21140 
228.30 	0.0050111 	21140 
228.80 	0.0050111 	21140 
229.30 	0.0050111 	21140 
229.80 	0.0049044 	21140 
230.30 	0.0050111 	21140 
230.80 	0.0050111 	20974 
231.30 	0.0050111 	21140 
231.80 	0.0050111 	21140 
232.30 	0.0050111 	21140 
232.80 	0.0050111 	21140 
233.30 	0.0050111 	21140 
233.80 	0.0049044 	21140 
234.30 	0.0049044 	21306 
234.80 	0.0050111 	21140 
235.30 	0.0049044 	21140 
235.80 	0.0049044 	21140 
236.30 	0.0049044 	20974 
236.80 	0.0049044 	20974 
237.30 	0.0049044 	21140 
237.80 	0.0049044 	21140 
238.30 	0.0049044 	21140 
238.80 	0.0049044 	21140 
239.30 	0.0049044 	21140 
239.80 	0.0049044 	21140 
240.30 	0.0047978 	20641 
240.80 	0.0046912 	20308 
241.28 	0.0044780 	19642 
241.78 	0.0043713 	19309 
242.27 	0.0041581 	18643 
242.77 	0.0040515 	18144 
243.27 	0.0038383 	17644 
243.77 	0.0037316 	17312 
244.17 	0.0036250 	16646 
244.67 	0.0035184 	16146 
245.17 	0.0033052 	15647 
245.67 	0.0031985 	15314 
246.17 	0.0030919 	14815 
246.67 	0.0029853 	14482 
247.17 	0.0028787 	14149 
247.67 	0.0027721 	13649 
248.00 	0.0026655 	12984 
248.45 	0.0024522 	12318 
248.95 	0.0023456 	11818 
249.42 	0.0021324 	11153 
249.92 	0.0019191 	10653 
250.42 	0.0018125 	10154 
250.92 	0.0017059 	9820.9 
251.37 	0.0014927 	9155.1 
251.87 	0.0013860 	8655.8 
252.37 	0.0012794 	8322.8 
252.80 	0.0011728 	7657.0 
253.30 	0.00095956 	7324.1 
253.77 	0.00085294 	6658.3 
254.27 	0.00074633 	6325.4 
254.77 	0.00053309 	5826.0 
255.17 	0.00042647 	5160.2 
255.67 	0.00021324 	5160.2 
255.87 	0.00021324 	4494.3 
256.37 	0.00010662 	4161.4 
256.73 	0.00000 	3495.6 
257.23 	-0.0001068 	3162.7 
257.73 	-0.0002136 	2829.8 
258.23 	-0.0003204 	2163.9 
258.73 	-0.0004273 	1997.5 
259.23 	-0.0005341 	1664.6 
259.73 	-0.0005341 	1664.6 
260.23 	-0.0005341 	1498.1 
260.73 	-0.0006409 	1331.7 
261.23 	-0.0006409 	1498.1 
261.73 	-0.0005341 	1331.7 
262.23 	-0.0005341 	1331.7 
262.73 	-0.0006409 	1331.7 
263.23 	-0.0006409 	1331.7 
263.73 	-0.0005341 	1165.2 
264.23 	-0.0005341 	1331.7 
264.73 	-0.0006409 	1165.2 
265.23 	-0.0006409 	1165.2 
265.73 	-0.0005341 	1165.2 
266.23 	-0.0005341 	1165.2 
266.73 	-0.0005341 	1331.7 
267.23 	-0.0005341 	1165.2 
267.73 	-0.0005341 	1165.2 
268.23 	-0.0005341 	1165.2 
268.73 	-0.0005341 	1165.2 
269.23 	-0.0005341 	1165.2 
269.73 	-0.0006409 	1165.2 
270.23 	-0.0005341 	1165.2 
270.73 	-0.0005341 	1165.2 
271.23 	-0.0005341 	1165.2 
271.73 	-0.0005341 	1165.2 
272.23 	-0.0005341 	1165.2 
272.73 	-0.0005341 	1165.2 
273.23 	-0.0005341 	1165.2 
273.73 	-0.0006409 	1165.2 
274.23 	-0.0006409 	1165.2 
274.73 	-0.0005341 	1165.2 
275.23 	-0.0006409 	1165.2 
275.73 	-0.0006409 	1165.2 
276.23 	-0.0006409 	1165.2 
276.73 	-0.0005341 	1165.2 
277.23 	-0.0006409 	1165.2 
277.73 	-0.0006409 	1331.7 
278.23 	-0.0006409 	1165.2 
278.73 	-0.0005341 	1165.2 
279.23 	-0.0006409 	1165.2 
279.73 	-0.0006409 	1165.2 
280.23 	-0.0005341 	1331.7 
280.73 	-0.0006409 	1165.2 
281.23 	-0.0005341 	1165.2 
281.73 	-0.0006409 	1331.7 
282.23 	-0.0005341 	1165.2 
282.73 	-0.0005341 	1165.2 
283.23 	-0.0005341 	1165.2 
283.73 	-0.0005341 	998.74 
284.23 	-0.0005341 	1165.2 
284.73 	-0.0005341 	1165.2 
285.23 	-0.0005341 	1165.2 
285.73 	-0.0005341 	1165.2 
286.23 	-0.0005341 	1165.2 
286.73 	-0.0005341 	1165.2 
287.23 	-0.0005341 	1165.2 
287.73 	-0.0005341 	1331.7 
287.77 	0.00000 	1165.2 
288.27 	0.00000 	1165.2 
288.77 	-0.0001068 	1165.2 
289.27 	0.00000 	1165.2 
289.77 	0.00000 	1165.2 
290.27 	0.00000 	1165.2 
290.77 	0.00000 	1165.2 
291.27 	-0.0001068 	1165.2 
291.77 	-0.0001068 	1165.2 
292.27 	-0.0001068 	1165.2 
292.77 	0.00000 	1165.2 
293.27 	-0.0001068 	1165.2 
293.77 	-0.0001068 	1165.2 
294.27 	0.00000 	1165.2 
294.77 	0.00000 	1165.2 
295.27 	-0.0001068 	1165.2 
295.77 	-0.0001068 	998.74 
296.27 	-0.0002136 	1331.7 
296.77 	-0.0002136 	1165.2 
297.27 	-0.0002136 	998.74 
297.77 	-0.0001068 	1165.2 
298.27 	-0.0001068 	1165.2 
298.77 	-0.0002136 	1165.2 
299.27 	-0.0002136 	1165.2 
299.77 	-0.0002136 	1165.2 
300.27 	-0.0002136 	1165.2 
300.77 	-0.0002136 	998.74 
301.27 	-0.0003204 	998.74 
301.77 	-0.0002136 	1165.2 
302.27 	-0.0002136 	1165.2 
302.77 	-0.0003204 	1165.2 
303.27 	-0.0002136 	1165.2 
303.77 	-0.0002136 	998.74 
304.27 	-0.0002136 	1165.2 
304.77 	-0.0002136 	1165.2 
305.27 	-0.0002136 	998.74 
305.77 	-0.0002136 	1331.7 
306.27 	-0.0002136 	998.74 
306.77 	-0.0002136 	1165.2 
307.27 	-0.0001068 	1165.2 
307.77 	-0.0002136 	1165.2 
308.27 	-0.0002136 	1165.2 
308.77 	-0.0002136 	1165.2 
309.27 	-0.0002136 	1165.2 
309.77 	-0.0001068 	1331.7 
310.27 	-0.0002136 	1165.2 
310.77 	-0.0002136 	1165.2 
311.27 	-0.0002136 	1165.2 
311.77 	-0.0002136 	1165.2 
312.27 	-0.0002136 	1165.2 
312.77 	-0.0002136 	1165.2 
313.27 	-0.0002136 	1165.2 
313.77 	-0.0001068 	1165.2 
314.27 	-0.0001068 	1165.2 
314.77 	-0.0002136 	1165.2 
315.27 	-0.0002136 	1165.2 
315.77 	-0.0001068 	1165.2 
316.27 	-0.0002136 	998.74 
316.77 	-0.0001068 	1165.2 
317.27 	-0.0001068 	1331.7 
317.77 	-0.0001068 	1165.2 
318.27 	-0.0001068 	1165.2 
318.77 	-0.0002136 	1165.2 
319.27 	-0.0001068 	1165.2 
319.77 	-0.0001068 	1165.2 
320.27 	-0.0001068 	1165.2 
320.77 	-0.0001068 	1165.2 
321.27 	-0.0001068 	1331.7 
321.77 	0.00000 	1664.6 
322.27 	0.00000 	1997.5 
322.77 	0.00010662 	2496.9 
323.27 	0.00031985 	2829.8 
323.67 	0.00042647 	3495.6 
324.17 	0.00053309 	3828.5 
324.60 	0.00063971 	4494.3 
325.10 	0.00085294 	4993.7 
325.60 	0.0010662 	5493.1 
326.03 	0.0011728 	6158.9 
326.53 	0.0012794 	6491.8 
326.85 	0.0013860 	7157.6 
327.35 	0.0014927 	7490.6 
327.83 	0.0018125 	8156.4 
328.33 	0.0018125 	8655.8 
328.82 	0.0020257 	9321.6 
329.32 	0.0022390 	9654.5 
329.77 	0.0023456 	10320 
330.27 	0.0024522 	10653 
330.77 	0.0025588 	11319 
331.27 	0.0026655 	11652 
331.77 	0.0026655 	12151 
332.27 	0.0027721 	12484 
332.77 	0.0027721 	12984 
333.27 	0.0028787 	13483 
333.73 	0.0029853 	14149 
334.20 	0.0031985 	14815 
334.68 	0.0033052 	15480 
335.18 	0.0034118 	15980 
335.68 	0.0036250 	16479 
336.18 	0.0037316 	17145 
336.68 	0.0038383 	17478 
337.02 	0.0039449 	18144 
337.52 	0.0040515 	18477 
338.02 	0.0042647 	18976 
338.52 	0.0043713 	19475 
339.02 	0.0045846 	20141 
339.52 	0.0046912 	20641 
340.02 	0.0047978 	20974 
340.52 	0.0047978 	20974 
341.02 	0.0047978 	21140 
341.52 	0.0047978 	21140 
342.02 	0.0047978 	21140 
342.52 	0.0047978 	21140 
343.02 	0.0047978 	21140 
343.52 	0.0047978 	21140 
344.02 	0.0047978 	21306 
344.52 	0.0049044 	21140 
345.02 	0.0049044 	21140 
345.52 	0.0047978 	21140 
346.02 	0.0047978 	21140 
346.52 	0.0047978 	21140 
347.02 	0.0047978 	21140 
347.52 	0.0047978 	21140 
348.02 	0.0047978 	21140 
348.52 	0.0047978 	20974 
349.02 	0.0047978 	21140 
349.52 	0.0049044 	21140 
350.02 	0.0049044 	21140 
350.52 	0.0047978 	21140 
351.02 	0.0047978 	21140 
351.52 	0.0049044 	21140 
352.02 	0.0049044 	21140 
352.52 	0.0049044 	21140 
353.02 	0.0047978 	21140 
353.52 	0.0049044 	21140 
354.02 	0.0047978 	21140 
354.52 	0.0047978 	21140 
355.02 	0.0047978 	21140 
355.52 	0.0047978 	21140 
356.02 	0.0047978 	21140 
356.52 	0.0047978 	21140 
357.02 	0.0049044 	20974 
357.52 	0.0047978 	21140 
358.02 	0.0047978 	21140 
358.52 	0.0047978 	21306 
359.02 	0.0047978 	21140 
359.52 	0.0047978 	21140 
360.02 	0.0047978 	21140 
360.52 	0.0047978 	21140 
361.02 	0.0047978 	21140 
361.52 	0.0047978 	21306 
362.02 	0.0047978 	21140 
362.52 	0.0047978 	21140 
363.02 	0.0047978 	21140 
363.52 	0.0047978 	21140 
364.02 	0.0047978 	21306 
364.52 	0.0047978 	21140 
365.02 	0.0047978 	20974 
365.52 	0.0047978 	21140 
366.02 	0.0047978 	21140 
366.52 	0.0047978 	21140 
367.02 	0.0047978 	21140 
367.52 	0.0047978 	21140 
368.02 	0.0047978 	21140 
368.52 	0.0046912 	21140 
369.02 	0.0046912 	21140 
369.52 	0.0047978 	21140 
370.02 	0.0047978 	21140 
370.52 	0.0046912 	21140 
371.02 	0.0046912 	20974 
371.52 	0.0047978 	21140 
372.02 	0.0047978 	21140 
372.52 	0.0047978 	21140 
373.02 	0.0047978 	21140 
373.52 	0.0047978 	21140 
374.02 	0.0047978 	21140 
374.52 	0.0046912 	21140 
375.02 	0.0047978 	21140 
375.52 	0.0047978 	21140 
376.02 	0.0047978 	21140 
376.52 	0.0047978 	21140 
377.02 	0.0047978 	20974 
377.52 	0.0047978 	21140 
378.02 	0.0047978 	21140 
378.52 	0.0047978 	21306 
379.02 	0.0047978 	21140 
379.52 	0.0046912 	21140 
380.02 	0.0047978 	21140 
380.52 	0.0047978 	21140 
381.02 	0.0046912 	21140 
381.52 	0.0047978 	21140 
382.02 	0.0047978 	21140 
382.52 	0.0047978 	21140 
383.02 	0.0047978 	21140 
383.52 	0.0046912 	21140 
384.02 	0.0047978 	21140 
384.52 	0.0047978 	21140 
385.02 	0.0047978 	21140 
385.52 	0.0047978 	20974 
386.02 	0.0046912 	21140 
386.52 	0.0046912 	21140 
387.02 	0.0046912 	21140 
387.52 	0.0047978 	21140 
388.02 	0.0047978 	21306 
388.52 	0.0047978 	21140 
389.02 	0.0047978 	21140 
389.52 	0.0046912 	20974 
390.02 	0.0047978 	21140 
390.52 	0.0047978 	21140 
391.02 	0.0047978 	21306 
391.52 	0.0047978 	21140 
392.02 	0.0047978 	21140 
392.52 	0.0046912 	21140 
393.02 	0.0047978 	21140 
393.52 	0.0047978 	21140 
394.02 	0.0047978 	21140 
394.52 	0.0047978 	21140 
395.02 	0.0047978 	21140 
395.52 	0.0047978 	21140 
396.02 	0.0047978 	21306 
396.52 	0.0046912 	21140 
397.02 	0.0046912 	21140 
397.52 	0.0046912 	21140 
398.02 	0.0046912 	21140 
398.52 	0.0046912 	21140 
399.02 	0.0046912 	21140 
399.52 	0.0046912 	21140 
400.02 	0.0046912 	21140 
400.52 	0.0045846 	20807 
401.02 	0.0044780 	20308 
401.52 	0.0043713 	19808 
401.98 	0.0041581 	19143 
402.48 	0.0039449 	18643 
402.98 	0.0038383 	18144 
403.48 	0.0037316 	17644 
403.98 	0.0035184 	17145 
404.48 	0.0034118 	16646 
404.98 	0.0031985 	16146 
405.48 	0.0030919 	15647 
405.98 	0.0029853 	15148 
406.48 	0.0028787 	14815 
406.98 	0.0027721 	14315 
407.48 	0.0026655 	14149 
407.93 	0.0025588 	13483 
408.22 	0.0024522 	12817 
408.72 	0.0022390 	12484 
409.07 	0.0020257 	11818 
409.57 	0.0019191 	11486 
409.98 	0.0018125 	10820 
410.48 	0.0017059 	10320 
410.98 	0.0015993 	9820.9 
411.48 	0.0013860 	9321.6 
411.98 	0.0012794 	8655.8 
412.48 	0.0010662 	8322.8 
412.98 	0.00095956 	7823.5 
413.48 	0.00085294 	7157.6 
413.98 	0.00074633 	6658.3 
414.48 	0.00053309 	6158.9 
414.98 	0.00042647 	5826.0 
415.38 	0.00031985 	5160.2 
415.88 	0.00021324 	4993.7 
416.28 	0.00010662 	4327.9 
416.78 	0.00000 	3828.5 
417.28 	-0.0001068 	3495.6 
417.73 	-0.0002136 	2829.8 
418.23 	-0.0003204 	2663.3 
418.62 	-0.0004273 	1997.5 
419.12 	-0.0005341 	1831.0 
419.62 	-0.0005341 	1664.6 
420.12 	-0.0006409 	1664.6 
420.62 	-0.0006409 	1498.1 
421.12 	-0.0006409 	1331.7 
421.62 	-0.0006409 	1498.1 
422.12 	-0.0007478 	1331.7 
422.62 	-0.0006409 	1331.7 
423.12 	-0.0006409 	1498.1 
423.62 	-0.0007478 	1331.7 
424.12 	-0.0006409 	1165.2 
424.62 	-0.0006409 	1165.2 
425.12 	-0.0006409 	1165.2 
425.62 	-0.0006409 	1165.2 
426.12 	-0.0006409 	1165.2 
426.62 	-0.0006409 	998.74 
427.12 	-0.0006409 	1165.2 
427.62 	-0.0006409 	1165.2 
428.12 	-0.0006409 	1165.2 
428.62 	-0.0006409 	1165.2 
429.12 	-0.0006409 	1165.2 
429.62 	-0.0006409 	1331.7 
430.12 	-0.0006409 	1165.2 
430.62 	-0.0006409 	1165.2 
431.12 	-0.0006409 	1165.2 
431.62 	-0.0006409 	1165.2 
432.12 	-0.0006409 	1165.2 
432.37 	0.00000 	1165.2 
432.87 	0.00000 	1165.2 
433.37 	0.00000 	1165.2 
433.87 	0.00000 	1165.2 
434.37 	0.00000 	1331.7 
434.87 	0.00000 	1165.2 
435.37 	-0.0001068 	1165.2 
435.87 	0.00000 	1165.2 
436.37 	0.00000 	1165.2 
436.87 	0.00000 	1165.2 
437.37 	0.00000 	1165.2 
437.87 	0.00000 	1165.2 
438.37 	0.00000 	998.74 
438.87 	0.00000 	1331.7 
439.37 	0.00000 	1165.2 
439.87 	0.00000 	998.74 
440.37 	0.00000 	1165.2 
440.87 	0.00000 	998.74 
441.37 	0.00000 	1165.2 
441.87 	0.00010662 	1165.2 
442.37 	0.00010662 	1165.2 
442.87 	0.00000 	1165.2 
443.37 	0.00000 	1165.2 
443.87 	0.00000 	1165.2 
444.37 	0.00000 	1165.2 
444.87 	-0.0001068 	1165.2 
445.37 	0.00000 	1331.7 
445.87 	0.00000 	998.74 
446.37 	0.00000 	1165.2 
446.87 	0.00000 	1165.2 
447.37 	0.00000 	1165.2 
447.87 	0.00000 	1165.2 
448.37 	0.00000 	1165.2 
448.87 	0.00000 	1165.2 
449.37 	0.00000 	1165.2 
449.87 	0.00000 	1165.2 
450.37 	0.00000 	1165.2 
450.87 	0.00000 	1165.2 
451.37 	0.00000 	1165.2 
451.87 	0.00000 	1331.7 
452.37 	0.00000 	1165.2 
452.87 	0.00010662 	1165.2 
453.37 	0.00010662 	1165.2 
453.87 	0.00010662 	1165.2 
454.37 	0.00010662 	1165.2 
454.87 	0.00010662 	1165.2 
455.37 	0.00010662 	1331.7 
455.87 	0.00010662 	1165.2 
456.37 	0.00010662 	1165.2 
456.87 	0.00010662 	1165.2 
457.37 	0.00010662 	1165.2 
457.87 	0.00010662 	1165.2 
458.37 	0.00010662 	1165.2 
458.87 	0.00010662 	1331.7 
459.37 	0.00010662 	998.74 
459.87 	0.00010662 	1165.2 
460.37 	0.00010662 	998.74 
460.87 	0.00010662 	1165.2 
461.37 	0.00000 	1165.2 
461.87 	0.00000 	1165.2 
462.37 	0.00010662 	1331.7 
462.87 	0.00000 	1165.2 
463.37 	0.00000 	1165.2 
463.87 	0.00000 	1165.2 
464.37 	0.00000 	1165.2 
464.87 	0.00000 	1165.2 
465.37 	0.00000 	1165.2 
465.87 	0.00000 	1165.2 
466.37 	0.00000 	1165.2 
466.87 	0.00000 	998.74 
467.37 	0.00000 	1165.2 
467.87 	0.00000 	1165.2 
468.37 	0.00000 	1165.2 
468.87 	0.00000 	1331.7 
469.37 	0.00000 	1165.2 
469.87 	0.00000 	1165.2 
470.37 	0.00000 	1165.2 
470.87 	-0.0001068 	998.74 
471.37 	-0.0001068 	1165.2 
471.87 	-0.0001068 	1165.2 
472.37 	-0.0001068 	1165.2 
472.87 	-0.0001068 	1165.2 
473.37 	-0.0001068 	998.74 
473.87 	-0.0001068 	1165.2 
474.37 	0.00000 	1165.2 
474.87 	-0.0001068 	1165.2 
475.37 	0.00000 	1165.2 
475.87 	-0.0001068 	1165.2 
476.37 	0.00000 	1165.2 
476.87 	-0.0001068 	1165.2 
477.37 	-0.0001068 	1165.2 
477.87 	0.00000 	1165.2 
478.37 	-0.0001068 	1165.2 
478.87 	0.00000 	1165.2 
479.37 	0.00000 	1165.2 
479.87 	0.00000 	1165.2 
480.37 	0.00000 	1165.2 
480.65 	0.00000 	1165.2 
481.15 	0.00000 	1165.2 
481.65 	0.00000 	1331.7 
482.15 	0.00000 	1165.2 
482.65 	0.00000 	998.74 
483.15 	0.00000 	1165.2 
483.65 	0.00000 	1165.2 
484.15 	0.00000 	1165.2 
484.65 	0.00000 	1165.2 
485.15 	0.00010662 	1165.2 
485.65 	0.00000 	1165.2 
486.15 	0.00000 	1331.7 
486.65 	0.00000 	1165.2 
487.15 	0.00000 	1165.2 
487.65 	0.00000 	1165.2 
488.15 	0.00000 	1165.2 
488.65 	0.00000 	1165.2 
489.15 	0.00000 	1165.2 
489.65 	0.00000 	998.74 
490.15 	0.00000 	1331.7 
490.65 	0.00000 	1331.7 
491.15 	0.00000 	1165.2 
491.65 	0.00000 	1165.2 
492.15 	0.00000 	1331.7 
492.65 	0.00000 	1165.2 
493.15 	0.00000 	1165.2 
493.65 	0.00000 	1165.2 
494.15 	0.00000 	1165.2 
494.65 	0.00000 	1165.2 
495.15 	0.00010662 	1165.2 
495.65 	0.00010662 	1331.7 
496.15 	0.00000 	1165.2 
496.65 	0.00000 	998.74 
497.15 	0.00010662 	1165.2 
497.65 	0.00010662 	1165.2 
498.15 	0.00000 	1165.2 
498.65 	0.00010662 	998.74 
499.15 	0.00010662 	1165.2 
499.65 	0.00010662 	1165.2 
500.15 	0.00010662 	998.74 
500.65 	0.00010662 	1331.7 
501.15 	0.00000 	998.74 
501.65 	0.00010662 	1331.7 
502.15 	0.00000 	1165.2 
502.65 	0.00010662 	1165.2 
503.15 	0.00010662 	1165.2 
503.65 	0.00010662 	1165.2 
504.15 	0.00010662 	1165.2 
504.65 	0.00010662 	1165.2 
505.15 	0.00010662 	1165.2 
505.65 	0.00010662 	1165.2 
506.15 	0.00010662 	998.74 
506.65 	0.00010662 	1331.7 
507.15 	0.00010662 	998.74 
507.65 	0.00000 	1165.2 
508.15 	0.00010662 	998.74 
508.65 	0.00010662 	1165.2 
509.15 	0.00010662 	1331.7 
509.65 	0.00010662 	1165.2 
510.15 	0.00010662 	1165.2 
510.65 	0.00010662 	1165.2 
511.15 	0.00010662 	998.74 
511.65 	0.00010662 	1165.2 
512.15 	0.00010662 	1331.7 
512.65 	0.00021324 	1498.1 
513.15 	0.00021324 	1831.0 
513.65 	0.00031985 	2163.9 
514.13 	0.00042647 	2829.8 
514.63 	0.00053309 	3162.7 
515.13 	0.00063971 	3662.0 
515.63 	0.00085294 	4161.4 
516.12 	0.00095956 	4827.2 
516.62 	0.0011728 	5326.6 
517.12 	0.0012794 	5826.0 
517.62 	0.0014927 	6491.8 
518.12 	0.0015993 	6824.7 
518.43 	0.0017059 	7490.6 
518.93 	0.0019191 	7823.5 
519.30 	0.0020257 	8489.3 
519.80 	0.0021324 	8822.2 
520.18 	0.0022390 	9488.0 
520.68 	0.0024522 	9820.9 
521.18 	0.0025588 	10320 
521.67 	0.0027721 	10986 
522.17 	0.0028787 	11486 
522.67 	0.0029853 	11818 
523.17 	0.0030919 	12151 
523.67 	0.0031985 	12651 
524.17 	0.0033052 	13150 
524.67 	0.0035184 	13649 
524.97 	0.0036250 	14315 
525.45 	0.0038383 	14981 
525.95 	0.0040515 	15480 
526.45 	0.0041581 	15980 
526.92 	0.0043713 	16646 
527.42 	0.0044780 	16979 
527.90 	0.0045846 	17644 
528.40 	0.0047978 	18144 
528.90 	0.0049044 	18643 
529.38 	0.0051177 	19309 
529.88 	0.0052243 	19808 
530.38 	0.0053309 	20308 
530.88 	0.0054375 	20641 
531.38 	0.0054375 	20974 
531.88 	0.0055441 	20974 
532.38 	0.0055441 	21140 
532.88 	0.0055441 	21140 
533.38 	0.0055441 	21140 
533.88 	0.0054375 	21140 
534.38 	0.0054375 	20974 
534.88 	0.0055441 	21306 
535.38 	0.0054375 	21140 
535.88 	0.0054375 	20974 
536.38 	0.0054375 	21140 
536.88 	0.0054375 	21140 
537.38 	0.0054375 	20974 
537.88 	0.0054375 	20974 
538.38 	0.0054375 	21140 
538.88 	0.0054375 	21140 
539.38 	0.0054375 	20974 
539.88 	0.0054375 	20974 
540.38 	0.0054375 	21140 
540.88 	0.0054375 	21140 
541.38 	0.0055441 	21140 
541.88 	0.0054375 	21140 
542.38 	0.0054375 	20974 
542.88 	0.0054375 	21140 
543.38 	0.0054375 	21140 
543.88 	0.0054375 	21140 
544.38 	0.0054375 	21306 
544.88 	0.0054375 	21140 
545.38 	0.0054375 	20974 
545.88 	0.0054375 	20974 
546.38 	0.0054375 	21140 
546.88 	0.0054375 	21140 
547.38 	0.0054375 	21140 
547.88 	0.0054375 	21140 
548.38 	0.0054375 	21140 
548.88 	0.0054375 	21140 
549.38 	0.0054375 	21140 
549.88 	0.0054375 	21140 
550.38 	0.0054375 	21306 
550.88 	0.0055441 	21140 
551.38 	0.0054375 	21140 
551.88 	0.0055441 	21140 
552.38 	0.0054375 	21140 
552.88 	0.0054375 	21140 
553.38 	0.0054375 	20974 
553.88 	0.0054375 	21140 
554.38 	0.0054375 	21140 
554.88 	0.0054375 	21140 
555.38 	0.0054375 	21140 
555.88 	0.0054375 	21140 
556.38 	0.0055441 	21306 
556.88 	0.0055441 	21140 
557.38 	0.0054375 	21140 
557.88 	0.0054375 	21140 
558.38 	0.0055441 	21140 
558.88 	0.0054375 	21140 
559.38 	0.0055441 	21140 
559.88 	0.0054375 	21140 
560.38 	0.0054375 	21140 
560.88 	0.0055441 	21140 
561.38 	0.0055441 	21140 
561.88 	0.0055441 	21306 
562.38 	0.0055441 	21140 
562.88 	0.0055441 	21140 
563.38 	0.0055441 	21140 
563.88 	0.0055441 	21140 
564.38 	0.0055441 	21306 
564.88 	0.0055441 	21306 
565.38 	0.0055441 	21140 
565.88 	0.0055441 	21140 
566.38 	0.0055441 	21140 
566.88 	0.0055441 	21140 
567.38 	0.0055441 	21140 
567.88 	0.0055441 	21140 
568.38 	0.0055441 	20974 
568.88 	0.0055441 	21140 
569.38 	0.0055441 	21140 
569.88 	0.0055441 	21306 
570.38 	0.0055441 	21140 
570.88 	0.0055441 	20974 
571.38 	0.0054375 	21140 
571.88 	0.0055441 	20974 
572.38 	0.0056508 	21140 
572.88 	0.0055441 	21306 
573.38 	0.0055441 	21140 
573.88 	0.0055441 	20974 
574.38 	0.0055441 	21140 
574.88 	0.0055441 	21140 
575.38 	0.0055441 	21306 
575.88 	0.0055441 	21140 
576.38 	0.0055441 	21140 
576.88 	0.0055441 	20974 
577.38 	0.0055441 	21140 
577.88 	0.0055441 	21140 
578.38 	0.0055441 	21306 
578.88 	0.0055441 	21306 
579.38 	0.0055441 	21140 
579.88 	0.0055441 	21140 
580.38 	0.0054375 	21140 
580.88 	0.0055441 	21306 
581.38 	0.0055441 	21140 
581.88 	0.0054375 	21140 
582.38 	0.0054375 	21140 
582.88 	0.0054375 	21140 
583.38 	0.0054375 	21140 
583.88 	0.0054375 	21140 
584.38 	0.0054375 	21140 
584.88 	0.0054375 	21140 
585.38 	0.0054375 	21140 
585.88 	0.0054375 	21140 
586.38 	0.0054375 	21140 
586.88 	0.0054375 	21140 
587.38 	0.0054375 	21140 
587.88 	0.0053309 	21140 
588.38 	0.0053309 	21140 
588.88 	0.0054375 	21306 
589.38 	0.0054375 	21140 
589.88 	0.0054375 	21140 
590.38 	0.0053309 	20974 
590.88 	0.0054375 	21140 
590.93 	0.0054375 	21140 
591.43 	0.0054375 	21140 
591.93 	0.0054375 	21140 
592.43 	0.0054375 	20974 
592.93 	0.0053309 	21140 
593.43 	0.0054375 	21140 
593.93 	0.0054375 	21306 
594.43 	0.0053309 	21140 
594.93 	0.0053309 	21140 
595.43 	0.0053309 	20974 
595.93 	0.0053309 	21140 
596.43 	0.0053309 	21140 
596.93 	0.0053309 	21140 
597.43 	0.0053309 	21140 
597.93 	0.0053309 	21140 
598.43 	0.0053309 	20974 
598.93 	0.0053309 	21140 
599.43 	0.0053309 	21140 
599.93 	0.0052243 	21140 
600.43 	0.0053309 	21140 
600.93 	0.0052243 	21140 
601.43 	0.0052243 	21140 
601.93 	0.0052243 	21140 
602.43 	0.0052243 	21140 
602.93 	0.0052243 	21140 
603.43 	0.0052243 	21140 
603.93 	0.0052243 	21140 
604.43 	0.0052243 	21140 
604.93 	0.0053309 	21306 
605.43 	0.0052243 	21140 
605.93 	0.0052243 	21140 
606.43 	0.0052243 	20974 
606.93 	0.0052243 	20974 
607.43 	0.0052243 	21140 
607.93 	0.0052243 	21140 
608.43 	0.0052243 	21140 
608.93 	0.0052243 	21140 
609.43 	0.0052243 	20974 
609.93 	0.0052243 	21140 
610.43 	0.0052243 	21306 
610.93 	0.0052243 	21140 
611.43 	0.0052243 	21140 
611.93 	0.0051177 	21140 
612.43 	0.0052243 	21140 
612.93 	0.0052243 	21140 
613.43 	0.0052243 	21140 
613.93 	0.0052243 	21140 
614.43 	0.0052243 	21140 
614.93 	0.0052243 	21140 
615.43 	0.0052243 	20974 
615.93 	0.0052243 	21140 
616.43 	0.0052243 	21140 
616.93 	0.0052243 	21306 
617.43 	0.0052243 	21140 
617.93 	0.0052243 	21140 
618.43 	0.0052243 	20974 
618.93 	0.0051177 	20974 
619.43 	0.0052243 	21140 
619.93 	0.0052243 	21140 
620.43 	0.0052243 	21140 
620.93 	0.0052243 	21140 
621.43 	0.0052243 	20974 
621.93 	0.0052243 	20974 
622.43 	0.0052243 	21140 
622.93 	0.0052243 	21140 
623.43 	0.0052243 	21140 
623.93 	0.0052243 	21306 
624.43 	0.0052243 	21140 
624.93 	0.0052243 	21306 
625.43 	0.0052243 	21140 
625.93 	0.0052243 	21140 
626.43 	0.0052243 	21140 
626.93 	0.0052243 	21140 
627.43 	0.0052243 	21140 
627.93 	0.0052243 	21140 
628.43 	0.0052243 	21140 
628.93 	0.0052243 	21306 
629.43 	0.0052243 	21140 
629.93 	0.0052243 	21140 
630.43 	0.0052243 	21306 
630.93 	0.0052243 	21140 
631.43 	0.0052243 	21140 
631.93 	0.0052243 	21140 
632.43 	0.0052243 	21140 
632.93 	0.0052243 	21140 
633.43 	0.0052243 	21140 
633.93 	0.0052243 	21140 
634.43 	0.0052243 	21140 
634.93 	0.0052243 	21140 
635.43 	0.0052243 	20974 
635.93 	0.0052243 	21140 
636.43 	0.0052243 	21306 
636.93 	0.0052243 	21140 
637.43 	0.0052243 	21140 
637.93 	0.0052243 	21140 
638.43 	0.0052243 	21140 
638.93 	0.0052243 	21140 
639.43 	0.0052243 	21306 
639.93 	0.0052243 	21306 
640.43 	0.0052243 	21140 
640.93 	0.0052243 	21140 
641.43 	0.0052243 	21140 
641.93 	0.0052243 	21140 
642.43 	0.0052243 	21140 
642.93 	0.0052243 	21306 
643.43 	0.0052243 	20974 
643.93 	0.0052243 	20974 
644.43 	0.0052243 	21140 
644.93 	0.0052243 	21140 
645.43 	0.0052243 	21306 
645.93 	0.0052243 	21140 
646.43 	0.0052243 	20974 
646.93 	0.0052243 	21140 
647.43 	0.0052243 	21140 
647.93 	0.0052243 	21140 
648.43 	0.0052243 	21140 
648.93 	0.0052243 	20974 
649.43 	0.0052243 	20974 
649.93 	0.0052243 	21140 
650.43 	0.0052243 	21140 
650.93 	0.0052243 	21140 
651.43 	0.0052243 	21140 
651.93 	0.0052243 	21140 
652.43 	0.0052243 	21140 
652.93 	0.0052243 	21140 
653.43 	0.0052243 	21140 
653.93 	0.0052243 	21140 
654.43 	0.0052243 	21140 
654.93 	0.0052243 	21140 
655.43 	0.0052243 	21140 
655.93 	0.0052243 	21140 
656.43 	0.0052243 	21140 
656.93 	0.0052243 	21140 
657.43 	0.0052243 	21140 
657.93 	0.0052243 	21306 
658.43 	0.0052243 	21140 
658.93 	0.0052243 	21140 
659.43 	0.0052243 	21140 
659.93 	0.0052243 	21140 
660.43 	0.0052243 	21306 
660.93 	0.0052243 	21140 
661.43 	0.0052243 	21140 
661.93 	0.0052243 	21140 
662.43 	0.0052243 	21140 
662.93 	0.0052243 	21140 
663.43 	0.0052243 	21140 
663.93 	0.0052243 	21140 
664.43 	0.0052243 	20974 
664.93 	0.0052243 	21140 
665.43 	0.0052243 	21140 
665.93 	0.0052243 	21140 
666.43 	0.0052243 	21306 
666.93 	0.0052243 	21140 
667.43 	0.0052243 	21140 
667.93 	0.0052243 	21140 
668.43 	0.0052243 	21306 
668.93 	0.0052243 	21140 
669.43 	0.0052243 	21140 
669.93 	0.0052243 	21140 
670.43 	0.0052243 	21140 
670.93 	0.0052243 	21140 
671.43 	0.0052243 	21140 
671.93 	0.0052243 	21140 
672.43 	0.0052243 	21140 
672.93 	0.0052243 	21140 
673.43 	0.0052243 	21140 
673.93 	0.0052243 	21140 
674.43 	0.0052243 	21140 
674.93 	0.0052243 	21140 
675.43 	0.0052243 	21140 
675.93 	0.0052243 	21140 
676.43 	0.0052243 	21140 
676.93 	0.0052243 	21140 
677.43 	0.0052243 	20974 
677.93 	0.0052243 	21140 
678.43 	0.0052243 	21140 
678.93 	0.0052243 	21140 
679.43 	0.0052243 	21140 
679.93 	0.0052243 	21140 
680.43 	0.0052243 	21140 
680.93 	0.0052243 	21140 
681.43 	0.0052243 	21140 
681.93 	0.0052243 	21140 
682.43 	0.0052243 	21140 
682.93 	0.0052243 	21140 
683.43 	0.0052243 	21140 
683.93 	0.0052243 	21140 
684.43 	0.0052243 	20974 
684.93 	0.0052243 	21140 
685.43 	0.0052243 	21140 
685.93 	0.0052243 	21306 
686.43 	0.0052243 	21140 
686.93 	0.0052243 	21140 
687.43 	0.0052243 	20974 
687.93 	0.0052243 	21140 
688.43 	0.0052243 	21140 
688.93 	0.0052243 	21140 
689.43 	0.0052243 	21140 
689.93 	0.0052243 	21140 
690.43 	0.0052243 	21140 
690.93 	0.0052243 	21140 
691.43 	0.0052243 	21140 
691.93 	0.0052243 	21306 
692.43 	0.0052243 	21140 
692.93 	0.0052243 	21140 
693.43 	0.0052243 	21140 
693.93 	0.0052243 	21140 
694.43 	0.0052243 	20974 
694.93 	0.0052243 	21140 
695.43 	0.0052243 	21306 
695.93 	0.0052243 	21306 
696.43 	0.0052243 	21140 
696.93 	0.0052243 	21140 
697.43 	0.0052243 	21140 
697.93 	0.0052243 	21140 
698.43 	0.0052243 	21140 
698.93 	0.0052243 	21140 
699.43 	0.0052243 	21140 
699.93 	0.0052243 	21140 
700.43 	0.0052243 	21140 
700.93 	0.0052243 	21306 
701.43 	0.0052243 	21140 
701.93 	0.0052243 	21140 
702.43 	0.0052243 	21140 
702.93 	0.0052243 	21140 
703.43 	0.0052243 	21140 
703.93 	0.0052243 	21140 
704.43 	0.0052243 	21140 
704.93 	0.0052243 	21140 
705.43 	0.0052243 	21140 
705.93 	0.0052243 	21140 
706.43 	0.0052243 	21140 
706.93 	0.0052243 	21140 
707.43 	0.0052243 	21140 
707.93 	0.0052243 	21140 
708.43 	0.0052243 	21140 
708.93 	0.0052243 	21140 
709.43 	0.0052243 	21140 
709.93 	0.0052243 	21140 
710.43 	0.0052243 	21140 
710.93 	0.0052243 	21140 
711.43 	0.0052243 	21140 
711.93 	0.0052243 	21140 
712.43 	0.0052243 	21140 
712.93 	0.0052243 	21140 
713.43 	0.0052243 	21140 
713.93 	0.0052243 	21306 
714.43 	0.0052243 	21140 
714.93 	0.0052243 	21140 
715.43 	0.0052243 	20974 
715.93 	0.0052243 	21140 
716.43 	0.0052243 	21140 
716.93 	0.0052243 	21306 
717.43 	0.0052243 	21140 
717.93 	0.0052243 	21140 
718.43 	0.0052243 	21140 
718.93 	0.0052243 	21140 
719.43 	0.0052243 	21140 
719.93 	0.0052243 	21140 
720.43 	0.0052243 	21140 
720.93 	0.0052243 	21473 
721.43 	0.0052243 	21972 
721.93 	0.0052243 	22305 
722.42 	0.0052243 	22971 
722.92 	0.0052243 	23470 
723.42 	0.0052243 	23970 
723.92 	0.0052243 	24469 
724.42 	0.0052243 	24969 
724.92 	0.0052243 	25468 
725.42 	0.0052243 	26134 
725.92 	0.0052243 	26467 
726.42 	0.0052243 	26966 
726.92 	0.0052243 	27632 
727.42 	0.0052243 	27965 
727.92 	0.0052243 	28464 
728.42 	0.0052243 	29130 
728.92 	0.0052243 	29463 
729.40 	0.0052243 	30129 
729.90 	0.0052243 	30462 
730.40 	0.0052243 	31127 
730.90 	0.0052243 	31627 
731.40 	0.0052243 	32126 
731.90 	0.0052243 	32626 
732.40 	0.0052243 	33125 
732.80 	0.0052243 	33791 
733.25 	0.0052243 	34457 
733.75 	0.0052243 	34956 
734.25 	0.0052243 	35455 
734.68 	0.0052243 	36121 
735.18 	0.0052243 	36454 
735.67 	0.0052243 	37120 
736.17 	0.0052243 	37619 
736.67 	0.0052243 	38119 
737.13 	0.0052243 	38784 
737.63 	0.0052243 	39117 
738.10 	0.0052243 	39783 
738.60 	0.0052243 	40283 
739.10 	0.0052243 	40782 
739.60 	0.0052243 	41281 
740.10 	0.0052243 	41781 
740.60 	0.0052243 	42280 
741.08 	0.0052243 	42946 
741.58 	0.0052243 	43445 
742.08 	0.0052243 	43945 
742.58 	0.0052243 	44444 
743.05 	0.0052243 	45110 
743.55 	0.0052243 	45443 
744.03 	0.0052243 	46109 
744.53 	0.0052243 	46441 
745.02 	0.0052243 	47107 
745.52 	0.0052243 	47607 
746.02 	0.0052243 	48106 
746.52 	0.0052243 	48605 
747.02 	0.0052243 	49105 
747.50 	0.0052243 	49771 
748.00 	0.0052243 	50103 
748.47 	0.0052243 	50769 
748.97 	0.0052243 	51269 
749.47 	0.0052243 	51768 
749.97 	0.0052243 	52267 
750.47 	0.0052243 	52767 
750.93 	0.0052243 	53433 
751.43 	0.0052243 	53766 
751.88 	0.0052243 	54431 
752.38 	0.0052243 	54931 
752.88 	0.0052243 	55430 
753.38 	0.0052243 	56096 
753.88 	0.0052243 	56429 
754.38 	0.0052243 	57095 
754.88 	0.0052243 	57594 
755.38 	0.0052243 	58093 
755.88 	0.0052243 	58759 
756.38 	0.0052243 	59092 
756.88 	0.0052243 	59758 
757.38 	0.0052243 	60091 
757.87 	0.0052243 	60757 
758.37 	0.0052243 	61256 
758.87 	0.0052243 	61755 
759.37 	0.0052243 	62255 
759.87 	0.0052243 	62921 
760.37 	0.0052243 	63254 
760.82 	0.0052243 	63919 
761.32 	0.0052243 	64252 
761.75 	0.0052243 	64918 
762.25 	0.0052243 	65418 
762.75 	0.0052243 	65750 
763.12 	0.0052243 	66416 
763.62 	0.0052243 	66749 
764.07 	0.0052243 	67415 
764.57 	0.0052243 	67748 
765.05 	0.0052243 	68414 
765.55 	0.0052243 	68913 
766.05 	0.0052243 	69412 
766.55 	0.0052243 	69912 
767.02 	0.0052243 	70578 
767.52 	0.0052243 	70911 
768.02 	0.0052243 	71410 
768.48 	0.0052243 	72076 
768.98 	0.0052243 	72575 
769.48 	0.0052243 	73075 
769.98 	0.0052243 	73574 
770.48 	0.0052243 	74073 
770.98 	0.0052243 	74573 
771.43 	0.0052243 	75238 
771.93 	0.0052243 	75571 
772.37 	0.0052243 	76237 
772.87 	0.0052243 	76570 
773.32 	0.0052243 	77236 
773.82 	0.0052243 	77735 
774.32 	0.0052243 	78235 
774.82 	0.0052243 	78734 
775.32 	0.0052243 	79233 
775.82 	0.0052243 	79733 
776.28 	0.0052243 	80399 
776.78 	0.0052243 	80732 
777.23 	0.0052243 	81397 
777.73 	0.0052243 	81730 
778.17 	0.0052243 	82396 
778.67 	0.0052243 	82895 
779.17 	0.0052243 	83395 
779.67 	0.0052243 	83894 
780.17 	0.0052243 	84394 
780.63 	0.0052243 	85059 
781.13 	0.0052243 	85559 
781.63 	0.0052243 	85892 
782.08 	0.0052243 	86558 
782.58 	0.0052243 	87057 
783.08 	0.0052243 	87390 
783.48 	0.0052243 	88056 
783.98 	0.0052243 	88389 
784.42 	0.0052243 	89054 
784.92 	0.0052243 	89387 
785.38 	0.0052243 	90053 
785.88 	0.0052243 	90552 
786.38 	0.0052243 	90885 
786.75 	0.0052243 	91551 
787.25 	0.0052243 	92051 
787.75 	0.0052243 	92550 
788.25 	0.0052243 	93049 
788.75 	0.0052243 	93382 
789.15 	0.0052243 	94048 
789.65 	0.0052243 	94547 
790.15 	0.0052243 	95047 
790.65 	0.0052243 	95546 
791.13 	0.0052243 	96212 
791.63 	0.0052243 	96711 
792.13 	0.0052243 	97211 
792.63 	0.0052243 	97710 
793.13 	0.0052243 	98209 
793.63 	0.0052243 	98709 
794.13 	0.0052243 	99208 
794.63 	0.0052243 	99874 
795.13 	0.0052243 	100370 
795.63 	0.0052243 	100870 
796.13 	0.0052243 	101370 
796.63 	0.0052243 	101870 
797.10 	0.0052243 	102540 
797.60 	0.0052243 	102870 
798.05 	0.0052243 	103540 
798.55 	0.0052243 	104040 
799.05 	0.0052243 	104370 
799.48 	0.0052243 	105030 
799.98 	0.0052243 	105530 
800.48 	0.0052243 	106030 
800.98 	0.0052243 	106530 
801.48 	0.0052243 	107030 
801.98 	0.0052243 	107530 
802.48 	0.0052243 	108200 
802.98 	0.0052243 	108700 
803.48 	0.0052243 	109200 
803.98 	0.0052243 	109700 
804.47 	0.0052243 	110360 
804.97 	0.0052243 	110690 
805.43 	0.0052243 	111360 
805.93 	0.0052243 	111860 
806.43 	0.0052243 	112360 
806.93 	0.0052243 	112860 
807.43 	0.0052243 	113360 
807.88 	0.0052243 	114020 
808.38 	0.0052243 	114520 
808.88 	0.0052243 	114860 
809.35 	0.0052243 	115520 
809.85 	0.0052243 	116020 
810.35 	0.0052243 	116520 
810.85 	0.0052243 	117020 
811.35 	0.0052243 	117520 
811.85 	0.0052243 	118180 
812.35 	0.0052243 	118680 
812.85 	0.0052243 	119180 
813.35 	0.0052243 	119680 
813.85 	0.0052243 	120180 
814.33 	0.0052243 	120850 
814.83 	0.0052243 	121350 
815.33 	0.0052243 	121850 
815.83 	0.0052243 	122350 
816.33 	0.0052243 	122850 
816.83 	0.0052243 	123340 
817.32 	0.0052243 	124010 
817.82 	0.0052243 	124340 
818.23 	0.0052243 	125010 
818.73 	0.0052243 	125340 
819.22 	0.0052243 	126010 
819.72 	0.0052243 	126510 
820.22 	0.0052243 	127010 
820.72 	0.0052243 	127510 
821.22 	0.0052243 	128010 
821.72 	0.0052243 	128670 
822.22 	0.0052243 	129000 
822.72 	0.0052243 	129500 
823.22 	0.0052243 	130170 
823.72 	0.0052243 	130670 
824.22 	0.0052243 	131170 
824.72 	0.0052243 	131670 
825.22 	0.0052243 	132330 
825.72 	0.0052243 	132670 
826.22 	0.0052243 	133330 
826.72 	0.0052243 	133830 
827.22 	0.0052243 	134330 
827.72 	0.0052243 	134830 
828.22 	0.0052243 	135500 
828.72 	0.0052243 	136000 
829.22 	0.0052243 	136490 
829.72 	0.0052243 	136990 
830.22 	0.0052243 	137490 
830.72 	0.0052243 	138160 
831.22 	0.0052243 	138660 
831.72 	0.0052243 	139160 
832.22 	0.0052243 	139660 
832.72 	0.0052243 	140320 
833.22 	0.0052243 	140660 
833.72 	0.0052243 	141320 
834.22 	0.0052243 	141820 
834.72 	0.0052243 	142320 
835.22 	0.0052243 	142990 
835.72 	0.0052243 	143490 
836.22 	0.0052243 	143990 
836.72 	0.0052243 	144320 
837.22 	0.0052243 	144980 
837.72 	0.0052243 	145480 
838.22 	0.0052243 	146150 
838.72 	0.0052243 	146650 
839.22 	0.0052243 	147150 
839.72 	0.0052243 	147650 
840.22 	0.0052243 	148150 
840.72 	0.0052243 	148650 
841.22 	0.0052243 	149150 
841.72 	0.0052243 	149980 
842.22 	0.0052243 	150310 
842.72 	0.0052243 	150810 
843.22 	0.0052243 	151310 
843.72 	0.0052243 	151980 
844.22 	0.0052243 	152470 
844.72 	0.0052243 	152970 
845.22 	0.0052243 	153470 
845.72 	0.0052243 	154140 
846.22 	0.0052243 	154640 
846.72 	0.0052243 	155140 
847.22 	0.0052243 	155640 
847.72 	0.0052243 	156140 
848.22 	0.0052243 	156800 
848.72 	0.0052243 	157140 
849.22 	0.0052243 	157630 
849.72 	0.0052243 	158300 
850.22 	0.0052243 	158800 
850.72 	0.0052243 	159470 
851.22 	0.0052243 	159960 
851.72 	0.0052243 	160460 
852.22 	0.0052243 	160960 
852.72 	0.0052243 	161460 
853.22 	0.0052243 	162130 
853.72 	0.0052243 	162460 
854.22 	0.0052243 	163130 
854.72 	0.0052243 	163630 
855.22 	0.0052243 	164130 
855.72 	0.0052243 	164630 
856.22 	0.0052243 	165130 
856.72 	0.0052243 	165620 
857.22 	0.0052243 	166290 
857.72 	0.0052243 	166790 
858.22 	0.0052243 	167290 
858.72 	0.0052243 	167790 
859.22 	0.0052243 	168450 
859.72 	0.0052243 	168950 
860.22 	0.0052243 	169450 
860.72 	0.0052243 	169950 
861.22 	0.0052243 	170450 
861.72 	0.0052243 	171120 
862.22 	0.0052243 	171620 
862.72 	0.0052243 	172120 
863.22 	0.0052243 	172620 
863.72 	0.0052243 	173120 
864.22 	0.0052243 	173610 
864.72 	0.0052243 	174110 
865.22 	0.0052243 	174780 
865.72 	0.0052243 	175280 
866.22 	0.0052243 	175780 
866.72 	0.0052243 	176280 
867.22 	0.0052243 	176780 
867.72 	0.0052243 	177440 
868.22 	0.0052243 	177940 
868.72 	0.0052243 	178440 
869.22 	0.0052243 	178940 
869.72 	0.0052243 	179610 
870.22 	0.0052243 	180110 
870.72 	0.0052243 	180610 
871.22 	0.0052243 	181100 
871.72 	0.0052243 	181600 
872.22 	0.0052243 	182100 
872.72 	0.0052243 	182770 
873.22 	0.0052243 	183100 
873.72 	0.0052243 	183770 
874.22 	0.0052243 	184270 
874.72 	0.0052243 	184930 
875.22 	0.0052243 	185270 
875.72 	0.0052243 	185930 
876.22 	0.0052243 	186430 
876.72 	0.0052243 	186930 
877.22 	0.0052243 	187430 
877.72 	0.0052243 	188100 
878.22 	0.0052243 	188430 
878.72 	0.0052243 	189090 
879.22 	0.0052243 	189590 
879.72 	0.0052243 	190260 
880.22 	0.0052243 	190590 
880.72 	0.0052243 	191260 
881.22 	0.0052243 	191760 
881.72 	0.0052243 	192260 
882.22 	0.0052243 	192760 
882.72 	0.0052243 	193260 
883.22 	0.0052243 	193920 
883.72 	0.0052243 	194420 
884.22 	0.0052243 	194920 
884.72 	0.0052243 	195420 
885.22 	0.0052243 	196090 
885.72 	0.0052243 	196590 
886.22 	0.0052243 	197080 
886.72 	0.0052243 	197580 
887.22 	0.0052243 	198080 
887.72 	0.0052243 	198580 
888.22 	0.0052243 	199080 
888.72 	0.0052243 	199750 
889.22 	0.0052243 	200250 
889.72 	0.0052243 	200750 
890.22 	0.0052243 	201250 
890.72 	0.0052243 	201750 
891.22 	0.0052243 	202240 
891.72 	0.0052243 	202910 
892.22 	0.0052243 	203410 
892.72 	0.0052243 	203910 
893.22 	0.0052243 	204410 
893.72 	0.0052243 	204910 
894.22 	0.0052243 	205570 
894.72 	0.0052243 	206070 
895.22 	0.0052243 	206570 
895.72 	0.0052243 	207070 
896.22 	0.0052243 	207570 
896.72 	0.0052243 	208070 
897.22 	0.0052243 	208740 
897.72 	0.0052243 	209240 
898.22 	0.0052243 	209740 
898.72 	0.0052243 	210400 
899.22 	0.0052243 	210900 
899.72 	0.0052243 	211400 
900.22 	0.0052243 	211900 
900.72 	0.0052243 	212400 
901.22 	0.0052243 	213060 
901.72 	0.0052243 	213560 
902.22 	0.0052243 	214060 
902.72 	0.0052243 	214560 
903.22 	0.0052243 	215060 
903.72 	0.0052243 	215560 
904.22 	0.0052243 	216060 
904.72 	0.0052243 	216730 
905.22 	0.0052243 	217230 
905.72 	0.0052243 	217730 
906.22 	0.0052243 	218220 
906.72 	0.0052243 	218890 
907.22 	0.0052243 	219390 
907.72 	0.0052243 	219890 
908.22 	0.0052243 	220390 
908.72 	0.0052243 	220890 
909.22 	0.0052243 	221390 
909.72 	0.0052243 	222050 
910.22 	0.0052243 	222550 
910.72 	0.0052243 	223220 
911.22 	0.0052243 	223550 
911.72 	0.0052243 	224050 
912.22 	0.0052243 	224720 
912.72 	0.0052243 	225220 
913.22 	0.0052243 	225720 
913.72 	0.0052243 	226210 
914.22 	0.0052243 	226880 
914.72 	0.0052243 	227210 
915.22 	0.0052243 	227880 
915.72 	0.0052243 	228380 
916.22 	0.0052243 	228880 
916.72 	0.0052243 	229380 
917.22 	0.0052243 	230040 
917.72 	0.0052243 	230540 
918.22 	0.0052243 	231040 
918.72 	0.0052243 	231540 
919.22 	0.0052243 	232040 
919.72 	0.0052243 	232540 
920.22 	0.0052243 	233210 
920.72 	0.0052243 	233710 
921.22 	0.0052243 	234200 
921.72 	0.0052243 	234700 
922.22 	0.0052243 	235200 
922.72 	0.0052243 	235870 
923.22 	0.0052243 	236370 
923.72 	0.0052243 	236870 
924.22 	0.0052243 	237370 
924.72 	0.0052243 	237870 
925.22 	0.0052243 	238530 
925.72 	0.0052243 	238870 
926.22 	0.0052243 	239530 
926.72 	0.0052243 	240200 
927.22 	0.0052243 	240530 
927.72 	0.0052243 	241030 
928.22 	0.0052243 	241700 
928.72 	0.0052243 	242190 
929.22 	0.0052243 	242690 
929.72 	0.0052243 	243190 
930.22 	0.0052243 	243690 
930.72 	0.0052243 	244360 
931.22 	0.0052243 	244860 
931.72 	0.0052243 	245360 
932.22 	0.0052243 	245860 
932.72 	0.0052243 	246360 
933.22 	0.0052243 	247020 
933.72 	0.0052243 	247520 
934.22 	0.0052243 	248020 
934.72 	0.0052243 	248520 
934.80 	0.0052243 	246190 
935.30 	0.0052243 	247520 
935.68 	0.0052243 	249190 
936.18 	0.0052243 	249850 
936.68 	0.0052243 	250520 
937.18 	0.0052243 	251020 
937.68 	0.0052243 	251520 
938.18 	0.0052243 	252180 
938.68 	0.0052243 	252680 
939.18 	0.0052243 	253350 
939.68 	0.0052243 	253680 
940.18 	0.0052243 	254180 
940.68 	0.0052243 	254850 
941.18 	0.0052243 	255340 
941.68 	0.0052243 	255840 
942.18 	0.0052243 	256510 
942.68 	0.0052243 	257010 
943.18 	0.0052243 	257510 
943.68 	0.0052243 	258010 
944.18 	0.0052243 	258510 
944.68 	0.0052243 	259170 
945.18 	0.0052243 	259670 
945.68 	0.0052243 	260170 
946.18 	0.0052243 	260670 
946.68 	0.0052243 	261170 
947.18 	0.0052243 	261670 
947.68 	0.0052243 	262170 
948.18 	0.0052243 	262840 
948.68 	0.0052243 	263330 
949.18 	0.0052243 	263830 
949.68 	0.0052243 	264330 
950.18 	0.0052243 	265000 
950.68 	0.0052243 	265500 
951.18 	0.0052243 	266000 
951.68 	0.0052243 	266500 
952.18 	0.0052243 	267000 
952.68 	0.0052243 	267660 
953.18 	0.0052243 	268160 
953.68 	0.0052243 	268660 
954.18 	0.0052243 	268990 
954.68 	0.0052243 	269660 
955.18 	0.0052243 	270160 
955.68 	0.0052243 	270830 
956.18 	0.0052243 	271320 
956.68 	0.0052243 	271820 
957.18 	0.0052243 	272320 
957.68 	0.0052243 	272820 
958.18 	0.0052243 	273490 
958.68 	0.0052243 	273990 
959.18 	0.0052243 	274490 
959.68 	0.0052243 	274990 
960.18 	0.0052243 	275490 
960.68 	0.0052243 	276150 
961.18 	0.0052243 	276480 
961.68 	0.0052243 	277150 
962.18 	0.0052243 	277650 
962.68 	0.0052243 	278320 
963.18 	0.0052243 	278650 
963.68 	0.0052243 	279150 
964.18 	0.0052243 	279650 
964.68 	0.0052243 	280310 
965.18 	0.0052243 	280810 
965.68 	0.0052243 	281310 
966.18 	0.0052243 	281980 
966.68 	0.0052243 	282480 
967.18 	0.0052243 	282980 
967.68 	0.0052243 	283480 
968.18 	0.0052243 	284140 
968.68 	0.0052243 	284470 
969.18 	0.0052243 	285140 
969.68 	0.0052243 	285640 
970.18 	0.0052243 	286140 
970.27 	0.0052243 	279310 
970.28 	0.0052243 	261000 
970.30 	0.0052243 	248020 
970.42 	0.0052243 	244860 
970.45 	0.0052243 	242190 
970.47 	0.0052243 	213900 
970.48 	0.0052243 	106700 
