Tempo(s)	Deformação(mm)	Força(N)
0.016667 	-0.0001068 	-166.80 
0.51667 	0.00000 	-166.80 
1.0167 	0.00000 	332.91 
1.5167 	0.00010662 	665.83 
2.0167 	0.00021324 	998.74 
2.5167 	0.00031985 	1498.1 
3.0167 	0.00053309 	1997.5 
3.5167 	0.00063971 	2496.9 
4.0167 	0.00074633 	2829.8 
4.5167 	0.00074633 	2996.2 
5.0167 	0.00074633 	2996.2 
5.5167 	0.00074633 	3162.7 
5.9667 	0.00085294 	3828.5 
6.4667 	0.0011728 	4327.9 
6.9000 	0.0013860 	4993.7 
7.4000 	0.0015993 	5493.1 
7.9000 	0.0017059 	5826.0 
8.4000 	0.0018125 	5992.4 
8.8333 	0.0019191 	6658.3 
9.2500 	0.0022390 	7324.1 
9.5500 	0.0023456 	7989.9 
10.000 	0.0025588 	8655.8 
10.500 	0.0027721 	9321.6 
11.000 	0.0029853 	9987.4 
11.433 	0.0031985 	10653 
11.933 	0.0034118 	11153 
12.267 	0.0036250 	11818 
12.767 	0.0038383 	12318 
13.267 	0.0039449 	12817 
13.767 	0.0041581 	13317 
14.217 	0.0042647 	13982 
14.717 	0.0044780 	14482 
15.217 	0.0045846 	14815 
15.717 	0.0046912 	15148 
16.217 	0.0047978 	15647 
16.717 	0.0050111 	16146 
17.117 	0.0051177 	16812 
17.533 	0.0053309 	17478 
18.017 	0.0055441 	18144 
18.517 	0.0057574 	18643 
19.017 	0.0058640 	19143 
19.517 	0.0060772 	19642 
19.983 	0.0061839 	20308 
20.483 	0.0063971 	20807 
20.983 	0.0066103 	21473 
21.483 	0.0067169 	21806 
21.983 	0.0068236 	22305 
22.483 	0.0070368 	22805 
22.983 	0.0071434 	22971 
23.483 	0.0071434 	23137 
23.983 	0.0071434 	23137 
24.483 	0.0071434 	23304 
24.983 	0.0072500 	23304 
25.483 	0.0071434 	23304 
25.983 	0.0071434 	23304 
26.483 	0.0071434 	23304 
26.983 	0.0071434 	23304 
27.483 	0.0072500 	23470 
27.983 	0.0072500 	23304 
28.483 	0.0072500 	23304 
28.983 	0.0071434 	23137 
29.483 	0.0072500 	23304 
29.983 	0.0072500 	23470 
30.483 	0.0072500 	23304 
30.983 	0.0071434 	23304 
31.483 	0.0072500 	23304 
31.983 	0.0071434 	23304 
32.483 	0.0072500 	23304 
32.983 	0.0072500 	23304 
33.483 	0.0071434 	23470 
33.983 	0.0072500 	23304 
34.483 	0.0072500 	23304 
34.983 	0.0072500 	23304 
35.483 	0.0072500 	23304 
35.983 	0.0072500 	23304 
36.483 	0.0072500 	23304 
36.983 	0.0072500 	23304 
37.483 	0.0072500 	23304 
37.983 	0.0071434 	23304 
38.483 	0.0071434 	23304 
38.983 	0.0072500 	23470 
39.483 	0.0071434 	23304 
39.983 	0.0072500 	23304 
40.483 	0.0072500 	23304 
40.983 	0.0072500 	23304 
41.483 	0.0071434 	23304 
41.983 	0.0072500 	23304 
42.483 	0.0072500 	23304 
42.983 	0.0071434 	23470 
43.483 	0.0072500 	23304 
43.983 	0.0072500 	23304 
44.483 	0.0071434 	23304 
44.983 	0.0071434 	23304 
45.483 	0.0072500 	23304 
45.983 	0.0071434 	23304 
46.483 	0.0072500 	23304 
46.983 	0.0071434 	23304 
47.483 	0.0072500 	23304 
47.983 	0.0072500 	23304 
48.483 	0.0072500 	23304 
48.983 	0.0072500 	23304 
49.483 	0.0072500 	23304 
49.983 	0.0072500 	23304 
50.483 	0.0071434 	23304 
50.983 	0.0072500 	23304 
51.483 	0.0071434 	23304 
51.983 	0.0071434 	23304 
52.483 	0.0072500 	23470 
52.983 	0.0071434 	23304 
53.483 	0.0071434 	23304 
53.983 	0.0072500 	23304 
54.483 	0.0071434 	23304 
54.983 	0.0072500 	23304 
55.483 	0.0071434 	23304 
55.983 	0.0072500 	23304 
56.483 	0.0072500 	23304 
56.983 	0.0071434 	23304 
57.483 	0.0072500 	23304 
57.983 	0.0071434 	23304 
58.483 	0.0071434 	23304 
58.983 	0.0072500 	23304 
59.483 	0.0072500 	23304 
59.983 	0.0071434 	23304 
60.483 	0.0072500 	23304 
60.983 	0.0072500 	23304 
61.483 	0.0072500 	23304 
61.983 	0.0071434 	23470 
62.483 	0.0071434 	23304 
62.983 	0.0071434 	23137 
63.483 	0.0071434 	23304 
63.983 	0.0071434 	23304 
64.483 	0.0071434 	23304 
64.983 	0.0072500 	23470 
65.483 	0.0072500 	23304 
65.983 	0.0072500 	23304 
66.483 	0.0071434 	23304 
66.983 	0.0071434 	23304 
67.483 	0.0072500 	23304 
67.983 	0.0071434 	23304 
68.483 	0.0071434 	23304 
68.983 	0.0072500 	23470 
69.483 	0.0072500 	23304 
69.983 	0.0072500 	23304 
70.483 	0.0071434 	23304 
70.983 	0.0071434 	23304 
71.483 	0.0071434 	23304 
71.983 	0.0071434 	23304 
72.483 	0.0071434 	23470 
72.983 	0.0071434 	23304 
73.483 	0.0071434 	23304 
73.983 	0.0071434 	23304 
74.483 	0.0072500 	23304 
74.983 	0.0071434 	23304 
75.483 	0.0072500 	23304 
75.983 	0.0071434 	23304 
76.483 	0.0071434 	23470 
76.983 	0.0072500 	23470 
77.483 	0.0072500 	23304 
77.983 	0.0071434 	23304 
78.483 	0.0072500 	23304 
78.983 	0.0071434 	23304 
79.483 	0.0071434 	23304 
79.983 	0.0071434 	23304 
80.483 	0.0071434 	23304 
80.983 	0.0071434 	23304 
81.483 	0.0071434 	23304 
81.983 	0.0071434 	23137 
82.483 	0.0071434 	23137 
82.983 	0.0071434 	23304 
83.483 	0.0070368 	22638 
83.983 	0.0068236 	22139 
84.467 	0.0067169 	21473 
84.967 	0.0065037 	21140 
85.400 	0.0063971 	20474 
85.900 	0.0062905 	19975 
86.400 	0.0060772 	19642 
86.833 	0.0059706 	18976 
87.333 	0.0058640 	18810 
87.833 	0.0057574 	18310 
88.333 	0.0056508 	17811 
88.833 	0.0055441 	17478 
89.333 	0.0053309 	17145 
89.633 	0.0052243 	16479 
90.133 	0.0050111 	15813 
90.633 	0.0047978 	15314 
91.050 	0.0046912 	14648 
91.550 	0.0044780 	14315 
92.017 	0.0043713 	13649 
92.517 	0.0041581 	13150 
93.017 	0.0039449 	12651 
93.517 	0.0038383 	12151 
94.000 	0.0036250 	11486 
94.500 	0.0035184 	11153 
95.000 	0.0033052 	10487 
95.500 	0.0031985 	10320 
95.817 	0.0030919 	9654.5 
96.317 	0.0028787 	9321.6 
96.817 	0.0027721 	8822.2 
97.300 	0.0025588 	8156.4 
97.800 	0.0024522 	7823.5 
98.300 	0.0022390 	7490.6 
98.583 	0.0021324 	6824.7 
99.083 	0.0020257 	6491.8 
99.583 	0.0018125 	6158.9 
100.07 	0.0017059 	5493.1 
100.57 	0.0015993 	5160.2 
101.07 	0.0013860 	4827.2 
101.57 	0.0012794 	4327.9 
102.07 	0.0010662 	3995.0 
102.57 	0.00095956 	3495.6 
103.07 	0.00085294 	3162.7 
103.57 	0.00063971 	2996.2 
104.07 	0.00063971 	2663.3 
104.57 	0.00063971 	2663.3 
105.07 	0.00074633 	2829.8 
105.57 	0.00063971 	2663.3 
106.07 	0.00063971 	2496.9 
106.57 	0.00063971 	2496.9 
107.07 	0.00063971 	2330.4 
107.57 	0.00063971 	2330.4 
108.07 	0.00063971 	2330.4 
108.57 	0.00063971 	2330.4 
109.07 	0.00063971 	2330.4 
109.57 	0.00063971 	2163.9 
110.07 	0.00053309 	1997.5 
110.57 	0.00053309 	1664.6 
111.07 	0.00042647 	1498.1 
111.57 	0.00042647 	1498.1 
112.07 	0.00042647 	1498.1 
112.57 	0.00031985 	1331.7 
113.07 	0.00031985 	1331.7 
113.57 	0.00031985 	1165.2 
114.07 	0.00031985 	1165.2 
114.57 	0.00021324 	1165.2 
115.07 	0.00031985 	1165.2 
115.57 	0.00031985 	1165.2 
116.07 	0.00021324 	1165.2 
116.57 	0.00031985 	1331.7 
117.07 	0.00031985 	1165.2 
117.57 	0.00021324 	1165.2 
118.07 	0.00031985 	1165.2 
118.57 	0.00021324 	1165.2 
119.07 	0.00031985 	1165.2 
119.57 	0.00031985 	1331.7 
120.07 	0.00021324 	1331.7 
120.57 	0.00031985 	1165.2 
121.07 	0.00031985 	1165.2 
121.57 	0.00031985 	1165.2 
122.07 	0.00031985 	1165.2 
122.57 	0.00031985 	1165.2 
123.07 	0.00021324 	1165.2 
123.57 	0.00031985 	1165.2 
124.07 	0.00031985 	1165.2 
124.57 	0.00031985 	1165.2 
125.07 	0.00021324 	1165.2 
125.57 	0.00031985 	1165.2 
126.07 	0.00031985 	1331.7 
126.57 	0.00031985 	1331.7 
127.07 	0.00031985 	1165.2 
127.57 	0.00021324 	1165.2 
128.07 	0.00031985 	1165.2 
128.57 	0.00031985 	1165.2 
129.07 	0.00031985 	1165.2 
129.57 	0.00021324 	1165.2 
130.07 	0.00031985 	1165.2 
130.57 	0.00021324 	1165.2 
131.07 	0.00031985 	1331.7 
131.57 	0.00031985 	1331.7 
132.07 	0.00021324 	1165.2 
132.57 	0.00031985 	1165.2 
133.07 	0.00031985 	1165.2 
133.57 	0.00021324 	1165.2 
134.07 	0.00021324 	1165.2 
134.57 	0.00021324 	1165.2 
135.07 	0.00031985 	1165.2 
135.57 	0.00021324 	1165.2 
136.07 	0.00031985 	1165.2 
136.57 	0.00021324 	1165.2 
137.07 	0.00021324 	1165.2 
137.57 	0.00031985 	1165.2 
138.07 	0.00021324 	1165.2 
138.57 	0.00031985 	1165.2 
139.07 	0.00021324 	1165.2 
139.57 	0.00031985 	1165.2 
140.07 	0.00031985 	1165.2 
140.57 	0.00021324 	1165.2 
141.07 	0.00031985 	1165.2 
141.57 	0.00021324 	1165.2 
142.07 	0.00021324 	1165.2 
142.57 	0.00021324 	1165.2 
143.07 	0.00031985 	1165.2 
143.57 	0.00021324 	1331.7 
144.07 	0.00021324 	1165.2 
144.57 	0.00021324 	1165.2 
145.07 	0.00021324 	1165.2 
145.57 	0.00021324 	1331.7 
146.07 	0.00021324 	1331.7 
146.57 	0.00021324 	1165.2 
147.07 	0.00021324 	998.74 
147.57 	0.00021324 	1165.2 
148.07 	0.00021324 	1165.2 
148.57 	0.00021324 	1331.7 
149.07 	0.00021324 	1331.7 
149.57 	0.00021324 	1165.2 
150.07 	0.00021324 	998.74 
150.57 	0.00021324 	1165.2 
151.07 	0.00021324 	1331.7 
151.57 	0.00021324 	1331.7 
152.07 	0.00021324 	1165.2 
152.57 	0.00021324 	1165.2 
153.07 	0.00021324 	1165.2 
153.57 	0.00021324 	1165.2 
154.07 	0.00021324 	1331.7 
154.57 	0.00021324 	1165.2 
155.07 	0.00031985 	998.74 
155.57 	0.00021324 	998.74 
156.07 	0.00021324 	1165.2 
156.57 	0.00021324 	1331.7 
157.07 	0.00021324 	1165.2 
157.57 	0.00021324 	1165.2 
158.07 	0.00021324 	1165.2 
158.57 	0.00021324 	998.74 
159.07 	0.00031985 	1165.2 
159.57 	0.00021324 	1165.2 
160.07 	0.00021324 	1165.2 
160.57 	0.00021324 	1165.2 
161.07 	0.00021324 	1165.2 
161.57 	0.00021324 	1165.2 
162.07 	0.00021324 	1331.7 
162.57 	0.00021324 	1165.2 
163.07 	0.00021324 	998.74 
163.57 	0.00031985 	998.74 
164.07 	0.00021324 	1165.2 
164.57 	0.00021324 	1331.7 
165.07 	0.00021324 	1165.2 
165.57 	0.00021324 	1165.2 
166.07 	0.00021324 	1165.2 
166.57 	0.00021324 	1331.7 
167.07 	0.00021324 	1331.7 
167.57 	0.00031985 	1831.0 
168.07 	0.00042647 	2163.9 
168.57 	0.00053309 	2663.3 
169.07 	0.00063971 	2829.8 
169.57 	0.00063971 	2996.2 
170.07 	0.00063971 	2996.2 
170.57 	0.00063971 	3162.7 
170.95 	0.00085294 	3828.5 
171.45 	0.0011728 	4327.9 
171.75 	0.0012794 	4993.7 
172.25 	0.0014927 	5160.2 
172.75 	0.0015993 	5659.5 
173.25 	0.0015993 	5992.4 
173.75 	0.0018125 	6491.8 
174.18 	0.0019191 	7157.6 
174.63 	0.0021324 	7823.5 
175.03 	0.0023456 	8489.3 
175.45 	0.0025588 	9155.1 
175.92 	0.0028787 	9820.9 
176.42 	0.0030919 	10487 
176.85 	0.0033052 	11153 
177.32 	0.0034118 	11818 
177.82 	0.0037316 	12151 
178.20 	0.0038383 	12817 
178.70 	0.0039449 	13317 
179.17 	0.0041581 	13982 
179.67 	0.0042647 	14315 
180.17 	0.0044780 	14815 
180.67 	0.0045846 	15148 
181.17 	0.0046912 	15480 
181.67 	0.0049044 	16146 
182.17 	0.0050111 	16646 
182.52 	0.0052243 	17312 
182.97 	0.0053309 	17977 
183.47 	0.0055441 	18477 
183.95 	0.0057574 	19143 
184.45 	0.0058640 	19475 
184.85 	0.0060772 	20141 
185.35 	0.0062905 	20474 
185.80 	0.0063971 	21140 
186.30 	0.0065037 	21473 
186.80 	0.0066103 	22139 
187.30 	0.0068236 	22638 
187.80 	0.0069302 	22971 
188.30 	0.0070368 	23137 
188.80 	0.0070368 	23304 
189.30 	0.0070368 	23304 
189.80 	0.0070368 	23304 
190.30 	0.0070368 	23304 
190.80 	0.0070368 	23304 
191.30 	0.0070368 	23304 
191.80 	0.0070368 	23137 
192.30 	0.0070368 	23304 
192.80 	0.0070368 	23304 
193.30 	0.0070368 	23304 
193.80 	0.0070368 	23304 
194.30 	0.0070368 	23304 
194.80 	0.0070368 	23304 
195.30 	0.0070368 	23304 
195.80 	0.0070368 	23470 
196.30 	0.0070368 	23304 
196.80 	0.0070368 	23304 
197.30 	0.0070368 	23304 
197.80 	0.0070368 	23137 
198.30 	0.0070368 	23304 
198.80 	0.0071434 	23304 
199.30 	0.0070368 	23304 
199.80 	0.0070368 	23304 
200.30 	0.0070368 	23304 
200.80 	0.0070368 	23304 
201.30 	0.0070368 	23304 
201.80 	0.0070368 	23304 
202.30 	0.0070368 	23304 
202.80 	0.0070368 	23304 
203.30 	0.0070368 	23304 
203.80 	0.0070368 	23304 
204.30 	0.0070368 	23304 
204.80 	0.0071434 	23304 
205.30 	0.0071434 	23470 
205.80 	0.0071434 	23304 
206.30 	0.0070368 	23304 
206.80 	0.0070368 	23137 
207.30 	0.0070368 	23304 
207.80 	0.0070368 	23304 
208.30 	0.0070368 	23304 
208.80 	0.0070368 	23304 
209.30 	0.0070368 	23304 
209.80 	0.0070368 	23304 
210.30 	0.0070368 	23304 
210.80 	0.0070368 	23304 
211.30 	0.0070368 	23304 
211.80 	0.0070368 	23304 
212.30 	0.0070368 	23304 
212.80 	0.0070368 	23304 
213.30 	0.0070368 	23304 
213.80 	0.0070368 	23304 
214.30 	0.0070368 	23304 
214.80 	0.0070368 	23304 
215.30 	0.0070368 	23304 
215.80 	0.0070368 	23470 
216.30 	0.0070368 	23304 
216.80 	0.0070368 	23304 
217.30 	0.0070368 	23304 
217.80 	0.0070368 	23304 
218.30 	0.0070368 	23470 
218.80 	0.0070368 	23304 
219.30 	0.0070368 	23304 
219.80 	0.0070368 	23304 
220.30 	0.0070368 	23137 
220.80 	0.0070368 	23304 
221.30 	0.0070368 	23137 
221.80 	0.0070368 	23304 
222.30 	0.0071434 	23304 
222.80 	0.0071434 	23304 
223.30 	0.0071434 	23304 
223.80 	0.0070368 	23304 
224.30 	0.0070368 	23304 
224.80 	0.0070368 	23304 
225.30 	0.0070368 	23304 
225.80 	0.0070368 	23304 
226.30 	0.0071434 	23304 
226.80 	0.0070368 	23304 
227.30 	0.0071434 	23304 
227.80 	0.0070368 	23304 
228.30 	0.0070368 	23304 
228.80 	0.0070368 	23304 
229.30 	0.0071434 	23304 
229.80 	0.0070368 	23304 
230.30 	0.0070368 	23137 
230.80 	0.0070368 	23137 
231.30 	0.0070368 	23304 
231.80 	0.0070368 	23304 
232.30 	0.0071434 	23304 
232.80 	0.0070368 	23304 
233.30 	0.0070368 	23304 
233.80 	0.0070368 	23304 
234.30 	0.0070368 	23304 
234.80 	0.0070368 	23304 
235.30 	0.0070368 	23304 
235.80 	0.0070368 	23304 
236.30 	0.0070368 	23304 
236.80 	0.0070368 	23304 
237.30 	0.0070368 	23304 
237.80 	0.0070368 	23304 
238.30 	0.0070368 	23304 
238.80 	0.0070368 	23304 
239.30 	0.0070368 	23304 
239.80 	0.0070368 	23304 
240.30 	0.0070368 	23304 
240.80 	0.0070368 	23304 
241.30 	0.0070368 	23304 
241.80 	0.0070368 	23304 
242.30 	0.0070368 	23304 
242.80 	0.0070368 	23304 
243.30 	0.0070368 	23304 
243.80 	0.0070368 	23304 
244.30 	0.0070368 	23304 
244.80 	0.0070368 	23304 
245.30 	0.0070368 	23304 
245.80 	0.0070368 	23304 
246.30 	0.0070368 	23304 
246.80 	0.0070368 	23470 
247.30 	0.0070368 	23304 
247.80 	0.0070368 	23304 
248.30 	0.0069302 	22971 
248.80 	0.0068236 	22472 
249.30 	0.0067169 	21972 
249.80 	0.0065037 	21473 
250.30 	0.0063971 	20974 
250.80 	0.0061839 	20474 
251.30 	0.0060772 	19975 
251.80 	0.0059706 	19475 
252.30 	0.0057574 	18976 
252.80 	0.0056508 	18643 
253.30 	0.0055441 	18144 
253.80 	0.0053309 	17811 
254.30 	0.0053309 	17478 
254.65 	0.0051177 	16812 
255.12 	0.0050111 	16146 
255.57 	0.0047978 	15480 
256.07 	0.0045846 	14981 
256.57 	0.0043713 	14482 
257.07 	0.0042647 	13982 
257.57 	0.0040515 	13317 
258.07 	0.0039449 	12984 
258.47 	0.0037316 	12318 
258.97 	0.0036250 	11985 
259.37 	0.0035184 	11319 
259.87 	0.0033052 	11153 
260.23 	0.0031985 	10487 
260.73 	0.0029853 	10320 
261.05 	0.0029853 	9654.5 
261.55 	0.0027721 	9155.1 
262.05 	0.0026655 	8822.2 
262.55 	0.0024522 	8322.8 
262.93 	0.0023456 	7657.0 
263.43 	0.0021324 	7490.6 
263.72 	0.0020257 	6824.7 
264.22 	0.0019191 	6491.8 
264.72 	0.0018125 	5992.4 
265.22 	0.0015993 	5826.0 
265.72 	0.0014927 	5326.6 
266.22 	0.0012794 	4993.7 
266.72 	0.0011728 	4494.3 
267.22 	0.0010662 	4161.4 
267.72 	0.00085294 	3662.0 
268.22 	0.00074633 	3329.1 
268.72 	0.00063971 	2996.2 
269.22 	0.00053309 	2829.8 
269.72 	0.00053309 	2663.3 
270.22 	0.00053309 	2829.8 
270.72 	0.00053309 	2829.8 
271.22 	0.00053309 	2663.3 
271.72 	0.00053309 	2496.9 
272.22 	0.00053309 	2330.4 
272.72 	0.00053309 	2330.4 
273.22 	0.00063971 	2330.4 
273.72 	0.00053309 	2330.4 
274.22 	0.00053309 	2163.9 
274.72 	0.00053309 	2163.9 
275.22 	0.00042647 	1831.0 
275.72 	0.00031985 	1664.6 
276.22 	0.00031985 	1664.6 
276.72 	0.00031985 	1498.1 
277.22 	0.00021324 	1331.7 
277.72 	0.00021324 	1331.7 
278.22 	0.00021324 	1331.7 
278.72 	0.00021324 	1165.2 
279.22 	0.00021324 	1165.2 
279.72 	0.00021324 	1165.2 
280.22 	0.00010662 	1165.2 
280.72 	0.00021324 	1165.2 
281.22 	0.00021324 	1165.2 
281.72 	0.00021324 	1165.2 
282.22 	0.00010662 	1165.2 
282.72 	0.00021324 	1165.2 
283.22 	0.00010662 	1165.2 
283.72 	0.00010662 	1165.2 
284.22 	0.00021324 	1165.2 
284.72 	0.00010662 	1165.2 
285.22 	0.00010662 	1165.2 
285.72 	0.00010662 	1165.2 
286.22 	0.00021324 	1331.7 
286.72 	0.00021324 	1331.7 
287.22 	0.00010662 	1165.2 
287.72 	0.00010662 	998.74 
288.22 	0.00010662 	1165.2 
288.72 	0.00010662 	1165.2 
289.22 	0.00010662 	1165.2 
289.72 	0.00010662 	1165.2 
290.22 	0.00010662 	1165.2 
290.72 	0.00021324 	1165.2 
291.22 	0.00021324 	1165.2 
291.72 	0.00021324 	1165.2 
292.22 	0.00010662 	1165.2 
292.72 	0.00021324 	1165.2 
293.22 	0.00010662 	1331.7 
293.72 	0.00010662 	1165.2 
294.22 	0.00010662 	1165.2 
294.72 	0.00010662 	1165.2 
295.22 	0.00010662 	1165.2 
295.72 	0.00010662 	1165.2 
296.22 	0.00010662 	1165.2 
296.72 	0.00010662 	1165.2 
297.22 	0.00010662 	1165.2 
297.72 	0.00021324 	1165.2 
298.22 	0.00010662 	1165.2 
298.72 	0.00010662 	998.74 
299.22 	0.00010662 	1165.2 
299.72 	0.00021324 	1165.2 
300.22 	0.00010662 	1165.2 
300.72 	0.00010662 	1165.2 
301.22 	0.00010662 	1165.2 
301.72 	0.00010662 	1165.2 
302.22 	0.00010662 	1165.2 
302.72 	0.00010662 	1165.2 
303.22 	0.00010662 	1165.2 
303.72 	0.00010662 	1165.2 
304.22 	0.00010662 	1165.2 
304.72 	0.00010662 	1331.7 
305.22 	0.00021324 	1165.2 
305.72 	0.00010662 	1165.2 
306.22 	0.00010662 	1165.2 
306.72 	0.00010662 	1165.2 
307.22 	0.00010662 	1165.2 
307.72 	0.00010662 	1165.2 
308.22 	0.00010662 	1331.7 
308.72 	0.00010662 	1165.2 
309.22 	0.00010662 	1165.2 
309.72 	0.00010662 	1165.2 
310.22 	0.00010662 	1165.2 
310.72 	0.00010662 	1165.2 
311.22 	0.00010662 	1165.2 
311.72 	0.00010662 	1165.2 
312.22 	0.00010662 	1165.2 
312.72 	0.00010662 	1331.7 
313.22 	0.00010662 	1165.2 
313.72 	0.00010662 	998.74 
314.22 	0.00010662 	998.74 
314.72 	0.00010662 	1165.2 
315.22 	0.00010662 	1165.2 
315.72 	0.00010662 	1165.2 
316.22 	0.00010662 	998.74 
316.72 	0.00010662 	1165.2 
317.22 	0.00010662 	1165.2 
317.72 	0.00010662 	1331.7 
318.22 	0.00010662 	1165.2 
318.72 	0.00010662 	1165.2 
319.22 	0.00010662 	1165.2 
319.72 	0.00010662 	1165.2 
320.22 	0.00010662 	1165.2 
320.72 	0.00010662 	1165.2 
321.22 	0.00010662 	1165.2 
321.72 	0.00010662 	1331.7 
322.22 	0.00010662 	1165.2 
322.72 	0.00010662 	1165.2 
323.22 	0.00010662 	998.74 
323.72 	0.00010662 	1331.7 
324.22 	0.00010662 	1165.2 
324.72 	0.00010662 	1165.2 
325.22 	0.00010662 	1165.2 
325.72 	0.00010662 	1165.2 
326.22 	0.00010662 	1165.2 
326.72 	0.00010662 	998.74 
327.22 	0.00010662 	1165.2 
327.72 	0.00010662 	1165.2 
328.22 	0.00010662 	1331.7 
328.72 	0.00010662 	1331.7 
329.22 	0.00010662 	1165.2 
329.72 	0.00010662 	1165.2 
330.22 	0.00010662 	1165.2 
330.72 	0.00010662 	1331.7 
331.22 	0.00010662 	1331.7 
331.72 	0.00010662 	998.74 
332.22 	0.00010662 	1165.2 
332.72 	0.00021324 	1664.6 
333.22 	0.00031985 	1997.5 
333.72 	0.00042647 	2330.4 
334.22 	0.00053309 	2829.8 
334.72 	0.00053309 	2996.2 
335.22 	0.00053309 	3162.7 
335.72 	0.00053309 	3162.7 
336.22 	0.00074633 	3495.6 
336.53 	0.00085294 	4161.4 
337.03 	0.0011728 	4660.8 
337.38 	0.0012794 	5326.6 
337.88 	0.0013860 	5659.5 
338.38 	0.0013860 	5659.5 
338.83 	0.0014927 	6325.4 
339.33 	0.0017059 	6658.3 
339.62 	0.0018125 	7324.1 
340.05 	0.0020257 	7989.9 
340.38 	0.0022390 	8655.8 
340.88 	0.0025588 	9155.1 
341.23 	0.0026655 	9820.9 
341.65 	0.0028787 	10487 
342.08 	0.0030919 	11153 
342.55 	0.0033052 	11818 
343.05 	0.0035184 	12318 
343.55 	0.0037316 	12984 
344.05 	0.0038383 	13317 
344.48 	0.0040515 	13982 
344.98 	0.0042647 	14482 
345.48 	0.0043713 	14815 
345.98 	0.0044780 	15148 
346.48 	0.0045846 	15647 
346.98 	0.0047978 	16146 
347.48 	0.0049044 	16646 
347.80 	0.0050111 	17312 
348.27 	0.0052243 	17977 
348.77 	0.0054375 	18477 
349.23 	0.0056508 	19143 
349.73 	0.0057574 	19642 
350.23 	0.0059706 	20141 
350.73 	0.0060772 	20807 
351.23 	0.0062905 	21140 
351.67 	0.0063971 	21806 
352.17 	0.0065037 	22139 
352.58 	0.0066103 	22805 
353.08 	0.0068236 	22971 
353.58 	0.0068236 	23137 
354.08 	0.0068236 	23137 
354.58 	0.0069302 	23304 
355.08 	0.0069302 	23304 
355.58 	0.0069302 	23137 
356.08 	0.0069302 	23304 
356.58 	0.0069302 	23470 
357.08 	0.0069302 	23304 
357.58 	0.0069302 	23304 
358.08 	0.0069302 	23304 
358.58 	0.0069302 	23304 
359.08 	0.0069302 	23304 
359.58 	0.0069302 	23304 
360.08 	0.0069302 	23304 
360.58 	0.0068236 	23137 
361.08 	0.0069302 	23137 
361.58 	0.0069302 	23137 
362.08 	0.0069302 	23304 
362.58 	0.0069302 	23304 
363.08 	0.0069302 	23304 
363.58 	0.0069302 	23304 
364.08 	0.0069302 	23304 
364.58 	0.0069302 	23304 
365.08 	0.0069302 	23304 
365.58 	0.0069302 	23304 
366.08 	0.0069302 	23304 
366.58 	0.0069302 	23304 
367.08 	0.0069302 	23304 
367.58 	0.0068236 	23304 
368.08 	0.0069302 	23137 
368.58 	0.0069302 	23304 
369.08 	0.0069302 	23304 
369.58 	0.0069302 	23304 
370.08 	0.0069302 	23304 
370.58 	0.0069302 	23304 
371.08 	0.0069302 	23304 
371.58 	0.0069302 	23304 
372.08 	0.0069302 	23304 
372.58 	0.0069302 	23304 
373.08 	0.0069302 	23304 
373.58 	0.0069302 	23470 
374.08 	0.0069302 	23304 
374.58 	0.0069302 	23304 
375.08 	0.0069302 	23304 
375.58 	0.0068236 	23137 
376.08 	0.0068236 	23304 
376.58 	0.0068236 	23304 
377.08 	0.0069302 	23304 
377.58 	0.0069302 	23470 
378.08 	0.0069302 	23470 
378.58 	0.0068236 	23304 
379.08 	0.0069302 	23304 
379.58 	0.0069302 	23304 
380.08 	0.0069302 	23304 
380.58 	0.0069302 	23304 
381.08 	0.0069302 	23304 
381.58 	0.0069302 	23304 
382.08 	0.0069302 	23304 
382.58 	0.0069302 	23304 
383.08 	0.0069302 	23304 
383.58 	0.0069302 	23304 
384.08 	0.0069302 	23304 
384.58 	0.0068236 	23304 
385.08 	0.0068236 	23304 
385.58 	0.0068236 	23304 
386.08 	0.0068236 	23304 
386.58 	0.0069302 	23304 
387.08 	0.0068236 	23304 
387.58 	0.0069302 	23304 
388.08 	0.0068236 	23304 
388.58 	0.0068236 	23304 
389.08 	0.0069302 	23304 
389.58 	0.0068236 	23304 
390.08 	0.0069302 	23304 
390.58 	0.0069302 	23304 
391.08 	0.0069302 	23304 
391.58 	0.0068236 	23137 
392.08 	0.0068236 	23137 
392.58 	0.0069302 	23304 
393.08 	0.0068236 	23304 
393.58 	0.0069302 	23304 
394.08 	0.0069302 	23304 
394.58 	0.0068236 	23304 
395.08 	0.0069302 	23304 
395.58 	0.0068236 	23304 
396.08 	0.0068236 	23470 
396.58 	0.0068236 	23304 
397.08 	0.0068236 	23304 
397.58 	0.0068236 	23304 
398.08 	0.0069302 	23304 
398.58 	0.0068236 	23304 
399.08 	0.0069302 	23304 
399.58 	0.0068236 	23304 
400.08 	0.0068236 	23304 
400.58 	0.0068236 	23137 
401.08 	0.0068236 	23304 
401.58 	0.0068236 	23304 
402.08 	0.0068236 	23304 
402.58 	0.0069302 	23304 
403.08 	0.0069302 	23304 
403.58 	0.0069302 	23304 
404.08 	0.0068236 	23304 
404.58 	0.0068236 	23304 
405.08 	0.0069302 	23304 
405.58 	0.0068236 	23304 
406.08 	0.0068236 	23304 
406.58 	0.0069302 	23304 
407.08 	0.0068236 	23304 
407.58 	0.0068236 	23304 
408.08 	0.0068236 	23304 
408.58 	0.0069302 	23304 
409.08 	0.0069302 	23304 
409.58 	0.0069302 	23304 
410.08 	0.0068236 	23304 
410.58 	0.0068236 	23304 
411.08 	0.0069302 	23304 
411.58 	0.0068236 	23304 
412.08 	0.0069302 	23304 
412.58 	0.0068236 	23304 
413.08 	0.0068236 	23304 
413.58 	0.0068236 	23137 
414.07 	0.0067169 	22472 
414.57 	0.0065037 	21972 
415.07 	0.0063971 	21473 
415.57 	0.0061839 	20974 
416.07 	0.0060772 	20308 
416.57 	0.0059706 	19975 
417.07 	0.0057574 	19475 
417.57 	0.0056508 	18976 
418.07 	0.0055441 	18643 
418.57 	0.0054375 	18144 
419.07 	0.0052243 	17811 
419.57 	0.0052243 	17478 
419.93 	0.0050111 	16812 
420.37 	0.0047978 	16146 
420.87 	0.0045846 	15480 
421.37 	0.0043713 	14981 
421.83 	0.0042647 	14315 
422.33 	0.0041581 	13982 
422.78 	0.0040515 	13317 
423.28 	0.0038383 	12817 
423.78 	0.0036250 	12651 
424.05 	0.0035184 	11985 
424.55 	0.0034118 	11486 
425.05 	0.0031985 	11153 
425.50 	0.0029853 	10487 
426.00 	0.0028787 	10320 
426.32 	0.0027721 	9654.5 
426.82 	0.0026655 	9155.1 
427.32 	0.0025588 	8822.2 
427.82 	0.0023456 	8156.4 
428.32 	0.0021324 	7823.5 
428.78 	0.0019191 	7157.6 
429.28 	0.0018125 	6824.7 
429.78 	0.0017059 	6325.4 
430.28 	0.0015993 	5992.4 
430.78 	0.0013860 	5659.5 
431.20 	0.0012794 	4993.7 
431.70 	0.0010662 	4660.8 
432.20 	0.00095956 	4327.9 
432.70 	0.00085294 	3995.0 
433.20 	0.00074633 	3495.6 
433.70 	0.00053309 	3162.7 
434.20 	0.00042647 	2996.2 
434.70 	0.00042647 	2829.8 
435.20 	0.00042647 	2829.8 
435.70 	0.00042647 	2829.8 
436.20 	0.00042647 	2663.3 
436.70 	0.00042647 	2663.3 
437.20 	0.00042647 	2496.9 
437.70 	0.00042647 	2496.9 
438.20 	0.00042647 	2496.9 
438.70 	0.00042647 	2330.4 
439.20 	0.00042647 	2330.4 
439.70 	0.00042647 	2163.9 
440.20 	0.00021324 	1831.0 
440.70 	0.00021324 	1664.6 
441.20 	0.00021324 	1498.1 
441.70 	0.00010662 	1331.7 
442.20 	0.00010662 	1331.7 
442.70 	0.00010662 	1331.7 
443.20 	0.00010662 	1165.2 
443.70 	0.00000 	1331.7 
444.20 	0.00000 	1165.2 
444.70 	0.00010662 	1331.7 
445.20 	0.00010662 	1165.2 
445.70 	0.00000 	1165.2 
446.20 	0.00000 	1165.2 
446.70 	0.00000 	1165.2 
447.20 	0.00010662 	1165.2 
447.70 	0.00000 	1165.2 
448.20 	0.00000 	1165.2 
448.70 	0.00010662 	1331.7 
449.20 	0.00000 	1165.2 
449.70 	0.00000 	1165.2 
450.20 	0.00010662 	1165.2 
450.70 	0.00000 	1165.2 
451.20 	0.00000 	1165.2 
451.70 	0.00000 	998.74 
452.20 	0.00000 	1165.2 
452.70 	0.00000 	998.74 
453.20 	0.00000 	1165.2 
453.70 	0.00010662 	1165.2 
454.20 	0.00000 	1165.2 
454.70 	0.00000 	1331.7 
455.20 	0.00000 	1331.7 
455.70 	0.00010662 	1165.2 
456.20 	0.00000 	1165.2 
456.70 	0.00000 	1165.2 
457.20 	0.00000 	1165.2 
457.70 	0.00000 	1165.2 
458.20 	0.00000 	1165.2 
458.70 	0.00000 	1331.7 
459.20 	0.00000 	1165.2 
459.70 	-0.0001068 	1165.2 
460.20 	0.00000 	1165.2 
460.70 	0.00000 	998.74 
461.20 	0.00000 	1165.2 
461.70 	0.00000 	1331.7 
462.20 	0.00000 	1331.7 
462.70 	0.00000 	1165.2 
463.20 	0.00000 	1165.2 
463.70 	0.00000 	1165.2 
464.20 	0.00000 	1165.2 
464.70 	0.00000 	1165.2 
465.20 	0.00000 	1165.2 
465.70 	0.00000 	1165.2 
466.20 	0.00000 	1165.2 
466.70 	0.00000 	1165.2 
467.20 	0.00000 	1165.2 
467.70 	0.00000 	1165.2 
468.20 	0.00000 	1165.2 
468.70 	0.00000 	1165.2 
469.20 	0.00000 	1165.2 
469.70 	0.00000 	1331.7 
470.20 	0.00000 	998.74 
470.70 	0.00000 	1165.2 
471.20 	0.00000 	1165.2 
471.70 	0.00000 	1165.2 
472.20 	0.00000 	1165.2 
472.70 	0.00000 	1165.2 
473.20 	0.00000 	1165.2 
473.70 	0.00000 	1165.2 
474.20 	0.00000 	1165.2 
474.70 	0.00000 	1165.2 
475.20 	0.00000 	1165.2 
475.70 	0.00000 	1165.2 
476.20 	0.00000 	1165.2 
476.70 	0.00000 	1165.2 
477.20 	0.00000 	998.74 
477.70 	0.00000 	1165.2 
478.20 	0.00000 	1165.2 
478.70 	0.00000 	1331.7 
479.20 	0.00000 	1165.2 
479.70 	0.00000 	1165.2 
480.20 	0.00000 	1165.2 
480.70 	0.00000 	998.74 
481.20 	0.00000 	1165.2 
481.70 	0.00000 	1331.7 
482.20 	0.00000 	1165.2 
482.70 	0.00000 	1165.2 
483.20 	0.00000 	1165.2 
483.70 	0.00000 	1165.2 
484.20 	0.00000 	1165.2 
484.70 	0.00000 	1165.2 
485.20 	0.00000 	1165.2 
485.70 	0.00000 	1165.2 
486.20 	0.00000 	998.74 
486.70 	0.00000 	1165.2 
487.20 	0.00000 	1165.2 
487.70 	0.00000 	1165.2 
488.20 	0.00000 	1165.2 
488.70 	0.00000 	1165.2 
489.20 	0.00000 	1331.7 
489.70 	0.00000 	1165.2 
490.20 	0.00000 	1165.2 
490.70 	0.00000 	1165.2 
491.20 	0.00000 	1165.2 
491.70 	0.00000 	1165.2 
492.20 	0.00000 	1165.2 
492.70 	0.00000 	1165.2 
493.20 	0.00000 	1165.2 
493.70 	0.00000 	1331.7 
494.20 	0.00000 	1165.2 
494.70 	0.00000 	1165.2 
495.20 	0.00000 	1165.2 
495.70 	0.00000 	1165.2 
496.20 	0.00010662 	1165.2 
496.70 	0.00000 	1165.2 
496.88 	0.00000 	1165.2 
497.38 	0.00000 	1331.7 
497.88 	0.00000 	1165.2 
498.38 	0.00000 	998.74 
498.88 	0.00000 	1165.2 
499.38 	0.00000 	1165.2 
499.88 	0.00000 	1165.2 
500.38 	0.00000 	1165.2 
500.88 	0.00000 	1165.2 
501.38 	0.00000 	1331.7 
501.88 	0.00010662 	1331.7 
502.38 	0.00000 	1331.7 
502.88 	0.00000 	998.74 
503.38 	0.00000 	1165.2 
503.88 	0.00000 	1165.2 
504.38 	0.00000 	1331.7 
504.88 	0.00000 	1331.7 
505.38 	0.00000 	1165.2 
505.88 	0.00000 	1165.2 
506.38 	0.00000 	1165.2 
506.88 	0.00000 	1165.2 
507.38 	0.00000 	1165.2 
507.88 	0.00000 	1165.2 
508.38 	0.00000 	1165.2 
508.88 	0.00000 	1165.2 
509.38 	0.00000 	1165.2 
509.88 	0.00000 	1165.2 
510.38 	0.00000 	1165.2 
510.88 	0.00000 	1165.2 
511.38 	0.00000 	1165.2 
511.88 	0.00000 	1331.7 
512.38 	0.00000 	1331.7 
512.88 	0.00000 	1165.2 
513.38 	0.00000 	1165.2 
513.88 	0.00000 	998.74 
514.38 	0.00000 	1165.2 
514.88 	0.00000 	1331.7 
515.38 	0.00000 	1165.2 
515.88 	0.00000 	1165.2 
516.38 	0.00000 	1165.2 
516.88 	0.00000 	1165.2 
517.38 	0.00000 	1165.2 
517.88 	0.00000 	1165.2 
518.38 	0.00000 	1165.2 
518.88 	0.00000 	1165.2 
519.38 	0.00000 	1165.2 
519.88 	0.00000 	1165.2 
520.38 	0.00000 	1331.7 
520.88 	0.00000 	998.74 
521.38 	0.00000 	1165.2 
521.88 	0.00000 	1165.2 
522.38 	0.00000 	1165.2 
522.88 	0.00000 	1331.7 
523.38 	0.00000 	1165.2 
523.88 	0.00000 	998.74 
524.38 	0.00000 	998.74 
524.88 	0.00000 	1331.7 
525.38 	0.00000 	1165.2 
525.88 	0.00000 	1165.2 
526.38 	0.00000 	1165.2 
526.87 	0.00000 	1165.2 
527.37 	0.00010662 	1331.7 
527.87 	0.00000 	1165.2 
528.37 	0.00000 	1165.2 
528.87 	0.00010662 	1664.6 
529.37 	0.00010662 	1997.5 
529.87 	0.00021324 	2330.4 
530.37 	0.00042647 	2829.8 
530.87 	0.00042647 	3162.7 
531.37 	0.00042647 	2996.2 
531.87 	0.00053309 	3329.1 
532.37 	0.00053309 	3495.6 
532.77 	0.00074633 	4161.4 
533.27 	0.00095956 	4660.8 
533.70 	0.0011728 	5326.6 
534.20 	0.0012794 	5659.5 
534.70 	0.0013860 	5826.0 
535.20 	0.0014927 	6325.4 
535.70 	0.0017059 	6991.2 
536.07 	0.0018125 	7657.0 
536.52 	0.0021324 	8322.8 
536.92 	0.0022390 	8988.7 
537.37 	0.0025588 	9654.5 
537.83 	0.0027721 	10320 
538.23 	0.0029853 	10986 
538.73 	0.0031985 	11652 
539.23 	0.0034118 	12318 
539.73 	0.0035184 	12817 
540.23 	0.0037316 	13317 
540.73 	0.0039449 	13816 
541.12 	0.0040515 	14482 
541.62 	0.0041581 	14815 
542.12 	0.0042647 	15148 
542.62 	0.0044780 	15480 
543.08 	0.0045846 	16146 
543.58 	0.0046912 	16479 
543.95 	0.0049044 	17145 
544.42 	0.0051177 	17811 
544.92 	0.0053309 	18477 
545.42 	0.0055441 	18976 
545.90 	0.0056508 	19642 
546.40 	0.0058640 	19975 
546.87 	0.0059706 	20641 
547.37 	0.0060772 	21140 
547.87 	0.0062905 	21639 
548.37 	0.0065037 	22139 
548.87 	0.0066103 	22638 
549.37 	0.0067169 	22971 
549.87 	0.0067169 	23304 
550.37 	0.0068236 	23304 
550.87 	0.0068236 	23304 
551.37 	0.0068236 	23304 
551.87 	0.0068236 	23304 
552.37 	0.0068236 	23304 
552.87 	0.0068236 	23304 
553.37 	0.0068236 	23137 
553.87 	0.0068236 	23137 
554.37 	0.0068236 	23137 
554.87 	0.0068236 	23304 
555.37 	0.0068236 	23304 
555.87 	0.0068236 	23304 
556.37 	0.0068236 	23304 
556.87 	0.0068236 	23304 
557.37 	0.0068236 	23304 
557.87 	0.0068236 	23304 
558.37 	0.0068236 	23304 
558.87 	0.0068236 	23304 
559.37 	0.0068236 	23304 
559.87 	0.0068236 	23304 
560.37 	0.0068236 	23304 
560.87 	0.0068236 	23137 
561.37 	0.0068236 	23304 
561.87 	0.0068236 	23304 
562.37 	0.0068236 	23304 
562.87 	0.0068236 	23304 
563.37 	0.0068236 	23304 
563.87 	0.0068236 	23304 
564.37 	0.0068236 	23304 
564.87 	0.0068236 	23304 
565.37 	0.0068236 	23304 
565.87 	0.0068236 	23304 
566.37 	0.0068236 	23304 
566.87 	0.0068236 	23304 
567.37 	0.0068236 	23304 
567.87 	0.0068236 	23304 
568.37 	0.0068236 	23304 
568.87 	0.0068236 	23304 
569.37 	0.0068236 	23304 
569.87 	0.0068236 	23304 
570.37 	0.0068236 	23304 
570.87 	0.0068236 	23304 
571.37 	0.0068236 	23304 
571.87 	0.0068236 	23304 
572.37 	0.0068236 	23304 
572.87 	0.0068236 	23304 
573.37 	0.0068236 	23304 
573.87 	0.0068236 	23304 
574.37 	0.0068236 	23137 
574.87 	0.0068236 	23304 
575.37 	0.0068236 	23304 
575.87 	0.0068236 	23137 
576.37 	0.0068236 	23304 
576.87 	0.0068236 	23304 
577.37 	0.0068236 	23304 
577.87 	0.0068236 	23304 
578.37 	0.0068236 	23304 
578.87 	0.0068236 	23304 
579.37 	0.0068236 	23304 
579.87 	0.0068236 	23304 
580.37 	0.0068236 	23304 
580.87 	0.0068236 	23470 
581.37 	0.0069302 	23304 
581.87 	0.0068236 	23304 
582.37 	0.0068236 	23304 
582.87 	0.0068236 	23304 
583.37 	0.0068236 	23470 
583.87 	0.0068236 	23304 
584.37 	0.0068236 	23304 
584.87 	0.0068236 	23304 
585.37 	0.0068236 	23304 
585.87 	0.0068236 	23304 
586.37 	0.0068236 	23304 
586.87 	0.0068236 	23304 
587.37 	0.0069302 	23304 
587.87 	0.0068236 	23304 
588.37 	0.0068236 	23304 
588.87 	0.0069302 	23304 
589.37 	0.0068236 	23137 
589.87 	0.0068236 	23304 
590.37 	0.0068236 	23304 
590.87 	0.0068236 	23304 
591.37 	0.0068236 	23304 
591.87 	0.0068236 	23304 
592.37 	0.0068236 	23304 
592.87 	0.0068236 	23304 
593.37 	0.0068236 	23470 
593.87 	0.0068236 	23304 
594.37 	0.0068236 	23304 
594.87 	0.0068236 	23304 
595.37 	0.0068236 	23304 
595.87 	0.0068236 	23304 
596.37 	0.0068236 	23304 
596.87 	0.0068236 	23137 
597.37 	0.0068236 	23304 
597.87 	0.0068236 	23304 
598.37 	0.0069302 	23470 
598.87 	0.0068236 	23304 
599.37 	0.0069302 	23304 
599.87 	0.0068236 	23137 
600.37 	0.0068236 	23304 
600.87 	0.0068236 	23304 
601.37 	0.0068236 	23304 
601.87 	0.0068236 	23304 
602.37 	0.0068236 	23304 
602.87 	0.0068236 	23304 
603.37 	0.0068236 	23304 
603.87 	0.0068236 	23304 
604.37 	0.0068236 	23304 
604.87 	0.0068236 	23137 
605.37 	0.0068236 	23304 
605.87 	0.0068236 	23470 
606.37 	0.0068236 	23304 
606.87 	0.0068236 	23304 
607.37 	0.0068236 	23304 
607.87 	0.0068236 	23304 
608.37 	0.0068236 	23304 
608.87 	0.0068236 	23304 
609.20 	0.0068236 	23304 
609.70 	0.0069302 	23470 
610.20 	0.0068236 	23304 
610.70 	0.0069302 	23470 
611.20 	0.0068236 	23304 
611.70 	0.0068236 	23304 
612.20 	0.0068236 	23304 
612.70 	0.0068236 	23304 
613.20 	0.0068236 	23304 
613.70 	0.0069302 	23304 
614.20 	0.0068236 	23304 
614.70 	0.0068236 	23304 
615.20 	0.0068236 	23304 
615.70 	0.0068236 	23304 
616.20 	0.0068236 	23304 
616.70 	0.0068236 	23304 
617.20 	0.0068236 	23304 
617.70 	0.0068236 	23304 
618.20 	0.0068236 	23304 
618.70 	0.0068236 	23304 
619.20 	0.0068236 	23304 
619.70 	0.0068236 	23304 
620.20 	0.0068236 	23304 
620.70 	0.0069302 	23470 
621.20 	0.0068236 	23304 
621.70 	0.0068236 	23304 
622.20 	0.0068236 	23304 
622.70 	0.0069302 	23137 
623.20 	0.0068236 	23304 
623.70 	0.0068236 	23304 
624.20 	0.0068236 	23304 
624.70 	0.0069302 	23304 
625.20 	0.0068236 	23304 
625.70 	0.0068236 	23137 
626.20 	0.0068236 	23304 
626.70 	0.0068236 	23304 
627.20 	0.0068236 	23304 
627.70 	0.0068236 	23304 
628.20 	0.0068236 	23304 
628.70 	0.0068236 	23304 
629.20 	0.0069302 	23304 
629.70 	0.0068236 	23304 
630.20 	0.0068236 	23304 
630.70 	0.0068236 	23304 
631.20 	0.0068236 	23304 
631.70 	0.0068236 	23304 
632.20 	0.0068236 	23304 
632.70 	0.0068236 	23304 
633.20 	0.0069302 	23304 
633.70 	0.0069302 	23470 
634.20 	0.0069302 	23304 
634.70 	0.0068236 	23304 
635.20 	0.0068236 	23304 
635.70 	0.0068236 	23304 
636.20 	0.0068236 	23304 
636.70 	0.0069302 	23304 
637.20 	0.0068236 	23304 
637.70 	0.0068236 	23304 
638.20 	0.0068236 	23304 
638.70 	0.0068236 	23304 
639.20 	0.0068236 	23304 
639.70 	0.0068236 	23304 
640.20 	0.0068236 	23470 
640.70 	0.0068236 	23304 
641.20 	0.0068236 	23304 
641.70 	0.0068236 	23304 
642.20 	0.0068236 	23304 
642.70 	0.0068236 	23304 
643.20 	0.0068236 	23304 
643.70 	0.0068236 	23304 
644.20 	0.0068236 	23304 
644.70 	0.0068236 	23304 
645.20 	0.0068236 	23137 
645.70 	0.0068236 	23304 
646.20 	0.0068236 	23304 
646.70 	0.0068236 	23470 
647.20 	0.0068236 	23470 
647.70 	0.0068236 	23304 
648.20 	0.0068236 	23304 
648.70 	0.0068236 	23304 
649.20 	0.0068236 	23304 
649.70 	0.0068236 	23470 
650.20 	0.0068236 	23304 
650.70 	0.0068236 	23304 
651.20 	0.0068236 	23304 
651.70 	0.0068236 	23137 
652.20 	0.0068236 	23304 
652.70 	0.0068236 	23304 
653.20 	0.0068236 	23304 
653.70 	0.0068236 	23304 
654.20 	0.0068236 	23304 
654.70 	0.0068236 	23304 
655.20 	0.0068236 	23304 
655.70 	0.0068236 	23304 
656.20 	0.0068236 	23304 
656.70 	0.0068236 	23304 
657.20 	0.0068236 	23304 
657.70 	0.0068236 	23304 
658.20 	0.0068236 	23304 
658.70 	0.0068236 	23304 
659.20 	0.0068236 	23304 
659.70 	0.0068236 	23304 
660.20 	0.0068236 	23304 
660.70 	0.0068236 	23304 
661.20 	0.0068236 	23304 
661.70 	0.0068236 	23304 
662.20 	0.0068236 	23137 
662.70 	0.0068236 	23304 
663.20 	0.0068236 	23304 
663.70 	0.0068236 	23304 
664.20 	0.0068236 	23304 
664.70 	0.0068236 	23304 
665.20 	0.0068236 	23304 
665.70 	0.0068236 	23304 
666.20 	0.0068236 	23304 
666.70 	0.0068236 	23304 
667.20 	0.0068236 	23304 
667.70 	0.0068236 	23304 
668.20 	0.0068236 	23304 
668.70 	0.0068236 	23304 
669.20 	0.0068236 	23304 
669.70 	0.0068236 	23137 
670.20 	0.0068236 	23304 
670.70 	0.0068236 	23304 
671.20 	0.0068236 	23470 
671.70 	0.0068236 	23304 
672.20 	0.0068236 	23304 
672.70 	0.0068236 	23304 
673.20 	0.0068236 	23304 
673.70 	0.0068236 	23304 
674.20 	0.0068236 	23304 
674.70 	0.0068236 	23304 
675.20 	0.0068236 	23304 
675.70 	0.0068236 	23304 
676.20 	0.0068236 	23137 
676.70 	0.0068236 	23137 
677.20 	0.0068236 	23304 
677.70 	0.0068236 	23304 
678.20 	0.0068236 	23304 
678.70 	0.0068236 	23304 
679.20 	0.0068236 	23304 
679.70 	0.0068236 	23304 
680.20 	0.0068236 	23304 
680.70 	0.0068236 	23304 
681.20 	0.0068236 	23304 
681.70 	0.0068236 	23304 
682.20 	0.0068236 	23304 
682.70 	0.0068236 	23304 
683.20 	0.0068236 	23304 
683.70 	0.0068236 	23304 
684.20 	0.0068236 	23304 
684.70 	0.0068236 	23304 
685.20 	0.0068236 	23304 
685.70 	0.0068236 	23470 
686.20 	0.0068236 	23304 
686.70 	0.0068236 	23137 
687.20 	0.0068236 	23304 
687.70 	0.0068236 	23304 
688.20 	0.0068236 	23304 
688.70 	0.0068236 	23304 
689.20 	0.0068236 	23304 
689.70 	0.0068236 	23304 
690.20 	0.0068236 	23304 
690.70 	0.0068236 	23304 
691.20 	0.0068236 	23304 
691.70 	0.0068236 	23304 
692.20 	0.0068236 	23304 
692.70 	0.0068236 	23304 
693.20 	0.0068236 	23304 
693.70 	0.0068236 	23304 
694.20 	0.0068236 	23137 
694.70 	0.0068236 	23137 
695.20 	0.0068236 	23304 
695.70 	0.0068236 	23304 
696.20 	0.0068236 	23304 
696.70 	0.0068236 	23304 
697.20 	0.0068236 	23304 
697.70 	0.0068236 	23304 
698.20 	0.0068236 	23304 
698.70 	0.0068236 	23304 
699.20 	0.0068236 	23304 
699.70 	0.0068236 	23304 
700.20 	0.0068236 	23304 
700.70 	0.0068236 	23470 
701.20 	0.0068236 	23304 
701.70 	0.0068236 	23304 
702.20 	0.0068236 	23304 
702.70 	0.0068236 	23304 
703.20 	0.0068236 	23304 
703.70 	0.0068236 	23304 
704.20 	0.0068236 	23470 
704.70 	0.0068236 	23970 
705.18 	0.0068236 	24636 
705.68 	0.0068236 	25135 
706.18 	0.0068236 	25634 
706.68 	0.0068236 	26134 
707.18 	0.0068236 	26633 
707.68 	0.0068236 	27132 
708.18 	0.0068236 	27632 
708.68 	0.0068236 	28131 
709.18 	0.0068236 	28797 
709.68 	0.0068236 	29130 
710.18 	0.0068236 	29629 
710.68 	0.0068236 	30129 
711.18 	0.0068236 	30628 
711.67 	0.0068236 	31294 
712.17 	0.0068236 	31793 
712.67 	0.0068236 	32293 
713.17 	0.0068236 	32792 
713.67 	0.0068236 	33291 
714.17 	0.0068236 	33624 
714.58 	0.0068236 	34290 
715.08 	0.0068236 	34789 
715.58 	0.0068236 	35122 
716.02 	0.0068236 	35788 
716.45 	0.0068236 	36454 
716.95 	0.0068236 	36953 
717.37 	0.0068236 	37619 
717.87 	0.0068236 	38119 
718.37 	0.0068236 	38618 
718.87 	0.0068236 	39117 
719.37 	0.0068236 	39617 
719.85 	0.0068236 	40283 
720.35 	0.0068236 	40615 
720.82 	0.0068236 	41281 
721.32 	0.0068236 	41781 
721.82 	0.0068236 	42280 
722.32 	0.0068236 	42779 
722.82 	0.0068236 	43279 
723.28 	0.0068236 	43945 
723.78 	0.0068236 	44444 
724.28 	0.0068236 	44943 
724.78 	0.0068236 	45443 
725.28 	0.0068236 	45942 
725.78 	0.0068236 	46441 
726.28 	0.0068236 	47107 
726.78 	0.0068236 	47607 
727.28 	0.0068236 	48106 
727.78 	0.0068236 	48772 
728.28 	0.0068236 	49105 
728.78 	0.0068236 	49771 
729.28 	0.0068236 	50270 
729.78 	0.0068236 	50769 
730.28 	0.0068236 	51435 
730.78 	0.0068236 	51768 
731.25 	0.0068236 	52434 
731.75 	0.0068236 	52933 
732.25 	0.0068236 	53433 
732.75 	0.0068236 	53932 
733.23 	0.0068236 	54598 
733.73 	0.0068236 	54931 
734.22 	0.0068236 	55597 
734.72 	0.0068236 	56096 
735.22 	0.0068236 	56429 
735.67 	0.0068236 	57095 
736.17 	0.0068236 	57594 
736.67 	0.0068236 	58093 
737.17 	0.0068236 	58593 
737.67 	0.0068236 	59092 
738.12 	0.0068236 	59758 
738.62 	0.0068236 	60257 
739.12 	0.0068236 	60757 
739.62 	0.0068236 	61256 
740.12 	0.0068236 	61755 
740.62 	0.0068236 	62255 
741.12 	0.0068236 	62754 
741.62 	0.0068236 	63420 
742.12 	0.0068236 	63919 
742.62 	0.0068236 	64419 
743.12 	0.0068236 	64918 
743.57 	0.0068236 	65584 
744.07 	0.0068236 	65917 
744.53 	0.0068236 	66583 
745.03 	0.0068236 	67082 
745.53 	0.0068236 	67581 
746.03 	0.0068236 	68081 
746.53 	0.0068236 	68580 
747.03 	0.0068236 	69080 
747.53 	0.0068236 	69579 
748.00 	0.0068236 	70245 
748.50 	0.0068236 	70744 
749.00 	0.0068236 	71244 
749.50 	0.0068236 	71743 
750.00 	0.0068236 	72242 
750.50 	0.0068236 	72742 
751.00 	0.0068236 	73241 
751.50 	0.0068236 	73740 
751.95 	0.0068236 	74406 
752.45 	0.0068236 	74906 
752.95 	0.0068236 	75405 
753.45 	0.0068236 	75904 
753.95 	0.0068236 	76570 
754.45 	0.0068236 	77069 
754.95 	0.0068236 	77402 
755.35 	0.0068236 	78068 
755.85 	0.0068236 	78401 
756.32 	0.0068236 	79067 
756.82 	0.0068236 	79566 
757.32 	0.0068236 	80066 
757.82 	0.0068236 	80565 
758.32 	0.0068236 	81231 
758.82 	0.0068236 	81730 
759.32 	0.0068236 	82230 
759.82 	0.0068236 	82729 
760.32 	0.0068236 	83228 
760.80 	0.0068236 	83894 
761.30 	0.0068236 	84227 
761.77 	0.0068236 	84893 
762.27 	0.0068236 	85226 
762.68 	0.0068236 	85892 
763.18 	0.0068236 	86391 
763.68 	0.0068236 	86724 
764.17 	0.0068236 	87390 
764.67 	0.0068236 	87889 
765.17 	0.0068236 	88389 
765.67 	0.0068236 	88888 
766.17 	0.0068236 	89387 
766.67 	0.0068236 	89887 
767.10 	0.0068236 	90552 
767.60 	0.0068236 	91052 
768.10 	0.0068236 	91551 
768.60 	0.0068236 	92051 
769.10 	0.0068236 	92550 
769.60 	0.0068236 	93049 
770.02 	0.0068236 	93715 
770.52 	0.0068236 	94048 
771.02 	0.0068236 	94547 
771.52 	0.0068236 	95213 
772.02 	0.0068236 	95713 
772.52 	0.0068236 	96212 
773.02 	0.0068236 	96711 
773.52 	0.0068236 	97044 
773.85 	0.0068236 	97710 
774.35 	0.0068236 	98043 
774.82 	0.0068236 	98709 
775.32 	0.0068236 	99208 
775.82 	0.0068236 	99541 
776.20 	0.0068236 	100210 
776.70 	0.0068236 	100710 
777.20 	0.0068236 	101210 
777.70 	0.0068236 	101710 
778.20 	0.0068236 	102200 
778.70 	0.0068236 	102700 
779.17 	0.0068236 	103370 
779.67 	0.0068236 	103700 
780.05 	0.0068236 	104370 
780.55 	0.0068236 	104700 
781.03 	0.0068236 	105370 
781.53 	0.0068236 	105870 
782.03 	0.0068236 	106370 
782.53 	0.0068236 	106870 
783.03 	0.0068236 	107360 
783.53 	0.0068236 	107860 
784.00 	0.0068236 	108530 
784.50 	0.0068236 	109030 
785.00 	0.0068236 	109360 
785.43 	0.0068236 	110030 
785.93 	0.0068236 	110530 
786.43 	0.0068236 	110860 
786.85 	0.0068236 	111530 
787.35 	0.0068236 	111860 
787.75 	0.0068236 	112520 
788.25 	0.0068236 	112860 
788.73 	0.0068236 	113520 
789.23 	0.0068236 	114020 
789.73 	0.0068236 	114520 
790.23 	0.0068236 	115020 
790.73 	0.0068236 	115520 
791.15 	0.0068236 	116190 
791.65 	0.0068236 	116520 
792.15 	0.0068236 	117020 
792.62 	0.0068236 	117680 
793.12 	0.0068236 	118180 
793.62 	0.0068236 	118520 
794.05 	0.0068236 	119180 
794.55 	0.0068236 	119680 
795.05 	0.0068236 	120180 
795.55 	0.0068236 	120680 
796.05 	0.0068236 	121180 
796.55 	0.0068236 	121680 
797.05 	0.0068236 	122180 
797.48 	0.0068236 	122850 
797.98 	0.0068236 	123340 
798.48 	0.0068236 	123840 
798.98 	0.0068236 	124340 
799.48 	0.0068236 	124840 
799.98 	0.0068236 	125510 
800.48 	0.0068236 	125840 
800.97 	0.0068236 	126510 
801.47 	0.0068236 	127010 
801.97 	0.0068236 	127510 
802.47 	0.0068236 	128010 
802.97 	0.0068236 	128500 
803.47 	0.0068236 	129000 
803.97 	0.0068236 	129500 
804.47 	0.0068236 	130170 
804.97 	0.0068236 	130670 
805.47 	0.0068236 	131330 
805.97 	0.0068236 	131670 
806.47 	0.0068236 	132330 
806.97 	0.0068236 	132830 
807.47 	0.0068236 	133330 
807.97 	0.0068236 	133830 
808.47 	0.0068236 	134500 
808.97 	0.0068236 	135000 
809.47 	0.0068236 	135500 
809.97 	0.0068236 	136000 
810.47 	0.0068236 	136490 
810.97 	0.0068236 	137160 
811.47 	0.0068236 	137660 
811.97 	0.0068236 	138160 
812.47 	0.0068236 	138660 
812.97 	0.0068236 	139160 
813.47 	0.0068236 	139820 
813.97 	0.0068236 	139990 
814.47 	0.0068236 	140820 
814.97 	0.0068236 	141320 
815.47 	0.0068236 	141820 
815.97 	0.0068236 	142320 
816.47 	0.0068236 	142990 
816.97 	0.0068236 	143490 
817.47 	0.0068236 	143990 
817.97 	0.0068236 	144480 
818.47 	0.0068236 	144980 
818.97 	0.0068236 	145480 
819.47 	0.0068236 	146150 
819.97 	0.0068236 	146650 
820.47 	0.0068236 	147150 
820.97 	0.0068236 	147650 
821.47 	0.0068236 	148310 
821.97 	0.0068236 	148810 
822.47 	0.0068236 	149310 
822.97 	0.0068236 	149810 
823.47 	0.0068236 	150310 
823.97 	0.0068236 	150810 
824.47 	0.0068236 	151480 
824.97 	0.0068236 	151980 
825.47 	0.0068236 	152470 
825.97 	0.0068236 	152970 
826.47 	0.0068236 	153470 
826.97 	0.0068236 	153970 
827.47 	0.0068236 	154640 
827.97 	0.0068236 	155140 
828.47 	0.0068236 	155800 
828.97 	0.0068236 	156140 
829.47 	0.0068236 	156800 
829.97 	0.0068236 	157140 
830.47 	0.0068236 	157800 
830.97 	0.0068236 	158300 
831.47 	0.0068236 	158800 
831.97 	0.0068236 	159300 
832.47 	0.0068236 	159960 
832.97 	0.0068236 	160460 
833.47 	0.0068236 	160960 
833.97 	0.0068236 	161630 
834.47 	0.0068236 	161960 
834.97 	0.0068236 	162460 
835.47 	0.0068236 	163130 
835.97 	0.0068236 	163630 
836.47 	0.0068236 	164130 
836.97 	0.0068236 	164630 
837.47 	0.0068236 	165290 
837.97 	0.0068236 	165790 
838.47 	0.0068236 	166290 
838.97 	0.0068236 	166790 
839.47 	0.0068236 	167290 
839.97 	0.0068236 	167790 
840.47 	0.0068236 	168450 
840.97 	0.0068236 	168950 
841.47 	0.0068236 	169450 
841.97 	0.0068236 	169950 
842.47 	0.0068236 	170620 
842.97 	0.0068236 	171120 
843.47 	0.0068236 	171620 
843.97 	0.0068236 	172120 
844.47 	0.0068236 	172620 
844.97 	0.0068236 	173120 
845.47 	0.0068236 	173780 
845.97 	0.0068236 	174110 
846.47 	0.0068236 	174780 
846.97 	0.0068236 	175280 
847.47 	0.0068236 	175780 
847.97 	0.0068236 	176280 
848.47 	0.0068236 	176940 
848.97 	0.0068236 	177440 
849.47 	0.0068236 	177940 
849.97 	0.0068236 	178440 
850.47 	0.0068236 	178940 
850.97 	0.0068236 	179610 
851.47 	0.0068236 	180110 
851.97 	0.0068236 	180610 
852.47 	0.0068236 	181100 
852.97 	0.0068236 	181770 
853.47 	0.0068236 	182100 
853.97 	0.0068236 	182600 
854.47 	0.0068236 	183270 
854.97 	0.0068236 	183770 
855.47 	0.0068236 	184270 
855.97 	0.0068236 	184770 
856.47 	0.0068236 	185430 
856.97 	0.0068236 	185930 
857.47 	0.0068236 	186600 
857.97 	0.0068236 	186930 
858.47 	0.0068236 	187430 
858.97 	0.0068236 	187930 
859.47 	0.0068236 	188600 
859.97 	0.0068236 	189090 
860.47 	0.0068236 	189590 
860.97 	0.0068236 	190090 
861.47 	0.0068236 	190760 
861.97 	0.0068236 	191260 
862.47 	0.0068236 	191760 
862.97 	0.0068236 	192260 
863.47 	0.0068236 	192920 
863.97 	0.0068236 	193420 
864.47 	0.0068236 	193920 
864.97 	0.0068236 	194420 
865.47 	0.0068236 	194920 
865.97 	0.0068236 	195420 
866.47 	0.0068236 	196090 
866.97 	0.0068236 	196590 
867.47 	0.0068236 	197080 
867.97 	0.0068236 	197580 
868.47 	0.0068236 	198080 
868.97 	0.0068236 	198580 
869.47 	0.0068236 	199080 
869.97 	0.0068236 	199750 
870.47 	0.0068236 	200250 
870.97 	0.0068236 	200750 
871.47 	0.0068236 	201250 
871.97 	0.0068236 	201750 
872.47 	0.0068236 	202410 
872.97 	0.0068236 	202740 
873.47 	0.0068236 	203410 
873.97 	0.0068236 	203910 
874.47 	0.0068236 	204580 
874.97 	0.0068236 	205070 
875.47 	0.0068236 	205410 
875.97 	0.0068236 	206070 
876.47 	0.0068236 	206570 
876.97 	0.0068236 	207070 
877.47 	0.0068236 	207570 
877.97 	0.0068236 	208240 
878.47 	0.0068236 	208740 
878.97 	0.0068236 	209240 
879.47 	0.0068236 	209740 
879.97 	0.0068236 	210230 
880.47 	0.0068236 	210900 
880.97 	0.0068236 	211400 
881.47 	0.0068236 	211900 
881.97 	0.0068236 	212400 
882.47 	0.0068236 	213060 
882.97 	0.0068236 	213400 
883.47 	0.0068236 	214060 
883.97 	0.0068236 	214560 
884.47 	0.0068236 	215060 
884.97 	0.0068236 	215730 
885.47 	0.0068236 	216060 
885.97 	0.0068236 	216560 
886.47 	0.0068236 	217230 
886.97 	0.0068236 	217730 
887.47 	0.0068236 	218220 
887.97 	0.0068236 	218890 
888.47 	0.0068236 	219390 
888.97 	0.0068236 	219720 
889.47 	0.0068236 	220390 
889.97 	0.0068236 	221050 
890.47 	0.0068236 	221390 
890.97 	0.0068236 	222050 
891.47 	0.0068236 	222390 
891.97 	0.0068236 	223050 
892.47 	0.0068236 	223550 
892.97 	0.0068236 	224050 
893.47 	0.0068236 	223880 
893.97 	0.0068236 	225050 
894.47 	0.0068236 	225720 
894.97 	0.0068236 	226210 
895.47 	0.0068236 	226710 
895.97 	0.0068236 	227210 
896.47 	0.0068236 	227880 
896.97 	0.0068236 	228380 
897.47 	0.0068236 	228880 
897.97 	0.0068236 	229380 
898.47 	0.0068236 	229880 
898.97 	0.0068236 	230380 
899.47 	0.0068236 	231040 
899.97 	0.0068236 	231540 
900.47 	0.0068236 	232040 
900.97 	0.0068236 	232710 
901.47 	0.0068236 	233210 
901.97 	0.0068236 	233710 
902.47 	0.0068236 	234200 
902.97 	0.0068236 	234700 
903.47 	0.0068236 	235200 
903.97 	0.0068236 	235870 
904.47 	0.0068236 	236370 
904.97 	0.0068236 	236870 
905.47 	0.0068236 	237530 
905.97 	0.0068236 	237870 
906.47 	0.0068236 	238530 
906.97 	0.0068236 	239030 
907.47 	0.0068236 	239530 
907.97 	0.0068236 	240030 
908.47 	0.0068236 	240700 
908.97 	0.0068236 	241030 
909.47 	0.0068236 	241700 
909.97 	0.0068236 	242190 
910.47 	0.0068236 	242690 
910.97 	0.0068236 	243190 
911.47 	0.0068236 	243690 
911.97 	0.0068236 	244360 
912.47 	0.0068236 	244860 
912.97 	0.0068236 	245360 
913.47 	0.0068236 	245860 
913.97 	0.0068236 	246360 
914.47 	0.0068236 	247020 
914.97 	0.0068236 	247520 
915.47 	0.0068236 	248020 
915.97 	0.0068236 	248520 
916.47 	0.0068236 	249190 
916.97 	0.0068236 	249690 
917.47 	0.0068236 	250180 
917.97 	0.0068236 	250680 
918.47 	0.0068236 	251180 
918.97 	0.0068236 	251680 
919.47 	0.0068236 	252180 
919.97 	0.0068236 	252680 
920.47 	0.0068236 	253180 
920.97 	0.0068236 	253850 
921.47 	0.0068236 	254350 
921.97 	0.0068236 	254850 
922.47 	0.0068236 	255510 
922.97 	0.0068236 	255840 
923.47 	0.0068236 	256510 
923.97 	0.0068236 	257010 
924.47 	0.0068236 	257510 
924.97 	0.0068236 	258170 
925.47 	0.0068236 	258670 
925.97 	0.0068236 	259010 
926.47 	0.0068236 	259670 
926.97 	0.0068236 	260170 
927.47 	0.0068236 	260840 
927.97 	0.0068236 	261340 
928.47 	0.0068236 	261840 
928.97 	0.0068236 	262340 
929.47 	0.0068236 	262840 
929.97 	0.0068236 	263500 
930.47 	0.0068236 	263830 
930.97 	0.0068236 	264500 
931.47 	0.0068236 	264830 
931.97 	0.0068236 	265500 
932.47 	0.0068236 	266000 
932.97 	0.0068236 	266500 
933.47 	0.0068236 	267160 
933.97 	0.0068236 	267830 
934.47 	0.0068236 	268160 
934.97 	0.0068236 	268660 
935.47 	0.0068236 	269330 
935.97 	0.0068236 	269830 
936.47 	0.0068236 	270330 
936.97 	0.0068236 	270830 
937.47 	0.0068236 	271320 
937.97 	0.0068236 	271990 
938.47 	0.0068236 	272320 
938.97 	0.0068236 	272990 
939.47 	0.0068236 	273490 
939.97 	0.0068236 	273990 
940.47 	0.0068236 	274490 
940.97 	0.0068236 	274990 
941.47 	0.0068236 	275650 
941.97 	0.0068236 	276150 
942.47 	0.0068236 	276650 
942.97 	0.0068236 	277150 
943.47 	0.0068236 	277650 
943.97 	0.0068236 	278320 
944.47 	0.0068236 	278820 
944.97 	0.0068236 	279310 
945.47 	0.0068236 	279980 
945.97 	0.0068236 	280310 
946.47 	0.0068236 	280980 
946.97 	0.0068236 	281480 
947.47 	0.0068236 	281980 
947.97 	0.0068236 	282480 
948.47 	0.0068236 	283140 
948.97 	0.0068236 	283480 
949.47 	0.0068236 	284140 
949.97 	0.0068236 	284640 
950.47 	0.0068236 	285140 
950.97 	0.0068236 	285640 
951.47 	0.0068236 	286310 
951.97 	0.0068236 	286810 
952.47 	0.0068236 	287300 
952.97 	0.0068236 	287800 
953.47 	0.0068236 	288300 
953.97 	0.0068236 	288800 
954.47 	0.0068236 	289140 
954.97 	0.0068236 	289970 
955.47 	0.0068236 	290470 
955.97 	0.0068236 	291130 
956.47 	0.0068236 	291470 
956.97 	0.0068236 	292130 
957.47 	0.0068236 	292630 
957.97 	0.0068236 	293130 
958.47 	0.0068236 	293630 
958.97 	0.0068236 	294300 
959.47 	0.0068236 	294630 
959.97 	0.0068236 	295130 
960.47 	0.0068236 	295790 
960.97 	0.0068236 	296290 
961.47 	0.0068236 	296790 
961.97 	0.0068236 	297290 
962.47 	0.0068236 	297790 
962.97 	0.0068236 	298460 
963.47 	0.0068236 	298960 
963.97 	0.0068236 	299460 
964.47 	0.0068236 	299960 
964.97 	0.0068236 	300620 
965.47 	0.0068236 	301120 
965.97 	0.0068236 	301620 
966.47 	0.0068236 	302120 
966.97 	0.0068236 	302620 
967.47 	0.0068236 	303280 
967.97 	0.0068236 	303780 
968.47 	0.0068236 	304280 
968.97 	0.0068236 	304780 
969.47 	0.0068236 	305280 
969.97 	0.0068236 	305780 
970.47 	0.0068236 	306450 
970.97 	0.0068236 	306950 
971.47 	0.0068236 	307450 
971.97 	0.0068236 	307950 
972.47 	0.0068236 	308440 
972.97 	0.0068236 	309110 
973.47 	0.0068236 	309610 
973.97 	0.0068236 	310110 
974.47 	0.0068236 	310610 
974.97 	0.0068236 	311110 
975.47 	0.0068236 	311610 
975.97 	0.0068236 	312110 
976.47 	0.0068236 	312770 
976.97 	0.0068236 	313270 
977.47 	0.0068236 	313770 
977.97 	0.0068236 	314440 
978.47 	0.0068236 	314940 
978.97 	0.0068236 	315440 
979.47 	0.0068236 	315930 
979.97 	0.0068236 	316430 
980.47 	0.0068236 	316930 
980.97 	0.0068236 	317600 
981.47 	0.0068236 	318100 
981.97 	0.0068236 	318600 
982.47 	0.0068236 	319100 
982.97 	0.0068236 	319760 
983.47 	0.0068236 	320260 
983.97 	0.0068236 	320760 
984.47 	0.0068236 	321260 
984.97 	0.0068236 	321760 
985.47 	0.0068236 	322260 
985.97 	0.0068236 	322760 
986.47 	0.0068236 	323430 
986.97 	0.0068236 	323920 
987.47 	0.0068236 	324420 
987.97 	0.0068236 	324920 
988.47 	0.0068236 	325590 
988.97 	0.0068236 	325920 
989.47 	0.0068236 	326420 
989.97 	0.0068236 	327090 
990.47 	0.0068236 	327590 
990.97 	0.0068236 	328250 
991.47 	0.0068236 	328750 
991.97 	0.0068236 	329090 
992.47 	0.0068236 	329750 
992.97 	0.0068236 	330250 
993.47 	0.0068236 	330750 
993.97 	0.0068236 	331250 
994.47 	0.0068236 	331910 
994.97 	0.0068236 	332410 
995.47 	0.0068236 	332910 
995.97 	0.0068236 	333580 
996.47 	0.0068236 	333910 
996.97 	0.0068236 	334740 
997.47 	0.0068236 	334910 
997.97 	0.0068236 	335580 
998.47 	0.0068236 	336080 
998.97 	0.0068236 	336740 
999.47 	0.0068236 	337070 
999.97 	0.0068236 	337740 
1000.5 	0.0068236 	338240 
1001.0 	0.0068236 	338740 
1001.5 	0.0068236 	339240 
1002.0 	0.0068236 	339740 
1002.5 	0.0068236 	340400 
1003.0 	0.0068236 	340900 
1003.5 	0.0068236 	341400 
1004.0 	0.0068236 	341900 
1004.5 	0.0068236 	342400 
1005.0 	0.0068236 	342900 
1005.5 	0.0068236 	343570 
1006.0 	0.0068236 	344070 
1006.5 	0.0068236 	344570 
1007.0 	0.0068236 	345060 
1007.5 	0.0068236 	345560 
1008.0 	0.0068236 	346230 
1008.5 	0.0068236 	346730 
1009.0 	0.0068236 	347230 
1009.5 	0.0068236 	347890 
1010.0 	0.0068236 	348230 
1010.5 	0.0068236 	348890 
1011.0 	0.0068236 	349390 
1011.5 	0.0068236 	349730 
1012.0 	0.0068236 	350390 
1012.5 	0.0068236 	350890 
1013.0 	0.0068236 	351390 
1013.5 	0.0068236 	352060 
1014.0 	0.0068236 	352560 
1014.5 	0.0068236 	353050 
1015.0 	0.0068236 	353550 
1015.5 	0.0068236 	354050 
1016.0 	0.0068236 	354720 
1016.5 	0.0068236 	355220 
1017.0 	0.0068236 	355720 
1017.5 	0.0068236 	356220 
1018.0 	0.0068236 	356880 
1018.5 	0.0068236 	357380 
1019.0 	0.0068236 	357880 
1019.5 	0.0068236 	358380 
1020.0 	0.0068236 	358880 
1020.5 	0.0068236 	359380 
1021.0 	0.0068236 	360050 
1021.5 	0.0068236 	360380 
1022.0 	0.0068236 	361040 
1022.5 	0.0068236 	361540 
1023.0 	0.0068236 	362040 
1023.5 	0.0068236 	362540 
1024.0 	0.0068236 	363210 
1024.5 	0.0068236 	363710 
1025.0 	0.0068236 	364210 
1025.5 	0.0068236 	364710 
1026.0 	0.0068236 	365370 
1026.5 	0.0068236 	365870 
1027.0 	0.0068236 	366370 
1027.5 	0.0068236 	366870 
1028.0 	0.0068236 	367370 
1028.5 	0.0068236 	367870 
1029.0 	0.0068236 	368370 
1029.5 	0.0068236 	369030 
1030.0 	0.0068236 	369530 
1030.5 	0.0068236 	370030 
1031.0 	0.0068236 	370530 
1031.5 	0.0068236 	371030 
1032.0 	0.0068236 	371530 
1032.5 	0.0068236 	372200 
1033.0 	0.0068236 	372700 
1033.5 	0.0068236 	373360 
1034.0 	0.0068236 	373700 
1034.5 	0.0068236 	374360 
1035.0 	0.0068236 	374860 
1035.5 	0.0068236 	375360 
1036.0 	0.0068236 	375860 
1036.5 	0.0068236 	376360 
1037.0 	0.0068236 	377020 
1037.5 	0.0068236 	377520 
1038.0 	0.0068236 	378020 
1038.5 	0.0068236 	378520 
1039.0 	0.0068236 	379020 
1039.5 	0.0068236 	379520 
1040.0 	0.0068236 	380190 
1040.5 	0.0068236 	380690 
1041.0 	0.0068236 	381190 
1041.5 	0.0068236 	381690 
1042.0 	0.0068236 	382180 
1042.5 	0.0068236 	382850 
1043.0 	0.0068236 	383350 
1043.5 	0.0068236 	383850 
1044.0 	0.0068236 	384350 
1044.5 	0.0068236 	384850 
1045.0 	0.0068236 	385350 
1045.5 	0.0068236 	386010 
1046.0 	0.0068236 	386510 
1046.5 	0.0068236 	387180 
1047.0 	0.0068236 	387510 
1047.5 	0.0068236 	388180 
1048.0 	0.0068236 	388680 
1048.5 	0.0068236 	389180 
1049.0 	0.0068236 	389680 
1049.5 	0.0068236 	390340 
1050.0 	0.0068236 	390840 
1050.5 	0.0068236 	391340 
1051.0 	0.0068236 	391840 
1051.5 	0.0068236 	392340 
1052.0 	0.0068236 	392840 
1052.5 	0.0068236 	393500 
1053.0 	0.0068236 	394000 
1053.5 	0.0068236 	394500 
1054.0 	0.0068236 	395000 
1054.5 	0.0068236 	395500 
1055.0 	0.0068236 	396000 
1055.5 	0.0068236 	396670 
1056.0 	0.0068236 	397170 
1056.5 	0.0068236 	397670 
1057.0 	0.0068236 	398160 
1057.5 	0.0068236 	398830 
1058.0 	0.0068236 	399330 
1058.5 	0.0068236 	399830 
1059.0 	0.0068236 	400330 
1059.5 	0.0068236 	400830 
1060.0 	0.0068236 	401330 
1060.5 	0.0068236 	401830 
1061.0 	0.0068236 	402330 
1061.5 	0.0068236 	402830 
1062.0 	0.0068236 	403490 
1062.5 	0.0068236 	403990 
1063.0 	0.0068236 	404660 
1063.5 	0.0068236 	405160 
1064.0 	0.0068236 	405660 
1064.5 	0.0068236 	406150 
1065.0 	0.0068236 	406650 
1065.5 	0.0068236 	407150 
1066.0 	0.0068236 	407820 
1066.5 	0.0068236 	408320 
1067.0 	0.0068236 	408820 
1067.5 	0.0068236 	409320 
1068.0 	0.0068236 	409820 
1068.5 	0.0068236 	410320 
1069.0 	0.0068236 	410980 
1069.5 	0.0068236 	411310 
1070.0 	0.0068236 	411980 
1070.5 	0.0068236 	412480 
1071.0 	0.0068236 	412980 
1071.5 	0.0068236 	413650 
1072.0 	0.0068236 	414140 
1072.5 	0.0068236 	414640 
1073.0 	0.0068236 	415140 
1073.5 	0.0068236 	415810 
1074.0 	0.0068236 	416140 
1074.5 	0.0068236 	416810 
1075.0 	0.0068236 	417310 
1075.5 	0.0068236 	417810 
1076.0 	0.0068236 	418310 
1076.5 	0.0068236 	418970 
1077.0 	0.0068236 	419470 
1077.5 	0.0068236 	419970 
1078.0 	0.0068236 	420470 
1078.5 	0.0068236 	420970 
1079.0 	0.0068236 	421470 
1079.5 	0.0068236 	422130 
1080.0 	0.0068236 	422630 
1080.5 	0.0068236 	423130 
1081.0 	0.0068236 	423800 
1081.5 	0.0068236 	424300 
1082.0 	0.0068236 	424800 
1082.5 	0.0068236 	425300 
1083.0 	0.0068236 	425800 
1083.5 	0.0068236 	426300 
1084.0 	0.0068236 	426800 
1084.5 	0.0068236 	427460 
1085.0 	0.0068236 	427790 
1085.5 	0.0068236 	428460 
1086.0 	0.0068236 	428960 
1086.5 	0.0068236 	429460 
1087.0 	0.0068236 	429960 
1087.5 	0.0068236 	430290 
1088.0 	0.0068236 	431120 
1088.5 	0.0068236 	431620 
1089.0 	0.0068236 	432120 
1089.5 	0.0068236 	432620 
1090.0 	0.0068236 	433290 
1090.5 	0.0068236 	433790 
1091.0 	0.0068236 	434290 
1091.5 	0.0068236 	434790 
1092.0 	0.0068236 	435450 
1092.5 	0.0068236 	435950 
1093.0 	0.0068236 	436450 
1093.5 	0.0068236 	436620 
1094.0 	0.0068236 	437450 
1094.5 	0.0068236 	437950 
1095.0 	0.0068236 	438450 
1095.5 	0.0068236 	439110 
1096.0 	0.0068236 	439610 
1096.5 	0.0068236 	440110 
1097.0 	0.0068236 	440610 
1097.5 	0.0068236 	441110 
1098.0 	0.0068236 	441610 
1098.5 	0.0068236 	442110 
1099.0 	0.0068236 	442780 
1099.5 	0.0068236 	443270 
1100.0 	0.0068236 	443770 
1100.5 	0.0068236 	444270 
1101.0 	0.0068236 	444940 
1101.5 	0.0068236 	445270 
1102.0 	0.0068236 	445940 
1102.5 	0.0068236 	445110 
1103.0 	0.0068236 	446770 
1103.5 	0.0068236 	447440 
1104.0 	0.0068236 	447940 
1104.5 	0.0068236 	448600 
1105.0 	0.0068236 	449100 
1105.5 	0.0068236 	449430 
1106.0 	0.0068236 	450100 
1106.5 	0.0068236 	450760 
1107.0 	0.0068236 	451100 
1107.5 	0.0068236 	451760 
1108.0 	0.0068236 	452260 
1108.5 	0.0068236 	452760 
1109.0 	0.0068236 	453430 
1109.5 	0.0068236 	453930 
1110.0 	0.0068236 	454260 
1110.5 	0.0068236 	454760 
1111.0 	0.0068236 	455430 
1111.5 	0.0068236 	456090 
1112.0 	0.0068236 	456590 
1112.5 	0.0068236 	457090 
1113.0 	0.0068236 	457590 
1113.5 	0.0068236 	458090 
1114.0 	0.0068236 	458750 
1114.5 	0.0068236 	459090 
1115.0 	0.0068236 	459750 
1115.5 	0.0068236 	460250 
1116.0 	0.0068236 	460750 
1116.5 	0.0068236 	461250 
1117.0 	0.0068236 	461920 
1117.5 	0.0068236 	462250 
1118.0 	0.0068236 	462920 
1118.5 	0.0068236 	463420 
1119.0 	0.0068236 	464080 
1119.5 	0.0068236 	464410 
1120.0 	0.0068236 	465080 
1120.5 	0.0068236 	465580 
1121.0 	0.0068236 	466080 
1121.5 	0.0068236 	466250 
1122.0 	0.0068236 	467080 
1122.5 	0.0068236 	467580 
1123.0 	0.0068236 	468240 
1123.5 	0.0068236 	468740 
1124.0 	0.0068236 	469240 
1124.5 	0.0068236 	469740 
1125.0 	0.0068236 	470240 
1125.5 	0.0068236 	470740 
1126.0 	0.0068236 	471410 
1126.5 	0.0068236 	471900 
1127.0 	0.0068236 	472400 
1127.5 	0.0068236 	472900 
1128.0 	0.0068236 	473570 
1128.5 	0.0068236 	474070 
1129.0 	0.0068236 	474570 
1129.5 	0.0068236 	475070 
1130.0 	0.0068236 	475570 
1130.5 	0.0068236 	476230 
1131.0 	0.0068236 	476730 
1131.5 	0.0068236 	477230 
1132.0 	0.0068236 	477730 
1132.5 	0.0068236 	478400 
1133.0 	0.0068236 	478730 
1133.5 	0.0068236 	479400 
1134.0 	0.0068236 	479890 
1134.5 	0.0068236 	480390 
1135.0 	0.0068236 	480890 
1135.5 	0.0068236 	481560 
1136.0 	0.0068236 	481890 
1136.5 	0.0068236 	482390 
1137.0 	0.0068236 	483060 
1137.5 	0.0068236 	483560 
1138.0 	0.0068236 	483890 
1138.5 	0.0068236 	484390 
1139.0 	0.0068236 	484890 
1139.5 	0.0068236 	485550 
1140.0 	0.0068236 	486050 
1140.5 	0.0068236 	486720 
1141.0 	0.0068236 	487220 
1141.5 	0.0068236 	487720 
1142.0 	0.0068236 	488220 
1142.5 	0.0068236 	488720 
1143.0 	0.0068236 	488880 
1143.5 	0.0068236 	489550 
1144.0 	0.0068236 	490220 
1144.5 	0.0068236 	490380 
1145.0 	0.0068236 	491210 
1145.5 	0.0068236 	491710 
1146.0 	0.0068236 	492380 
1146.2 	0.0068236 	488380 
1146.2 	0.0068236 	482720 
1146.2 	0.0068236 	478230 
1146.3 	0.0068236 	449430 
1146.3 	0.0068236 	259010 
