Tempo(s)	Deformação(mm)	Força(N)
0.016667 	0.00000 	-333.60 
0.51667 	0.00000 	-166.80 
1.0167 	0.00000 	0.00000 
1.5167 	0.00010662 	332.91 
2.0167 	0.00021324 	832.28 
2.5167 	0.00031985 	1165.2 
3.0167 	0.00042647 	1498.1 
3.5000 	0.00063971 	2163.9 
4.0000 	0.00074633 	2496.9 
4.5000 	0.00095956 	2996.2 
5.0000 	0.0010662 	3495.6 
5.5000 	0.0011728 	3995.0 
6.0000 	0.0012794 	4161.4 
6.5000 	0.0013860 	4161.4 
7.0000 	0.0012794 	4327.9 
7.5000 	0.0012794 	4327.9 
8.0000 	0.0012794 	4327.9 
8.5000 	0.0013860 	4660.8 
9.0000 	0.0014927 	5160.2 
9.3000 	0.0015993 	5826.0 
9.6833 	0.0019191 	6491.8 
10.183 	0.0020257 	6991.2 
10.567 	0.0022390 	7657.0 
10.983 	0.0024522 	8322.8 
11.350 	0.0026655 	8988.7 
11.717 	0.0027721 	9654.5 
12.167 	0.0029853 	10320 
12.600 	0.0033052 	10986 
13.067 	0.0035184 	11652 
13.533 	0.0037316 	12318 
13.950 	0.0039449 	12984 
14.433 	0.0041581 	13649 
14.917 	0.0043713 	14315 
15.417 	0.0045846 	14815 
15.900 	0.0047978 	15480 
16.400 	0.0049044 	15980 
16.900 	0.0051177 	16479 
17.400 	0.0053309 	16812 
17.900 	0.0054375 	17312 
18.400 	0.0054375 	17644 
18.900 	0.0056508 	18144 
19.167 	0.0057574 	18810 
19.650 	0.0060772 	19475 
20.150 	0.0062905 	19975 
20.633 	0.0063971 	20641 
21.133 	0.0065037 	20807 
21.633 	0.0066103 	20807 
22.133 	0.0066103 	20974 
22.633 	0.0066103 	21140 
23.133 	0.0066103 	21306 
23.633 	0.0066103 	21140 
24.133 	0.0067169 	21140 
24.633 	0.0066103 	21140 
25.133 	0.0066103 	20974 
25.633 	0.0066103 	20974 
26.133 	0.0066103 	21140 
26.633 	0.0066103 	21140 
27.133 	0.0066103 	21140 
27.633 	0.0066103 	21140 
28.133 	0.0066103 	20974 
28.633 	0.0066103 	20974 
29.133 	0.0067169 	21140 
29.633 	0.0066103 	21140 
30.133 	0.0066103 	21140 
30.633 	0.0066103 	21140 
31.133 	0.0066103 	21140 
31.633 	0.0067169 	21140 
32.133 	0.0066103 	21140 
32.633 	0.0066103 	21306 
33.133 	0.0067169 	21306 
33.633 	0.0066103 	20974 
34.133 	0.0066103 	21140 
34.633 	0.0067169 	21140 
35.133 	0.0066103 	21140 
35.633 	0.0066103 	21140 
36.133 	0.0067169 	21140 
36.633 	0.0067169 	21140 
37.133 	0.0067169 	21140 
37.633 	0.0066103 	20974 
38.133 	0.0066103 	21140 
38.633 	0.0066103 	21140 
39.133 	0.0066103 	21140 
39.633 	0.0066103 	21140 
40.133 	0.0067169 	21140 
40.633 	0.0067169 	21140 
41.133 	0.0067169 	21140 
41.633 	0.0066103 	21306 
42.133 	0.0066103 	21140 
42.633 	0.0066103 	21140 
43.133 	0.0066103 	21140 
43.633 	0.0066103 	21140 
44.133 	0.0066103 	21140 
44.633 	0.0066103 	20974 
45.133 	0.0066103 	21306 
45.633 	0.0066103 	21140 
46.133 	0.0066103 	21140 
46.633 	0.0066103 	21140 
47.133 	0.0066103 	21140 
47.633 	0.0066103 	21140 
48.133 	0.0066103 	21140 
48.633 	0.0066103 	21140 
49.133 	0.0066103 	21140 
49.633 	0.0067169 	21140 
50.133 	0.0067169 	21140 
50.633 	0.0066103 	21140 
51.133 	0.0066103 	21140 
51.633 	0.0066103 	21140 
52.133 	0.0066103 	20974 
52.633 	0.0067169 	21140 
53.133 	0.0066103 	21140 
53.633 	0.0066103 	21306 
54.133 	0.0067169 	21140 
54.633 	0.0067169 	21140 
55.133 	0.0067169 	21140 
55.633 	0.0066103 	21140 
56.133 	0.0066103 	21140 
56.633 	0.0066103 	20974 
57.133 	0.0066103 	21140 
57.633 	0.0067169 	21140 
58.133 	0.0067169 	21306 
58.633 	0.0066103 	21140 
59.133 	0.0067169 	21140 
59.633 	0.0066103 	21140 
60.133 	0.0066103 	20974 
60.633 	0.0066103 	21140 
61.133 	0.0066103 	21306 
61.633 	0.0066103 	21140 
62.133 	0.0066103 	21140 
62.633 	0.0067169 	21140 
63.133 	0.0067169 	21140 
63.633 	0.0067169 	21140 
64.133 	0.0066103 	21140 
64.633 	0.0066103 	21140 
65.133 	0.0066103 	21140 
65.633 	0.0066103 	21140 
66.133 	0.0066103 	21140 
66.633 	0.0067169 	21140 
67.133 	0.0066103 	21140 
67.633 	0.0066103 	21140 
68.133 	0.0066103 	21140 
68.633 	0.0066103 	21140 
69.133 	0.0066103 	21140 
69.633 	0.0066103 	21140 
70.133 	0.0066103 	21140 
70.633 	0.0066103 	21306 
71.133 	0.0066103 	21140 
71.633 	0.0066103 	21140 
72.133 	0.0066103 	21140 
72.633 	0.0066103 	21140 
73.133 	0.0066103 	21306 
73.633 	0.0066103 	21306 
74.133 	0.0066103 	21140 
74.633 	0.0066103 	21140 
75.133 	0.0066103 	21140 
75.633 	0.0066103 	21140 
76.133 	0.0066103 	21140 
76.633 	0.0066103 	21306 
77.133 	0.0066103 	21140 
77.633 	0.0067169 	21140 
78.133 	0.0066103 	21140 
78.633 	0.0066103 	21140 
79.133 	0.0066103 	21140 
79.633 	0.0067169 	21140 
80.133 	0.0066103 	21306 
80.633 	0.0067169 	21306 
81.133 	0.0066103 	20974 
81.633 	0.0065037 	20807 
82.083 	0.0063971 	20141 
82.583 	0.0061839 	19808 
83.083 	0.0060772 	19475 
83.583 	0.0059706 	18976 
84.083 	0.0058640 	18810 
84.583 	0.0056508 	18310 
84.867 	0.0055441 	17644 
85.300 	0.0053309 	16979 
85.800 	0.0051177 	16479 
86.300 	0.0050111 	15813 
86.800 	0.0047978 	15314 
87.300 	0.0045846 	14815 
87.800 	0.0044780 	14315 
88.300 	0.0043713 	13816 
88.800 	0.0041581 	13317 
89.267 	0.0039449 	12651 
89.767 	0.0038383 	12318 
90.233 	0.0036250 	11652 
90.733 	0.0035184 	11319 
91.150 	0.0033052 	10653 
91.650 	0.0031985 	10320 
92.100 	0.0030919 	9654.5 
92.600 	0.0028787 	9321.6 
93.100 	0.0027721 	8988.7 
93.483 	0.0025588 	8322.8 
93.983 	0.0024522 	7989.9 
94.483 	0.0022390 	7324.1 
94.983 	0.0021324 	6991.2 
95.483 	0.0020257 	6658.3 
95.983 	0.0019191 	6158.9 
96.483 	0.0017059 	5659.5 
96.983 	0.0015993 	5326.6 
97.483 	0.0014927 	4827.2 
97.983 	0.0013860 	4660.8 
98.483 	0.0011728 	4327.9 
98.983 	0.0010662 	3828.5 
99.483 	0.0010662 	3662.0 
99.983 	0.0010662 	3495.6 
100.48 	0.0010662 	3495.6 
100.98 	0.0010662 	3495.6 
101.48 	0.0010662 	3495.6 
101.98 	0.0010662 	3495.6 
102.48 	0.0010662 	3329.1 
102.98 	0.0011728 	3329.1 
103.48 	0.0011728 	3162.7 
103.98 	0.0010662 	3162.7 
104.48 	0.0010662 	2996.2 
104.98 	0.00085294 	2496.9 
105.48 	0.00074633 	1997.5 
105.98 	0.00063971 	1831.0 
106.48 	0.00053309 	1664.6 
106.98 	0.00053309 	1498.1 
107.48 	0.00042647 	1498.1 
107.98 	0.00042647 	1331.7 
108.48 	0.00042647 	1331.7 
108.98 	0.00031985 	1165.2 
109.48 	0.00042647 	1165.2 
109.98 	0.00031985 	1165.2 
110.48 	0.00031985 	1165.2 
110.98 	0.00031985 	1165.2 
111.48 	0.00031985 	1165.2 
111.98 	0.00031985 	1165.2 
112.48 	0.00042647 	1165.2 
112.98 	0.00042647 	1165.2 
113.48 	0.00031985 	1165.2 
113.98 	0.00031985 	1165.2 
114.48 	0.00031985 	1165.2 
114.98 	0.00031985 	1331.7 
115.48 	0.00031985 	1165.2 
115.98 	0.00031985 	1165.2 
116.48 	0.00031985 	1165.2 
116.98 	0.00031985 	1165.2 
117.48 	0.00031985 	1165.2 
117.98 	0.00031985 	1165.2 
118.48 	0.00031985 	1331.7 
118.98 	0.00031985 	1165.2 
119.48 	0.00031985 	1165.2 
119.98 	0.00031985 	1165.2 
120.48 	0.00031985 	1165.2 
120.98 	0.00031985 	1165.2 
121.48 	0.00031985 	1165.2 
121.98 	0.00031985 	1165.2 
122.48 	0.00031985 	1165.2 
122.98 	0.00031985 	1165.2 
123.48 	0.00031985 	1165.2 
123.98 	0.00031985 	1165.2 
124.48 	0.00031985 	1165.2 
124.98 	0.00031985 	1165.2 
125.48 	0.00031985 	1165.2 
125.98 	0.00031985 	1331.7 
126.48 	0.00031985 	1165.2 
126.98 	0.00031985 	1165.2 
127.48 	0.00031985 	1165.2 
127.98 	0.00031985 	1165.2 
128.48 	0.00031985 	1331.7 
128.98 	0.00031985 	1331.7 
129.48 	0.00031985 	1165.2 
129.98 	0.00031985 	1165.2 
130.48 	0.00031985 	1165.2 
130.98 	0.00031985 	1165.2 
131.48 	0.00031985 	1165.2 
131.98 	0.00031985 	998.74 
132.48 	0.00021324 	998.74 
132.98 	0.00021324 	1165.2 
133.48 	0.00031985 	1331.7 
133.98 	0.00031985 	1165.2 
134.48 	0.00031985 	998.74 
134.98 	0.00031985 	1165.2 
135.48 	0.00031985 	1331.7 
135.98 	0.00031985 	1165.2 
136.48 	0.00031985 	1165.2 
136.98 	0.00031985 	1165.2 
137.48 	0.00031985 	1165.2 
137.98 	0.00031985 	1165.2 
138.48 	0.00042647 	1165.2 
138.98 	0.00031985 	1165.2 
139.48 	0.00031985 	1165.2 
139.98 	0.00031985 	1165.2 
140.48 	0.00031985 	1165.2 
140.98 	0.00031985 	1165.2 
141.48 	0.00031985 	1165.2 
141.98 	0.00031985 	1165.2 
142.48 	0.00031985 	1165.2 
142.98 	0.00031985 	1165.2 
143.48 	0.00031985 	1165.2 
143.98 	0.00031985 	1165.2 
144.48 	0.00031985 	1165.2 
144.98 	0.00031985 	1165.2 
145.48 	0.00031985 	1165.2 
145.98 	0.00031985 	1165.2 
146.48 	0.00031985 	1165.2 
146.98 	0.00031985 	1331.7 
147.48 	0.00031985 	1165.2 
147.98 	0.00031985 	1165.2 
148.48 	0.00031985 	1165.2 
148.98 	0.00031985 	1165.2 
149.48 	0.00031985 	1165.2 
149.98 	0.00031985 	1165.2 
150.48 	0.00031985 	1165.2 
150.98 	0.00021324 	1165.2 
151.48 	0.00031985 	1165.2 
151.98 	0.00031985 	1165.2 
152.48 	0.00021324 	1165.2 
152.98 	0.00021324 	1165.2 
153.48 	0.00031985 	1165.2 
153.98 	0.00021324 	1165.2 
154.48 	0.00031985 	1165.2 
154.98 	0.00031985 	1165.2 
155.48 	0.00021324 	1331.7 
155.98 	0.00021324 	1165.2 
156.48 	0.00021324 	1165.2 
156.98 	0.00031985 	1165.2 
157.48 	0.00031985 	1165.2 
157.98 	0.00031985 	1331.7 
158.48 	0.00031985 	1165.2 
158.98 	0.00021324 	1165.2 
159.48 	0.00031985 	1165.2 
159.98 	0.00031985 	1165.2 
160.48 	0.00031985 	1165.2 
160.98 	0.00031985 	1165.2 
161.48 	0.00031985 	1165.2 
161.98 	0.00021324 	1331.7 
162.48 	0.00031985 	1331.7 
162.98 	0.00031985 	1165.2 
163.48 	0.00031985 	1165.2 
163.98 	0.00031985 	1331.7 
164.48 	0.00042647 	1664.6 
164.98 	0.00053309 	1997.5 
165.48 	0.00063971 	2496.9 
165.98 	0.00074633 	2829.8 
166.47 	0.00085294 	3495.6 
166.97 	0.0010662 	3828.5 
167.47 	0.0011728 	4161.4 
167.97 	0.0011728 	4161.4 
168.47 	0.0011728 	4327.9 
168.97 	0.0010662 	4327.9 
169.47 	0.0011728 	4327.9 
169.97 	0.0010662 	4494.3 
170.37 	0.0012794 	5160.2 
170.73 	0.0015993 	5826.0 
171.03 	0.0017059 	6491.8 
171.48 	0.0019191 	7157.6 
171.98 	0.0019191 	7157.6 
172.30 	0.0021324 	7823.5 
172.68 	0.0023456 	8489.3 
173.10 	0.0025588 	9155.1 
173.45 	0.0027721 	9987.4 
173.85 	0.0029853 	10653 
174.33 	0.0033052 	11319 
174.68 	0.0034118 	11985 
175.18 	0.0036250 	12651 
175.68 	0.0039449 	13150 
176.18 	0.0040515 	13649 
176.63 	0.0042647 	14315 
177.13 	0.0044780 	14815 
177.63 	0.0046912 	15314 
178.13 	0.0047978 	15813 
178.63 	0.0050111 	16313 
179.13 	0.0051177 	16646 
179.63 	0.0052243 	17145 
180.13 	0.0053309 	17145 
180.47 	0.0054375 	17811 
180.77 	0.0056508 	18477 
181.20 	0.0058640 	19143 
181.70 	0.0060772 	19808 
182.20 	0.0062905 	20141 
182.70 	0.0063971 	20807 
183.20 	0.0065037 	20974 
183.70 	0.0065037 	20974 
184.20 	0.0066103 	21140 
184.70 	0.0066103 	20974 
185.20 	0.0066103 	21140 
185.70 	0.0067169 	21140 
186.20 	0.0066103 	21140 
186.70 	0.0066103 	21140 
187.20 	0.0066103 	20974 
187.70 	0.0066103 	20974 
188.20 	0.0066103 	21140 
188.70 	0.0066103 	21140 
189.20 	0.0066103 	21140 
189.70 	0.0066103 	21140 
190.20 	0.0066103 	21140 
190.70 	0.0066103 	21140 
191.20 	0.0067169 	21306 
191.70 	0.0067169 	21140 
192.20 	0.0067169 	21140 
192.70 	0.0067169 	20974 
193.20 	0.0066103 	20974 
193.70 	0.0066103 	21140 
194.20 	0.0067169 	20974 
194.70 	0.0067169 	21140 
195.20 	0.0067169 	21140 
195.70 	0.0067169 	21140 
196.20 	0.0066103 	20974 
196.70 	0.0066103 	21140 
197.20 	0.0067169 	21306 
197.70 	0.0067169 	21306 
198.20 	0.0067169 	21140 
198.70 	0.0066103 	20974 
199.20 	0.0066103 	20974 
199.70 	0.0067169 	21140 
200.20 	0.0067169 	21306 
200.70 	0.0066103 	21306 
201.20 	0.0067169 	21140 
201.70 	0.0066103 	21140 
202.20 	0.0067169 	21140 
202.70 	0.0066103 	21140 
203.20 	0.0067169 	21140 
203.70 	0.0067169 	21140 
204.20 	0.0066103 	21140 
204.70 	0.0066103 	20974 
205.20 	0.0066103 	21140 
205.70 	0.0066103 	21140 
206.20 	0.0067169 	21140 
206.70 	0.0066103 	21140 
207.20 	0.0066103 	21140 
207.70 	0.0066103 	21140 
208.20 	0.0066103 	21140 
208.70 	0.0066103 	21140 
209.20 	0.0066103 	21140 
209.70 	0.0067169 	21306 
210.20 	0.0067169 	21306 
210.70 	0.0066103 	21140 
211.20 	0.0066103 	20974 
211.70 	0.0066103 	21140 
212.20 	0.0067169 	21140 
212.70 	0.0067169 	21140 
213.20 	0.0066103 	21140 
213.70 	0.0066103 	21140 
214.20 	0.0066103 	21140 
214.70 	0.0067169 	21140 
215.20 	0.0066103 	21140 
215.70 	0.0067169 	21140 
216.20 	0.0067169 	21140 
216.70 	0.0066103 	21140 
217.20 	0.0066103 	21140 
217.70 	0.0066103 	20974 
218.20 	0.0066103 	21140 
218.70 	0.0066103 	21306 
219.20 	0.0066103 	21140 
219.70 	0.0067169 	21140 
220.20 	0.0066103 	21140 
220.70 	0.0066103 	20974 
221.20 	0.0066103 	20974 
221.70 	0.0066103 	21306 
222.20 	0.0066103 	21140 
222.70 	0.0066103 	21140 
223.20 	0.0066103 	21140 
223.70 	0.0066103 	21140 
224.20 	0.0066103 	21140 
224.70 	0.0067169 	21140 
225.20 	0.0066103 	21306 
225.70 	0.0066103 	21140 
226.20 	0.0066103 	21140 
226.70 	0.0066103 	21140 
227.20 	0.0066103 	21140 
227.70 	0.0066103 	21140 
228.20 	0.0066103 	21140 
228.70 	0.0066103 	21140 
229.20 	0.0066103 	20974 
229.70 	0.0066103 	21140 
230.20 	0.0066103 	21140 
230.70 	0.0066103 	21140 
231.20 	0.0066103 	21140 
231.70 	0.0067169 	21140 
232.20 	0.0067169 	21140 
232.70 	0.0066103 	20974 
233.20 	0.0066103 	21140 
233.70 	0.0067169 	21140 
234.20 	0.0067169 	21306 
234.70 	0.0067169 	21306 
235.20 	0.0067169 	21140 
235.70 	0.0066103 	21140 
236.20 	0.0066103 	21140 
236.70 	0.0066103 	21140 
237.20 	0.0067169 	21140 
237.70 	0.0066103 	21140 
238.20 	0.0066103 	21140 
238.70 	0.0066103 	21140 
239.20 	0.0067169 	21140 
239.70 	0.0067169 	21140 
240.20 	0.0067169 	21306 
240.70 	0.0067169 	21140 
241.20 	0.0067169 	21306 
241.70 	0.0067169 	21140 
242.20 	0.0067169 	20974 
242.70 	0.0066103 	20974 
243.20 	0.0067169 	20974 
243.70 	0.0066103 	20641 
244.20 	0.0063971 	19975 
244.70 	0.0062905 	19642 
245.20 	0.0060772 	19143 
245.70 	0.0059706 	18810 
246.20 	0.0059706 	18643 
246.70 	0.0057574 	17977 
247.05 	0.0055441 	17312 
247.52 	0.0053309 	16646 
248.02 	0.0051177 	16146 
248.52 	0.0050111 	15480 
249.02 	0.0047978 	14981 
249.52 	0.0045846 	14482 
250.02 	0.0044780 	13982 
250.52 	0.0042647 	13483 
251.02 	0.0041581 	12984 
251.52 	0.0039449 	12318 
252.02 	0.0038383 	11985 
252.52 	0.0036250 	11486 
252.95 	0.0034118 	10820 
253.45 	0.0033052 	10487 
253.95 	0.0031985 	9987.4 
254.45 	0.0029853 	9488.0 
254.95 	0.0028787 	8988.7 
255.42 	0.0027721 	8322.8 
255.92 	0.0025588 	7989.9 
256.42 	0.0023456 	7490.6 
256.92 	0.0022390 	6991.2 
257.42 	0.0021324 	6491.8 
257.92 	0.0019191 	6158.9 
258.42 	0.0018125 	5826.0 
258.92 	0.0017059 	5326.6 
259.42 	0.0014927 	4827.2 
259.92 	0.0013860 	4494.3 
260.42 	0.0012794 	4161.4 
260.92 	0.0011728 	3828.5 
261.42 	0.0011728 	3662.0 
261.92 	0.0010662 	3495.6 
262.42 	0.0011728 	3495.6 
262.92 	0.0011728 	3495.6 
263.42 	0.0012794 	3662.0 
263.92 	0.0011728 	3495.6 
264.42 	0.0011728 	3495.6 
264.92 	0.0011728 	3329.1 
265.42 	0.0011728 	3329.1 
265.92 	0.0011728 	3329.1 
266.42 	0.0010662 	2996.2 
266.92 	0.00095956 	2496.9 
267.42 	0.00074633 	1997.5 
267.92 	0.00063971 	1831.0 
268.42 	0.00063971 	1664.6 
268.92 	0.00053309 	1498.1 
269.42 	0.00053309 	1498.1 
269.92 	0.00053309 	1331.7 
270.42 	0.00053309 	1331.7 
270.92 	0.00053309 	1331.7 
271.42 	0.00053309 	1165.2 
271.92 	0.00053309 	1165.2 
272.42 	0.00042647 	1165.2 
272.92 	0.00042647 	1331.7 
273.42 	0.00042647 	1165.2 
273.92 	0.00042647 	1165.2 
274.42 	0.00042647 	1165.2 
274.92 	0.00042647 	1165.2 
275.42 	0.00042647 	1165.2 
275.92 	0.00053309 	1165.2 
276.42 	0.00042647 	1165.2 
276.92 	0.00053309 	1165.2 
277.42 	0.00042647 	1165.2 
277.92 	0.00053309 	1165.2 
278.42 	0.00042647 	1331.7 
278.92 	0.00042647 	1165.2 
279.42 	0.00042647 	1165.2 
279.92 	0.00042647 	1165.2 
280.42 	0.00053309 	1165.2 
280.92 	0.00053309 	1165.2 
281.42 	0.00053309 	1165.2 
281.92 	0.00042647 	1331.7 
282.42 	0.00042647 	1165.2 
282.92 	0.00042647 	1165.2 
283.42 	0.00042647 	1165.2 
283.92 	0.00042647 	1165.2 
284.42 	0.00053309 	1165.2 
284.92 	0.00053309 	1165.2 
285.42 	0.00053309 	1165.2 
285.92 	0.00053309 	1165.2 
286.42 	0.00053309 	1165.2 
286.92 	0.00053309 	1165.2 
287.42 	0.00053309 	998.74 
287.92 	0.00053309 	1165.2 
288.42 	0.00053309 	1331.7 
288.92 	0.00042647 	1331.7 
289.42 	0.00053309 	1165.2 
289.92 	0.00053309 	1165.2 
290.42 	0.00042647 	1165.2 
290.92 	0.00053309 	1165.2 
291.42 	0.00042647 	1165.2 
291.92 	0.00042647 	1165.2 
292.42 	0.00042647 	1165.2 
292.92 	0.00042647 	1165.2 
293.42 	0.00053309 	1165.2 
293.92 	0.00053309 	1165.2 
294.42 	0.00042647 	1165.2 
294.92 	0.00042647 	1165.2 
295.42 	0.00042647 	1331.7 
295.92 	0.00042647 	1165.2 
296.42 	0.00042647 	998.74 
296.92 	0.00042647 	1165.2 
297.42 	0.00042647 	1165.2 
297.92 	0.00042647 	1165.2 
298.42 	0.00042647 	1165.2 
298.92 	0.00042647 	1165.2 
299.42 	0.00042647 	1165.2 
299.92 	0.00042647 	1165.2 
300.42 	0.00042647 	1165.2 
300.92 	0.00042647 	1165.2 
301.42 	0.00042647 	1165.2 
301.92 	0.00042647 	1165.2 
302.42 	0.00042647 	1165.2 
302.92 	0.00042647 	1165.2 
303.42 	0.00042647 	1165.2 
303.92 	0.00042647 	1165.2 
304.42 	0.00042647 	1165.2 
304.92 	0.00053309 	1331.7 
305.42 	0.00042647 	1331.7 
305.92 	0.00042647 	1165.2 
306.42 	0.00042647 	998.74 
306.92 	0.00042647 	1331.7 
307.42 	0.00053309 	1331.7 
307.92 	0.00042647 	1165.2 
308.42 	0.00042647 	1165.2 
308.92 	0.00042647 	998.74 
309.42 	0.00042647 	1165.2 
309.92 	0.00042647 	1165.2 
310.42 	0.00042647 	998.74 
310.92 	0.00042647 	1165.2 
311.42 	0.00042647 	1331.7 
311.92 	0.00042647 	1165.2 
312.42 	0.00042647 	1165.2 
312.92 	0.00042647 	1165.2 
313.42 	0.00042647 	1165.2 
313.92 	0.00042647 	1165.2 
314.42 	0.00042647 	1165.2 
314.92 	0.00042647 	998.74 
315.42 	0.00042647 	998.74 
315.92 	0.00042647 	1165.2 
316.42 	0.00031985 	1165.2 
316.92 	0.00042647 	1165.2 
317.42 	0.00042647 	1165.2 
317.92 	0.00042647 	998.74 
318.42 	0.00042647 	1331.7 
318.92 	0.00042647 	1165.2 
319.42 	0.00042647 	998.74 
319.92 	0.00042647 	1165.2 
320.42 	0.00031985 	1165.2 
320.92 	0.00031985 	1165.2 
321.42 	0.00042647 	1331.7 
321.92 	0.00042647 	1165.2 
322.42 	0.00042647 	1165.2 
322.92 	0.00031985 	1165.2 
323.42 	0.00031985 	1331.7 
323.92 	0.00042647 	1165.2 
324.42 	0.00042647 	1165.2 
324.92 	0.00031985 	998.74 
325.42 	0.00042647 	1165.2 
325.92 	0.00031985 	1165.2 
326.42 	0.00042647 	1498.1 
326.92 	0.00053309 	1831.0 
327.42 	0.00053309 	2163.9 
327.92 	0.00074633 	2663.3 
328.42 	0.00085294 	2996.2 
328.92 	0.0010662 	3495.6 
329.40 	0.0011728 	4161.4 
329.90 	0.0011728 	4161.4 
330.40 	0.0011728 	4161.4 
330.90 	0.0011728 	4161.4 
331.40 	0.0011728 	4327.9 
331.90 	0.0011728 	4327.9 
332.40 	0.0012794 	4660.8 
332.68 	0.0013860 	5326.6 
333.00 	0.0017059 	5992.4 
333.35 	0.0018125 	6658.3 
333.85 	0.0020257 	7324.1 
334.35 	0.0021324 	7490.6 
334.80 	0.0023456 	8156.4 
335.08 	0.0025588 	8822.2 
335.57 	0.0027721 	9488.0 
335.92 	0.0029853 	10154 
336.30 	0.0031985 	10820 
336.67 	0.0034118 	11486 
337.08 	0.0036250 	12151 
337.58 	0.0039449 	12651 
338.07 	0.0040515 	13317 
338.57 	0.0042647 	13816 
339.03 	0.0044780 	14482 
339.53 	0.0046912 	14981 
339.97 	0.0047978 	15647 
340.47 	0.0050111 	15980 
340.97 	0.0051177 	16479 
341.47 	0.0052243 	16812 
341.97 	0.0053309 	17312 
342.47 	0.0054375 	17312 
342.80 	0.0056508 	17977 
343.13 	0.0058640 	18643 
343.57 	0.0060772 	19309 
344.07 	0.0062905 	19808 
344.53 	0.0063971 	20474 
345.03 	0.0066103 	20807 
345.53 	0.0067169 	20974 
346.03 	0.0067169 	21140 
346.53 	0.0067169 	21140 
347.03 	0.0068236 	21140 
347.53 	0.0068236 	21140 
348.03 	0.0067169 	21140 
348.53 	0.0068236 	21140 
349.03 	0.0068236 	20974 
349.53 	0.0068236 	20974 
350.03 	0.0068236 	21140 
350.53 	0.0068236 	21140 
351.03 	0.0068236 	21140 
351.53 	0.0068236 	21140 
352.03 	0.0068236 	21140 
352.53 	0.0068236 	21140 
353.03 	0.0069302 	21140 
353.53 	0.0068236 	21306 
354.03 	0.0068236 	21140 
354.53 	0.0068236 	21140 
355.03 	0.0068236 	21140 
355.53 	0.0068236 	21140 
356.03 	0.0069302 	21140 
356.53 	0.0068236 	21140 
357.03 	0.0069302 	20974 
357.53 	0.0069302 	21140 
358.03 	0.0069302 	20974 
358.53 	0.0069302 	21140 
359.03 	0.0069302 	21140 
359.53 	0.0069302 	21140 
360.03 	0.0068236 	21140 
360.53 	0.0069302 	21140 
361.03 	0.0069302 	21140 
361.53 	0.0069302 	21140 
362.03 	0.0069302 	21140 
362.53 	0.0069302 	21140 
363.03 	0.0069302 	21140 
363.53 	0.0069302 	21140 
364.03 	0.0069302 	20974 
364.53 	0.0069302 	21140 
365.03 	0.0069302 	21306 
365.53 	0.0069302 	21140 
366.03 	0.0069302 	21306 
366.53 	0.0069302 	21140 
367.03 	0.0069302 	21140 
367.53 	0.0069302 	20974 
368.03 	0.0069302 	21140 
368.53 	0.0069302 	21140 
369.03 	0.0070368 	21306 
369.53 	0.0069302 	21140 
370.03 	0.0069302 	21140 
370.53 	0.0070368 	21140 
371.03 	0.0069302 	20974 
371.53 	0.0069302 	21140 
372.03 	0.0070368 	21306 
372.53 	0.0070368 	21140 
373.03 	0.0069302 	21306 
373.53 	0.0069302 	20974 
374.03 	0.0069302 	21140 
374.53 	0.0070368 	21140 
375.03 	0.0069302 	21140 
375.53 	0.0070368 	21306 
376.03 	0.0070368 	21140 
376.53 	0.0069302 	21140 
377.03 	0.0070368 	21140 
377.53 	0.0070368 	21140 
378.03 	0.0070368 	21140 
378.53 	0.0070368 	21140 
379.03 	0.0070368 	21140 
379.53 	0.0070368 	21140 
380.03 	0.0070368 	21140 
380.53 	0.0069302 	21140 
381.03 	0.0070368 	21140 
381.53 	0.0070368 	21140 
382.03 	0.0070368 	21140 
382.53 	0.0070368 	21140 
383.03 	0.0069302 	21306 
383.53 	0.0070368 	21140 
384.03 	0.0070368 	20974 
384.53 	0.0070368 	21140 
385.03 	0.0070368 	21140 
385.53 	0.0070368 	21140 
386.03 	0.0070368 	21140 
386.53 	0.0070368 	21140 
387.03 	0.0069302 	21140 
387.53 	0.0069302 	21140 
388.03 	0.0069302 	21140 
388.53 	0.0070368 	21140 
389.03 	0.0069302 	21140 
389.53 	0.0070368 	21140 
390.03 	0.0070368 	21140 
390.53 	0.0070368 	21140 
391.03 	0.0070368 	21140 
391.53 	0.0070368 	21140 
392.03 	0.0070368 	21140 
392.53 	0.0070368 	21140 
393.03 	0.0070368 	21140 
393.53 	0.0070368 	21140 
394.03 	0.0071434 	21140 
394.53 	0.0070368 	21140 
395.03 	0.0070368 	21140 
395.53 	0.0070368 	21140 
396.03 	0.0070368 	21140 
396.53 	0.0071434 	21140 
397.03 	0.0070368 	21140 
397.53 	0.0070368 	21140 
398.03 	0.0070368 	21140 
398.53 	0.0070368 	21140 
399.03 	0.0070368 	21140 
399.53 	0.0070368 	21140 
400.03 	0.0071434 	20974 
400.53 	0.0070368 	21306 
401.03 	0.0070368 	21140 
401.53 	0.0070368 	21140 
402.03 	0.0070368 	21140 
402.53 	0.0070368 	20974 
403.03 	0.0070368 	21140 
403.53 	0.0070368 	21140 
404.03 	0.0070368 	21306 
404.53 	0.0071434 	21140 
405.03 	0.0070368 	21140 
405.53 	0.0070368 	20974 
406.03 	0.0069302 	20474 
406.53 	0.0067169 	20141 
407.03 	0.0066103 	19642 
407.53 	0.0065037 	19143 
408.03 	0.0062905 	18810 
408.53 	0.0062905 	18643 
408.90 	0.0061839 	17977 
409.33 	0.0058640 	17312 
409.77 	0.0057574 	16646 
410.27 	0.0054375 	16146 
410.77 	0.0053309 	15647 
411.25 	0.0052243 	14981 
411.75 	0.0050111 	14482 
412.25 	0.0047978 	13982 
412.75 	0.0046912 	13483 
413.25 	0.0044780 	12984 
413.75 	0.0043713 	12484 
414.25 	0.0041581 	11818 
414.75 	0.0040515 	11319 
415.25 	0.0038383 	10820 
415.75 	0.0037316 	10487 
416.15 	0.0036250 	9820.9 
416.65 	0.0034118 	9488.0 
417.15 	0.0033052 	8988.7 
417.65 	0.0030919 	8655.8 
418.00 	0.0029853 	7989.9 
418.50 	0.0027721 	7657.0 
419.00 	0.0026655 	7324.1 
419.40 	0.0025588 	6658.3 
419.90 	0.0023456 	6325.4 
420.40 	0.0023456 	5826.0 
420.90 	0.0021324 	5493.1 
421.40 	0.0020257 	5160.2 
421.90 	0.0019191 	4660.8 
422.40 	0.0017059 	4327.9 
422.90 	0.0015993 	3995.0 
423.40 	0.0015993 	3662.0 
423.90 	0.0014927 	3495.6 
424.40 	0.0015993 	3329.1 
424.90 	0.0015993 	3329.1 
425.40 	0.0015993 	3662.0 
425.90 	0.0015993 	3495.6 
426.40 	0.0015993 	3495.6 
426.90 	0.0015993 	3329.1 
427.40 	0.0015993 	3329.1 
427.90 	0.0015993 	3329.1 
428.40 	0.0015993 	3162.7 
428.90 	0.0014927 	2829.8 
429.40 	0.0012794 	2330.4 
429.90 	0.0011728 	1997.5 
430.40 	0.0010662 	1664.6 
430.90 	0.00095956 	1498.1 
431.40 	0.00095956 	1498.1 
431.90 	0.00095956 	1331.7 
432.40 	0.00095956 	1331.7 
432.90 	0.00085294 	1165.2 
433.40 	0.00085294 	1331.7 
433.90 	0.00085294 	1165.2 
434.40 	0.00085294 	1165.2 
434.90 	0.00085294 	1165.2 
435.40 	0.00085294 	1165.2 
435.90 	0.00085294 	1165.2 
436.40 	0.00085294 	1165.2 
436.90 	0.00085294 	1165.2 
437.40 	0.00085294 	1165.2 
437.90 	0.00085294 	1165.2 
438.40 	0.00085294 	1165.2 
438.90 	0.00085294 	1165.2 
439.40 	0.00095956 	1165.2 
439.90 	0.00095956 	1165.2 
440.40 	0.00085294 	1165.2 
440.90 	0.00085294 	1165.2 
441.40 	0.00085294 	998.74 
441.90 	0.00085294 	1165.2 
442.40 	0.00085294 	1331.7 
442.90 	0.00095956 	1165.2 
443.40 	0.00085294 	1165.2 
443.90 	0.00085294 	1165.2 
444.40 	0.00085294 	1165.2 
444.90 	0.00085294 	1165.2 
445.40 	0.00085294 	1331.7 
445.90 	0.00085294 	1165.2 
446.40 	0.00085294 	1165.2 
446.90 	0.00095956 	1165.2 
447.40 	0.00085294 	1165.2 
447.90 	0.00085294 	1165.2 
448.40 	0.00085294 	1165.2 
448.90 	0.00095956 	1165.2 
449.40 	0.00085294 	1165.2 
449.90 	0.00095956 	1165.2 
450.40 	0.00095956 	1165.2 
450.90 	0.00095956 	1165.2 
451.40 	0.00085294 	1331.7 
451.90 	0.00085294 	1165.2 
452.40 	0.00085294 	1165.2 
452.90 	0.00095956 	1165.2 
453.40 	0.00095956 	1165.2 
453.90 	0.00085294 	1165.2 
454.40 	0.00085294 	1165.2 
454.90 	0.00085294 	998.74 
455.40 	0.00095956 	1165.2 
455.90 	0.00095956 	1165.2 
456.40 	0.00085294 	1165.2 
456.90 	0.00095956 	1331.7 
457.40 	0.00095956 	1165.2 
457.90 	0.00095956 	1165.2 
458.40 	0.00095956 	1165.2 
458.90 	0.00095956 	1165.2 
459.40 	0.00085294 	1165.2 
459.90 	0.00095956 	1165.2 
460.40 	0.00095956 	1165.2 
460.90 	0.00095956 	1331.7 
461.40 	0.00095956 	1165.2 
461.90 	0.00095956 	1165.2 
462.40 	0.00085294 	1165.2 
462.90 	0.00085294 	1331.7 
463.40 	0.00085294 	1165.2 
463.90 	0.00085294 	1165.2 
464.40 	0.00085294 	1165.2 
464.90 	0.00095956 	1165.2 
465.40 	0.00095956 	1165.2 
465.90 	0.00085294 	1165.2 
466.40 	0.00085294 	1165.2 
466.90 	0.00085294 	1165.2 
467.40 	0.00085294 	1331.7 
467.90 	0.00085294 	1165.2 
468.40 	0.00095956 	1165.2 
468.90 	0.00095956 	1165.2 
469.40 	0.00095956 	1165.2 
469.90 	0.00095956 	1331.7 
470.40 	0.00095956 	1331.7 
470.90 	0.00095956 	1165.2 
471.40 	0.00085294 	1165.2 
471.90 	0.00085294 	1165.2 
472.40 	0.00085294 	1165.2 
472.90 	0.00085294 	998.74 
473.40 	0.00085294 	1165.2 
473.90 	0.00085294 	1165.2 
474.40 	0.00085294 	1165.2 
474.90 	0.00085294 	1165.2 
475.40 	0.00085294 	1165.2 
475.90 	0.00085294 	1165.2 
476.40 	0.00085294 	1165.2 
476.90 	0.00085294 	1165.2 
477.40 	0.00085294 	1165.2 
477.90 	0.00085294 	1165.2 
478.40 	0.00085294 	1165.2 
478.90 	0.00085294 	1165.2 
479.40 	0.00085294 	1165.2 
479.90 	0.00085294 	1165.2 
480.40 	0.00085294 	1165.2 
480.90 	0.00085294 	1165.2 
481.40 	0.00085294 	1331.7 
481.90 	0.00085294 	1165.2 
482.40 	0.00085294 	1165.2 
482.90 	0.00085294 	1165.2 
483.40 	0.00085294 	1331.7 
483.90 	0.00085294 	1165.2 
484.40 	0.00085294 	1165.2 
484.90 	0.00085294 	1165.2 
485.40 	0.00085294 	1165.2 
485.90 	0.00085294 	1331.7 
486.40 	0.00085294 	1331.7 
486.90 	0.00085294 	1165.2 
487.40 	0.00085294 	998.74 
487.72 	0.00085294 	1165.2 
488.22 	0.00085294 	1331.7 
488.72 	0.00074633 	1331.7 
489.22 	0.00085294 	998.74 
489.72 	0.00085294 	1165.2 
490.22 	0.00085294 	1165.2 
490.72 	0.00085294 	1331.7 
491.22 	0.00085294 	1331.7 
491.72 	0.00085294 	1165.2 
492.22 	0.00085294 	1165.2 
492.72 	0.00085294 	1165.2 
493.22 	0.00085294 	1165.2 
493.72 	0.00085294 	1165.2 
494.22 	0.00085294 	1165.2 
494.72 	0.00085294 	1165.2 
495.22 	0.00085294 	1165.2 
495.72 	0.00095956 	1165.2 
496.22 	0.00085294 	998.74 
496.72 	0.00085294 	1165.2 
497.22 	0.00085294 	1165.2 
497.72 	0.00085294 	1165.2 
498.22 	0.00085294 	1165.2 
498.72 	0.00085294 	1165.2 
499.22 	0.00085294 	1165.2 
499.72 	0.00085294 	1165.2 
500.22 	0.00085294 	1165.2 
500.72 	0.00085294 	1165.2 
501.22 	0.00085294 	1165.2 
501.72 	0.00085294 	1165.2 
502.22 	0.00085294 	1331.7 
502.72 	0.00085294 	1165.2 
503.22 	0.00085294 	1165.2 
503.72 	0.00085294 	1165.2 
504.22 	0.00085294 	1165.2 
504.72 	0.00085294 	1331.7 
505.22 	0.00085294 	1165.2 
505.72 	0.00085294 	1165.2 
506.22 	0.00085294 	1165.2 
506.72 	0.00085294 	1165.2 
507.22 	0.00085294 	1165.2 
507.72 	0.00085294 	1165.2 
508.22 	0.00085294 	1165.2 
508.72 	0.00085294 	1165.2 
509.22 	0.00085294 	1165.2 
509.72 	0.00085294 	1165.2 
510.22 	0.00085294 	1165.2 
510.72 	0.00085294 	1165.2 
511.22 	0.00085294 	1331.7 
511.72 	0.00085294 	1165.2 
512.22 	0.00085294 	1165.2 
512.72 	0.00085294 	998.74 
513.22 	0.00085294 	1165.2 
513.72 	0.00085294 	1331.7 
514.22 	0.00085294 	1165.2 
514.72 	0.00085294 	1165.2 
515.22 	0.00085294 	1165.2 
515.72 	0.00085294 	1165.2 
516.22 	0.00085294 	1331.7 
516.72 	0.00074633 	1331.7 
517.22 	0.00085294 	1165.2 
517.72 	0.00085294 	1165.2 
518.22 	0.00085294 	1165.2 
518.72 	0.00085294 	1165.2 
519.22 	0.00085294 	1165.2 
519.72 	0.00095956 	1664.6 
520.22 	0.00095956 	1997.5 
520.72 	0.0011728 	2330.4 
521.22 	0.0012794 	2829.8 
521.72 	0.0013860 	3329.1 
522.22 	0.0015993 	3828.5 
522.72 	0.0017059 	4161.4 
523.22 	0.0017059 	4161.4 
523.72 	0.0017059 	4161.4 
524.22 	0.0017059 	4161.4 
524.72 	0.0015993 	4327.9 
525.22 	0.0017059 	4660.8 
525.72 	0.0019191 	5160.2 
526.02 	0.0020257 	5826.0 
526.32 	0.0022390 	6491.8 
526.73 	0.0025588 	7157.6 
527.23 	0.0026655 	7490.6 
527.73 	0.0027721 	7657.0 
527.98 	0.0028787 	8322.8 
528.30 	0.0029853 	8988.7 
528.77 	0.0033052 	9654.5 
529.08 	0.0035184 	10320 
529.43 	0.0036250 	10986 
529.90 	0.0039449 	11652 
530.35 	0.0041581 	12318 
530.85 	0.0043713 	12817 
531.18 	0.0044780 	13483 
531.68 	0.0046912 	13982 
532.18 	0.0049044 	14482 
532.63 	0.0051177 	15148 
533.13 	0.0053309 	15480 
533.58 	0.0054375 	16146 
534.08 	0.0056508 	16479 
534.58 	0.0057574 	16812 
535.08 	0.0058640 	17312 
535.58 	0.0059706 	17312 
535.88 	0.0060772 	17977 
536.22 	0.0062905 	18643 
536.68 	0.0065037 	19309 
537.18 	0.0067169 	19808 
537.68 	0.0069302 	20308 
538.18 	0.0070368 	20807 
538.68 	0.0071434 	20974 
539.18 	0.0070368 	21140 
539.68 	0.0071434 	21140 
540.18 	0.0071434 	21140 
540.68 	0.0071434 	21140 
541.18 	0.0071434 	21140 
541.68 	0.0071434 	21140 
542.18 	0.0071434 	21140 
542.68 	0.0071434 	20974 
543.18 	0.0071434 	21140 
543.68 	0.0072500 	21140 
544.18 	0.0072500 	21140 
544.68 	0.0071434 	21140 
545.18 	0.0072500 	21140 
545.68 	0.0072500 	21140 
546.18 	0.0071434 	20974 
546.68 	0.0072500 	21140 
547.18 	0.0072500 	21140 
547.68 	0.0072500 	21140 
548.18 	0.0072500 	21140 
548.68 	0.0072500 	20974 
549.18 	0.0072500 	20974 
549.68 	0.0072500 	21140 
550.18 	0.0072500 	21140 
550.68 	0.0072500 	21306 
551.18 	0.0073566 	21140 
551.68 	0.0073566 	21140 
552.18 	0.0072500 	20974 
552.68 	0.0073566 	21140 
553.18 	0.0073566 	21140 
553.68 	0.0073566 	21306 
554.18 	0.0073566 	21306 
554.68 	0.0073566 	21306 
555.18 	0.0072500 	21140 
555.68 	0.0073566 	21140 
556.18 	0.0073566 	21140 
556.68 	0.0072500 	21140 
557.18 	0.0073566 	21140 
557.68 	0.0073566 	21306 
558.18 	0.0073566 	21306 
558.68 	0.0073566 	21140 
559.18 	0.0072500 	21140 
559.68 	0.0073566 	21140 
560.18 	0.0072500 	20974 
560.68 	0.0072500 	21140 
561.18 	0.0073566 	21140 
561.68 	0.0073566 	21140 
562.18 	0.0072500 	21140 
562.68 	0.0072500 	21140 
563.18 	0.0073566 	21140 
563.68 	0.0073566 	21140 
564.18 	0.0073566 	21306 
564.68 	0.0073566 	21140 
565.18 	0.0073566 	21140 
565.68 	0.0073566 	20974 
566.18 	0.0073566 	21140 
566.68 	0.0072500 	21140 
567.18 	0.0073566 	21140 
567.68 	0.0073566 	21140 
568.18 	0.0073566 	21140 
568.68 	0.0073566 	21140 
569.18 	0.0073566 	21140 
569.68 	0.0073566 	21140 
570.18 	0.0073566 	21140 
570.68 	0.0073566 	20974 
571.18 	0.0073566 	21140 
571.68 	0.0073566 	21306 
572.18 	0.0073566 	21140 
572.68 	0.0073566 	21140 
573.18 	0.0073566 	21140 
573.68 	0.0073566 	21140 
574.18 	0.0073566 	21140 
574.68 	0.0073566 	21140 
575.18 	0.0073566 	21140 
575.68 	0.0073566 	21140 
576.18 	0.0073566 	21140 
576.68 	0.0073566 	20974 
577.18 	0.0074633 	21140 
577.68 	0.0074633 	21306 
578.18 	0.0073566 	21140 
578.68 	0.0073566 	21140 
579.18 	0.0073566 	20974 
579.68 	0.0073566 	21140 
580.18 	0.0073566 	21140 
580.68 	0.0073566 	21140 
581.18 	0.0073566 	21140 
581.68 	0.0073566 	21140 
582.18 	0.0074633 	21140 
582.68 	0.0074633 	21140 
583.18 	0.0073566 	21140 
583.68 	0.0074633 	20974 
584.18 	0.0074633 	21140 
584.68 	0.0074633 	21140 
585.18 	0.0074633 	21140 
585.68 	0.0074633 	21140 
586.18 	0.0073566 	21140 
586.68 	0.0074633 	21140 
587.18 	0.0074633 	21140 
587.68 	0.0074633 	21140 
588.18 	0.0074633 	21306 
588.68 	0.0074633 	21306 
589.18 	0.0074633 	21306 
589.68 	0.0074633 	20974 
590.18 	0.0074633 	21140 
590.68 	0.0074633 	21140 
591.18 	0.0075699 	21306 
591.68 	0.0074633 	21306 
592.18 	0.0074633 	21140 
592.68 	0.0074633 	21140 
593.18 	0.0074633 	20974 
593.68 	0.0074633 	21140 
594.18 	0.0074633 	21140 
594.68 	0.0074633 	21140 
595.18 	0.0074633 	21140 
595.68 	0.0074633 	20974 
596.18 	0.0074633 	21140 
596.68 	0.0074633 	21140 
597.18 	0.0074633 	21306 
597.68 	0.0074633 	21306 
598.08 	0.0075699 	21306 
598.58 	0.0074633 	21140 
599.08 	0.0074633 	21140 
599.58 	0.0075699 	21140 
600.08 	0.0075699 	21140 
600.58 	0.0075699 	21140 
601.08 	0.0074633 	21140 
601.58 	0.0074633 	21140 
602.08 	0.0074633 	21140 
602.58 	0.0074633 	21140 
603.08 	0.0074633 	21140 
603.58 	0.0075699 	21140 
604.08 	0.0074633 	21140 
604.58 	0.0074633 	21140 
605.08 	0.0074633 	21140 
605.58 	0.0074633 	20974 
606.08 	0.0074633 	21140 
606.58 	0.0075699 	21306 
607.08 	0.0074633 	21140 
607.58 	0.0075699 	21306 
608.08 	0.0074633 	21140 
608.58 	0.0074633 	21140 
609.08 	0.0074633 	21140 
609.58 	0.0075699 	21140 
610.08 	0.0074633 	21140 
610.58 	0.0075699 	21140 
611.08 	0.0074633 	21140 
611.58 	0.0075699 	21140 
612.08 	0.0074633 	21306 
612.58 	0.0075699 	21140 
613.08 	0.0074633 	21140 
613.58 	0.0074633 	21140 
614.08 	0.0074633 	20974 
614.58 	0.0075699 	21140 
615.08 	0.0075699 	21140 
615.58 	0.0075699 	21306 
616.08 	0.0074633 	21140 
616.58 	0.0075699 	21140 
617.08 	0.0074633 	20974 
617.58 	0.0075699 	21140 
618.08 	0.0075699 	21306 
618.58 	0.0075699 	21306 
619.08 	0.0075699 	21140 
619.58 	0.0075699 	21140 
620.08 	0.0075699 	20974 
620.58 	0.0075699 	21140 
621.08 	0.0075699 	21140 
621.58 	0.0075699 	21140 
622.08 	0.0075699 	21140 
622.58 	0.0075699 	21140 
623.08 	0.0075699 	21140 
623.58 	0.0075699 	21140 
624.08 	0.0075699 	21140 
624.58 	0.0075699 	21140 
625.08 	0.0075699 	21140 
625.58 	0.0075699 	21140 
626.08 	0.0075699 	21140 
626.58 	0.0076765 	21140 
627.08 	0.0075699 	21140 
627.58 	0.0076765 	21140 
628.07 	0.0075699 	21140 
628.57 	0.0075699 	21140 
629.07 	0.0075699 	21140 
629.57 	0.0075699 	21140 
630.07 	0.0075699 	21140 
630.57 	0.0075699 	21140 
631.07 	0.0075699 	21140 
631.57 	0.0075699 	21140 
632.07 	0.0075699 	21140 
632.57 	0.0075699 	20974 
633.07 	0.0075699 	21140 
633.57 	0.0075699 	21140 
634.07 	0.0075699 	21140 
634.57 	0.0075699 	20974 
635.07 	0.0075699 	21140 
635.57 	0.0075699 	21140 
636.07 	0.0075699 	21306 
636.57 	0.0075699 	21140 
637.07 	0.0075699 	21140 
637.57 	0.0075699 	21140 
638.07 	0.0075699 	21140 
638.57 	0.0075699 	21140 
639.07 	0.0075699 	21140 
639.57 	0.0075699 	21140 
640.07 	0.0075699 	21140 
640.57 	0.0075699 	21140 
641.07 	0.0075699 	21306 
641.57 	0.0075699 	21306 
642.07 	0.0075699 	21140 
642.57 	0.0075699 	21140 
643.07 	0.0075699 	21140 
643.57 	0.0075699 	21140 
644.07 	0.0075699 	21140 
644.57 	0.0075699 	21140 
645.07 	0.0075699 	21140 
645.57 	0.0075699 	21140 
646.07 	0.0075699 	21140 
646.57 	0.0075699 	21140 
647.07 	0.0075699 	21140 
647.57 	0.0075699 	21140 
648.07 	0.0075699 	21140 
648.57 	0.0075699 	21140 
649.07 	0.0075699 	21140 
649.57 	0.0075699 	21140 
650.07 	0.0075699 	21140 
650.57 	0.0075699 	21140 
651.07 	0.0075699 	20974 
651.57 	0.0075699 	21140 
652.07 	0.0075699 	21140 
652.57 	0.0075699 	21140 
653.07 	0.0075699 	21306 
653.57 	0.0075699 	21140 
654.07 	0.0075699 	21140 
654.57 	0.0075699 	21140 
655.07 	0.0075699 	21140 
655.57 	0.0075699 	21140 
656.07 	0.0075699 	21140 
656.57 	0.0075699 	21306 
657.07 	0.0075699 	21306 
657.57 	0.0075699 	20974 
658.07 	0.0075699 	21140 
658.57 	0.0075699 	21140 
659.07 	0.0075699 	21140 
659.57 	0.0075699 	21140 
660.07 	0.0075699 	21306 
660.57 	0.0075699 	21140 
661.07 	0.0075699 	21140 
661.57 	0.0075699 	21140 
662.07 	0.0075699 	21306 
662.57 	0.0075699 	21140 
663.07 	0.0075699 	21140 
663.57 	0.0075699 	21140 
664.07 	0.0075699 	21639 
664.57 	0.0075699 	21140 
665.07 	0.0075699 	21140 
665.57 	0.0075699 	21140 
666.07 	0.0075699 	21140 
666.57 	0.0075699 	21140 
667.07 	0.0075699 	21306 
667.57 	0.0075699 	21140 
668.07 	0.0075699 	20974 
668.57 	0.0075699 	20974 
669.07 	0.0075699 	20974 
669.57 	0.0075699 	21140 
670.07 	0.0075699 	21140 
670.57 	0.0075699 	21140 
671.07 	0.0075699 	21140 
671.57 	0.0075699 	20974 
672.07 	0.0075699 	21140 
672.57 	0.0075699 	21306 
673.07 	0.0075699 	21140 
673.57 	0.0075699 	21306 
674.07 	0.0075699 	21140 
674.57 	0.0075699 	21140 
675.07 	0.0075699 	21140 
675.57 	0.0075699 	21140 
676.07 	0.0075699 	21140 
676.57 	0.0075699 	21140 
676.90 	0.0075699 	20474 
676.95 	0.0075699 	22139 
677.05 	0.0075699 	21473 
677.07 	0.0075699 	20641 
677.17 	0.0075699 	21473 
677.67 	0.0075699 	21140 
678.17 	0.0075699 	21140 
678.67 	0.0075699 	21140 
679.17 	0.0075699 	21140 
679.67 	0.0075699 	21306 
680.17 	0.0075699 	21140 
680.67 	0.0075699 	21140 
681.17 	0.0075699 	21140 
681.67 	0.0075699 	20974 
682.17 	0.0075699 	21140 
682.67 	0.0075699 	21140 
683.17 	0.0075699 	21306 
683.67 	0.0075699 	21140 
684.17 	0.0075699 	21140 
684.67 	0.0075699 	21140 
685.17 	0.0075699 	20974 
685.67 	0.0075699 	21140 
686.17 	0.0075699 	21140 
686.67 	0.0075699 	21140 
687.17 	0.0075699 	21140 
687.67 	0.0075699 	21140 
688.17 	0.0075699 	21140 
688.67 	0.0075699 	21140 
689.17 	0.0075699 	21140 
689.67 	0.0075699 	21140 
690.17 	0.0075699 	21306 
690.67 	0.0075699 	21306 
691.17 	0.0075699 	21140 
691.67 	0.0075699 	21473 
692.03 	0.0075699 	22139 
692.53 	0.0075699 	22472 
693.03 	0.0075699 	22971 
693.53 	0.0075699 	23304 
693.95 	0.0075699 	23970 
694.42 	0.0075699 	24636 
694.92 	0.0075699 	24969 
695.42 	0.0075699 	25468 
695.80 	0.0075699 	26134 
696.30 	0.0075699 	26633 
696.80 	0.0075699 	27132 
697.30 	0.0075699 	27632 
697.80 	0.0075699 	28131 
698.30 	0.0075699 	28631 
698.80 	0.0075699 	28963 
699.30 	0.0075699 	29463 
699.80 	0.0075699 	29962 
700.30 	0.0075699 	30295 
700.80 	0.0075699 	30795 
701.30 	0.0075699 	31294 
701.80 	0.0075699 	31793 
702.27 	0.0075699 	32459 
702.77 	0.0075699 	32792 
703.27 	0.0075699 	33291 
703.77 	0.0075699 	33957 
704.23 	0.0075699 	34623 
704.58 	0.0075699 	35289 
705.08 	0.0075699 	35788 
705.53 	0.0075699 	36454 
706.03 	0.0075699 	36953 
706.53 	0.0075699 	37453 
707.03 	0.0075699 	37952 
707.53 	0.0075699 	38452 
708.03 	0.0075699 	38951 
708.45 	0.0075699 	39617 
708.95 	0.0075699 	39950 
709.43 	0.0075699 	40615 
709.93 	0.0075699 	41115 
710.43 	0.0075699 	41614 
710.93 	0.0075699 	42114 
711.43 	0.0075699 	42613 
711.93 	0.0075699 	43112 
712.43 	0.0075699 	43612 
712.90 	0.0075699 	44278 
713.40 	0.0075699 	44777 
713.90 	0.0075699 	45276 
714.40 	0.0075699 	45776 
714.90 	0.0075699 	46275 
715.37 	0.0075699 	46941 
715.87 	0.0075699 	47440 
716.37 	0.0075699 	47773 
716.78 	0.0075699 	48439 
717.28 	0.0075699 	48938 
717.78 	0.0075699 	49438 
718.28 	0.0075699 	49937 
718.78 	0.0075699 	50436 
719.28 	0.0075699 	50936 
719.78 	0.0075699 	51435 
720.23 	0.0075699 	52101 
720.73 	0.0075699 	52600 
721.23 	0.0075699 	52933 
721.68 	0.0075699 	53599 
722.18 	0.0075699 	54098 
722.68 	0.0075699 	54598 
723.18 	0.0075699 	55097 
723.68 	0.0075699 	55597 
724.18 	0.0075699 	56096 
724.67 	0.0075699 	56762 
725.17 	0.0075699 	57261 
725.67 	0.0075699 	57761 
726.17 	0.0075699 	58260 
726.65 	0.0075699 	58926 
727.15 	0.0075699 	59259 
727.65 	0.0075699 	59924 
728.15 	0.0075699 	60424 
728.65 	0.0075699 	60923 
729.15 	0.0075699 	61423 
729.65 	0.0075699 	61922 
730.10 	0.0075699 	62588 
730.60 	0.0075699 	62921 
731.07 	0.0075699 	63586 
731.57 	0.0075699 	63919 
732.02 	0.0075699 	64585 
732.52 	0.0075699 	65085 
733.02 	0.0075699 	65584 
733.52 	0.0075699 	66083 
734.02 	0.0075699 	66583 
734.52 	0.0075699 	67082 
735.02 	0.0075699 	67581 
735.48 	0.0075699 	68247 
735.98 	0.0075699 	68747 
736.48 	0.0075699 	69246 
736.98 	0.0075699 	69745 
737.48 	0.0075699 	70245 
737.98 	0.0075699 	70744 
738.48 	0.0075699 	71244 
738.90 	0.0075699 	71909 
739.40 	0.0075699 	72242 
739.90 	0.0075699 	72742 
740.40 	0.0075699 	73407 
740.90 	0.0075699 	73907 
741.40 	0.0075699 	74406 
741.90 	0.0075699 	74906 
742.40 	0.0075699 	75405 
742.90 	0.0075699 	76071 
743.40 	0.0075699 	76570 
743.90 	0.0075699 	77069 
744.40 	0.0075699 	77569 
744.90 	0.0075699 	78235 
745.40 	0.0075699 	78568 
745.87 	0.0075699 	79233 
746.37 	0.0075699 	79733 
746.87 	0.0075699 	80066 
747.30 	0.0075699 	80732 
747.80 	0.0075699 	81064 
748.25 	0.0075699 	81730 
748.75 	0.0075699 	82230 
749.25 	0.0075699 	82729 
749.75 	0.0075699 	83228 
750.25 	0.0075699 	83728 
750.65 	0.0075699 	84394 
751.15 	0.0075699 	84727 
751.65 	0.0075699 	85226 
752.15 	0.0075699 	85892 
752.65 	0.0075699 	86391 
753.15 	0.0075699 	86890 
753.65 	0.0075699 	87390 
754.15 	0.0075699 	88056 
754.65 	0.0075699 	88389 
755.13 	0.0075699 	89054 
755.63 	0.0075699 	89554 
756.13 	0.0075699 	90053 
756.63 	0.0075699 	90552 
757.13 	0.0075699 	91218 
757.63 	0.0075699 	91551 
758.10 	0.0075699 	92217 
758.60 	0.0075699 	92550 
759.07 	0.0075699 	93216 
759.57 	0.0075699 	93549 
759.98 	0.0075699 	94215 
760.48 	0.0075699 	94547 
760.98 	0.0075699 	95213 
761.48 	0.0075699 	95546 
761.88 	0.0075699 	96212 
762.38 	0.0075699 	96545 
762.83 	0.0075699 	97211 
763.33 	0.0075699 	97710 
763.83 	0.0075699 	98209 
764.33 	0.0075699 	98709 
764.83 	0.0075699 	99208 
765.33 	0.0075699 	99874 
765.83 	0.0075699 	100210 
766.30 	0.0075699 	100870 
766.80 	0.0075699 	101210 
767.25 	0.0075699 	101870 
767.75 	0.0075699 	102200 
768.18 	0.0075699 	102870 
768.68 	0.0075699 	103200 
769.17 	0.0075699 	103870 
769.67 	0.0075699 	104370 
770.17 	0.0075699 	104870 
770.67 	0.0075699 	105370 
771.17 	0.0075699 	105870 
771.60 	0.0075699 	106530 
772.10 	0.0075699 	107030 
772.60 	0.0075699 	107530 
773.10 	0.0075699 	108030 
773.60 	0.0075699 	108530 
774.10 	0.0075699 	109030 
774.60 	0.0075699 	109530 
775.10 	0.0075699 	110030 
775.58 	0.0075699 	110690 
776.08 	0.0075699 	111190 
776.58 	0.0075699 	111690 
777.08 	0.0075699 	112190 
777.57 	0.0075699 	112860 
778.07 	0.0075699 	113190 
778.55 	0.0075699 	113860 
779.05 	0.0075699 	114360 
779.55 	0.0075699 	114860 
780.05 	0.0075699 	115350 
780.55 	0.0075699 	115850 
781.05 	0.0075699 	116520 
781.55 	0.0075699 	116850 
782.02 	0.0075699 	117520 
782.52 	0.0075699 	117850 
782.98 	0.0075699 	118520 
783.48 	0.0075699 	119020 
783.98 	0.0075699 	119350 
784.32 	0.0075699 	120020 
784.82 	0.0075699 	120350 
785.32 	0.0075699 	121010 
785.82 	0.0075699 	121350 
786.23 	0.0075699 	122010 
786.73 	0.0075699 	122350 
787.23 	0.0075699 	123010 
787.73 	0.0075699 	123510 
788.23 	0.0075699 	124180 
788.73 	0.0075699 	124510 
789.23 	0.0075699 	125010 
789.72 	0.0075699 	125670 
790.22 	0.0075699 	126170 
790.72 	0.0075699 	126670 
791.22 	0.0075699 	127170 
791.70 	0.0075699 	127840 
792.20 	0.0075699 	128170 
792.70 	0.0075699 	128670 
793.20 	0.0075699 	129340 
793.70 	0.0075699 	129840 
794.20 	0.0075699 	130340 
794.70 	0.0075699 	130840 
795.20 	0.0075699 	131330 
795.70 	0.0075699 	131830 
796.20 	0.0075699 	132500 
796.70 	0.0075699 	133000 
797.20 	0.0075699 	133500 
797.70 	0.0075699 	134000 
798.20 	0.0075699 	134500 
798.70 	0.0075699 	135000 
799.20 	0.0075699 	135500 
799.70 	0.0075699 	136160 
800.20 	0.0075699 	136660 
800.70 	0.0075699 	137160 
801.20 	0.0075699 	137660 
801.70 	0.0075699 	138160 
802.20 	0.0075699 	138820 
802.70 	0.0075699 	139320 
803.20 	0.0075699 	139820 
803.70 	0.0075699 	140320 
804.20 	0.0075699 	140820 
804.70 	0.0075699 	141320 
805.20 	0.0075699 	141990 
805.70 	0.0075699 	142490 
806.20 	0.0075699 	142990 
806.70 	0.0075699 	143650 
807.20 	0.0075699 	144150 
807.70 	0.0075699 	144650 
808.20 	0.0075699 	145150 
808.70 	0.0075699 	145650 
809.20 	0.0075699 	146150 
809.70 	0.0075699 	146810 
810.20 	0.0075699 	147310 
810.70 	0.0075699 	147810 
811.20 	0.0075699 	148310 
811.70 	0.0075699 	148980 
812.20 	0.0075699 	149480 
812.70 	0.0075699 	149980 
813.20 	0.0075699 	150480 
813.70 	0.0075699 	150980 
814.20 	0.0075699 	151480 
814.70 	0.0075699 	152140 
815.20 	0.0075699 	152470 
815.70 	0.0075699 	153140 
816.20 	0.0075699 	153640 
816.70 	0.0075699 	154140 
817.20 	0.0075699 	154640 
817.70 	0.0075699 	155300 
818.20 	0.0075699 	155800 
818.70 	0.0075699 	156300 
819.20 	0.0075699 	156800 
819.70 	0.0075699 	157300 
820.20 	0.0075699 	157800 
820.70 	0.0075699 	158300 
821.20 	0.0075699 	158970 
821.70 	0.0075699 	159470 
822.20 	0.0075699 	159800 
822.70 	0.0075699 	160460 
823.20 	0.0075699 	161130 
823.70 	0.0075699 	161460 
824.20 	0.0075699 	161960 
824.70 	0.0075699 	162630 
825.20 	0.0075699 	163130 
825.70 	0.0075699 	163630 
826.20 	0.0075699 	164130 
826.70 	0.0075699 	164790 
827.20 	0.0075699 	165290 
827.70 	0.0075699 	165790 
828.20 	0.0075699 	166460 
828.70 	0.0075699 	166790 
829.20 	0.0075699 	167290 
829.70 	0.0075699 	167790 
830.20 	0.0075699 	168450 
830.70 	0.0075699 	168950 
831.20 	0.0075699 	169450 
831.70 	0.0075699 	169950 
832.20 	0.0075699 	170450 
832.70 	0.0075699 	171120 
833.20 	0.0075699 	171450 
833.70 	0.0075699 	172120 
834.20 	0.0075699 	172620 
834.70 	0.0075699 	173120 
835.20 	0.0075699 	173780 
835.70 	0.0075699 	174280 
836.20 	0.0075699 	174780 
836.70 	0.0075699 	175280 
837.20 	0.0075699 	175780 
837.70 	0.0075699 	176280 
838.20 	0.0075699 	176940 
838.70 	0.0075699 	177440 
839.20 	0.0075699 	177940 
839.70 	0.0075699 	178440 
840.20 	0.0075699 	179110 
840.70 	0.0075699 	179610 
841.20 	0.0075699 	180110 
841.70 	0.0075699 	180610 
842.20 	0.0075699 	181100 
842.70 	0.0075699 	181600 
843.20 	0.0075699 	182100 
843.70 	0.0075699 	182770 
844.20 	0.0075699 	183270 
844.70 	0.0075699 	183770 
845.20 	0.0075699 	184270 
845.70 	0.0075699 	184770 
846.20 	0.0075699 	185430 
846.70 	0.0075699 	185930 
847.20 	0.0075699 	186430 
847.70 	0.0075699 	186930 
848.20 	0.0075699 	187430 
848.70 	0.0075699 	187930 
849.20 	0.0075699 	188430 
849.70 	0.0075699 	188930 
850.20 	0.0075699 	189590 
850.70 	0.0075699 	190090 
851.20 	0.0075699 	190590 
851.70 	0.0075699 	191260 
852.20 	0.0075699 	191590 
852.70 	0.0075699 	192260 
853.20 	0.0075699 	192590 
853.70 	0.0075699 	193260 
854.20 	0.0075699 	193760 
854.70 	0.0075699 	194420 
855.20 	0.0075699 	194920 
855.70 	0.0075699 	195420 
856.20 	0.0075699 	195920 
856.70 	0.0075699 	196420 
857.20 	0.0075699 	196920 
857.70 	0.0075699 	197580 
858.20 	0.0075699 	198080 
858.70 	0.0075699 	198420 
859.20 	0.0075699 	199080 
859.70 	0.0075699 	199580 
860.20 	0.0075699 	200250 
860.70 	0.0075699 	200580 
861.20 	0.0075699 	201250 
861.70 	0.0075699 	201750 
862.20 	0.0075699 	202240 
862.70 	0.0075699 	202740 
863.20 	0.0075699 	203240 
863.70 	0.0075699 	203740 
864.20 	0.0075699 	204410 
864.70 	0.0075699 	204910 
865.20 	0.0075699 	205410 
865.70 	0.0075699 	206070 
866.20 	0.0075699 	206410 
866.70 	0.0075699 	206910 
867.20 	0.0075699 	207570 
867.70 	0.0075699 	208070 
868.20 	0.0075699 	208570 
868.70 	0.0075699 	209240 
869.20 	0.0075699 	209740 
869.70 	0.0075699 	210230 
870.20 	0.0075699 	210730 
870.70 	0.0075699 	211230 
871.20 	0.0075699 	211730 
871.70 	0.0075699 	212230 
872.20 	0.0075699 	212900 
872.70 	0.0075699 	213400 
873.20 	0.0075699 	213900 
873.70 	0.0075699 	214400 
874.20 	0.0075699 	214900 
874.70 	0.0075699 	215560 
875.20 	0.0075699 	216060 
875.70 	0.0075699 	216560 
876.20 	0.0075699 	217060 
876.70 	0.0075699 	217560 
877.20 	0.0075699 	218220 
877.70 	0.0075699 	218720 
878.20 	0.0075699 	219220 
878.70 	0.0075699 	219720 
879.20 	0.0075699 	220220 
879.70 	0.0075699 	220890 
880.20 	0.0075699 	221220 
880.70 	0.0075699 	221890 
881.20 	0.0075699 	222390 
881.70 	0.0075699 	222890 
882.20 	0.0075699 	223380 
882.70 	0.0075699 	223880 
883.20 	0.0075699 	224550 
883.70 	0.0075699 	225050 
884.20 	0.0075699 	225550 
884.70 	0.0075699 	226050 
885.20 	0.0075699 	226550 
885.70 	0.0075699 	227050 
886.20 	0.0075699 	227710 
886.70 	0.0075699 	228050 
887.20 	0.0075699 	228710 
887.70 	0.0075699 	229210 
888.20 	0.0075699 	229710 
888.70 	0.0075699 	230210 
889.20 	0.0075699 	230880 
889.70 	0.0075699 	231370 
890.20 	0.0075699 	231870 
890.70 	0.0075699 	232540 
891.20 	0.0075699 	233040 
891.70 	0.0075699 	233540 
892.20 	0.0075699 	234040 
892.70 	0.0075699 	234540 
893.20 	0.0075699 	235040 
893.70 	0.0075699 	235540 
894.20 	0.0075699 	236040 
894.70 	0.0075699 	236540 
895.20 	0.0075699 	237200 
895.70 	0.0075699 	237700 
896.20 	0.0075699 	238200 
896.70 	0.0075699 	238700 
897.20 	0.0075699 	239200 
897.70 	0.0075699 	239860 
898.20 	0.0075699 	240360 
898.70 	0.0075699 	240860 
899.20 	0.0075699 	241360 
899.70 	0.0075699 	241860 
900.20 	0.0075699 	242360 
900.70 	0.0075699 	242860 
901.20 	0.0075699 	243530 
901.70 	0.0075699 	244030 
902.20 	0.0075699 	244530 
902.70 	0.0075699 	245190 
903.20 	0.0075699 	245690 
903.70 	0.0075699 	246190 
904.20 	0.0075699 	246690 
904.70 	0.0075699 	247190 
905.20 	0.0075699 	247690 
905.70 	0.0075699 	248350 
906.20 	0.0075699 	248850 
906.70 	0.0075699 	249520 
907.20 	0.0075699 	249850 
907.70 	0.0075699 	250350 
908.20 	0.0075699 	250850 
908.70 	0.0075699 	251520 
909.20 	0.0075699 	252020 
909.70 	0.0075699 	252510 
910.20 	0.0075699 	253010 
910.70 	0.0075699 	253510 
911.20 	0.0075699 	254180 
911.70 	0.0075699 	254680 
912.20 	0.0075699 	255180 
912.70 	0.0075699 	255680 
913.20 	0.0075699 	256180 
913.70 	0.0075699 	256680 
914.20 	0.0075699 	257180 
914.70 	0.0075699 	257840 
915.20 	0.0075699 	258340 
915.70 	0.0075699 	258840 
916.20 	0.0075699 	259340 
916.70 	0.0075699 	260010 
917.20 	0.0075699 	260500 
917.70 	0.0075699 	260840 
918.20 	0.0075699 	261500 
918.70 	0.0075699 	262000 
919.20 	0.0075699 	262500 
919.70 	0.0075699 	263000 
920.20 	0.0075699 	263500 
920.70 	0.0075699 	264170 
921.20 	0.0075699 	264670 
921.70 	0.0075699 	265170 
922.20 	0.0075699 	265670 
922.70 	0.0075699 	266330 
923.20 	0.0075699 	266830 
923.70 	0.0075699 	267330 
924.20 	0.0075699 	267830 
924.70 	0.0075699 	268330 
925.20 	0.0075699 	268830 
925.70 	0.0075699 	269330 
926.20 	0.0075699 	269990 
926.70 	0.0075699 	270490 
927.20 	0.0075699 	270990 
927.70 	0.0075699 	271490 
928.20 	0.0075699 	271990 
928.70 	0.0075699 	272660 
929.20 	0.0075699 	273160 
929.70 	0.0075699 	273650 
930.20 	0.0075699 	274320 
930.70 	0.0075699 	274650 
931.20 	0.0075699 	275320 
931.70 	0.0075699 	275650 
932.20 	0.0075699 	276320 
932.70 	0.0075699 	276820 
933.20 	0.0075699 	277320 
933.70 	0.0075699 	277820 
934.20 	0.0075699 	278480 
934.70 	0.0075699 	278980 
935.20 	0.0075699 	279480 
935.70 	0.0075699 	279980 
936.20 	0.0075699 	280650 
936.70 	0.0075699 	280980 
937.20 	0.0075699 	281480 
937.70 	0.0075699 	282140 
938.20 	0.0075699 	282640 
938.70 	0.0075699 	283140 
939.20 	0.0075699 	283640 
939.70 	0.0075699 	284140 
940.20 	0.0075699 	284640 
940.70 	0.0075699 	285310 
941.20 	0.0075699 	285810 
941.70 	0.0075699 	286310 
942.20 	0.0075699 	286810 
942.70 	0.0075699 	287300 
943.20 	0.0075699 	287970 
943.70 	0.0075699 	288470 
944.20 	0.0075699 	288970 
944.28 	0.0075699 	286810 
944.60 	0.0075699 	288800 
945.10 	0.0075699 	289970 
945.60 	0.0075699 	290470 
946.10 	0.0075699 	290970 
946.60 	0.0075699 	291470 
947.10 	0.0075699 	291970 
947.60 	0.0075699 	292460 
948.10 	0.0075699 	293130 
948.60 	0.0075699 	293630 
949.10 	0.0075699 	294130 
949.60 	0.0075699 	294630 
950.10 	0.0075699 	295130 
950.60 	0.0075699 	295790 
951.10 	0.0075699 	296290 
951.60 	0.0075699 	296790 
952.10 	0.0075699 	297460 
952.60 	0.0075699 	297790 
953.10 	0.0075699 	298290 
953.60 	0.0075699 	298960 
954.10 	0.0075699 	299460 
954.60 	0.0075699 	299460 
955.10 	0.0075699 	300450 
955.60 	0.0075699 	300950 
956.10 	0.0075699 	301450 
956.60 	0.0075699 	302120 
957.10 	0.0075699 	302620 
957.60 	0.0075699 	303120 
958.10 	0.0075699 	303620 
958.60 	0.0075699 	304280 
959.10 	0.0075699 	304620 
959.60 	0.0075699 	305280 
960.10 	0.0075699 	305780 
960.60 	0.0075699 	306280 
961.10 	0.0075699 	306950 
961.60 	0.0075699 	307450 
962.10 	0.0075699 	307950 
962.60 	0.0075699 	308440 
963.10 	0.0075699 	308940 
963.60 	0.0075699 	309610 
964.10 	0.0075699 	310110 
964.60 	0.0075699 	310610 
965.10 	0.0075699 	311110 
965.60 	0.0075699 	311610 
966.10 	0.0075699 	312270 
966.60 	0.0075699 	312770 
967.10 	0.0075699 	313270 
967.60 	0.0075699 	313770 
968.10 	0.0075699 	314270 
968.60 	0.0075699 	314770 
969.10 	0.0075699 	315270 
969.60 	0.0075699 	315770 
970.10 	0.0075699 	316430 
970.60 	0.0075699 	316930 
971.10 	0.0075699 	317430 
971.60 	0.0075699 	317930 
972.00 	0.0075699 	313770 
972.17 	0.0075699 	316100 
972.48 	0.0075699 	318430 
972.98 	0.0075699 	319430 
973.48 	0.0075699 	319930 
973.98 	0.0075699 	320430 
974.48 	0.0075699 	320930 
974.98 	0.0075699 	321430 
975.48 	0.0075699 	322090 
975.98 	0.0075699 	322590 
976.48 	0.0075699 	323090 
976.98 	0.0075699 	323590 
977.48 	0.0075699 	324090 
977.98 	0.0075699 	324420 
978.48 	0.0075699 	325090 
978.98 	0.0075699 	325760 
979.48 	0.0075699 	326260 
979.98 	0.0075699 	326750 
980.48 	0.0075699 	327250 
980.98 	0.0075699 	327750 
981.48 	0.0075699 	328420 
981.98 	0.0075699 	328750 
982.48 	0.0075699 	329420 
982.98 	0.0075699 	329920 
983.48 	0.0075699 	330580 
983.98 	0.0075699 	331080 
984.48 	0.0075699 	331580 
984.98 	0.0075699 	332080 
985.48 	0.0075699 	332580 
985.98 	0.0075699 	333250 
986.48 	0.0075699 	333080 
986.98 	0.0075699 	334080 
987.48 	0.0075699 	334580 
987.98 	0.0075699 	335240 
988.48 	0.0075699 	335740 
988.98 	0.0075699 	336240 
989.48 	0.0075699 	336740 
989.98 	0.0075699 	337410 
990.48 	0.0075699 	337910 
990.98 	0.0075699 	338410 
991.47 	0.0075699 	335080 
991.48 	0.0075699 	331250 
991.52 	0.0075699 	333580 
991.75 	0.0075699 	336080 
991.98 	0.0075699 	338410 
992.48 	0.0075699 	338910 
992.62 	0.0075699 	336080 
992.85 	0.0075699 	338410 
993.10 	0.0075699 	334410 
993.12 	0.0075699 	323260 
993.13 	0.0075699 	308610 
993.15 	0.0075699 	269830 
993.17 	0.0075699 	126840 
