Tempo(s)	Deformação(mm)	Força(N)
0.016667 	0.00000 	332.91 
0.51667 	0.00000 	166.46 
0.90000 	0.00010662 	832.28 
1.4000 	0.00010662 	832.28 
1.9000 	0.00021324 	1498.1 
2.4000 	0.00031985 	1664.6 
2.9000 	0.00042647 	2330.4 
3.4000 	0.00053309 	2663.3 
3.8500 	0.00063971 	3329.1 
4.3500 	0.00085294 	3828.5 
4.8500 	0.00095956 	4161.4 
5.2500 	0.0011728 	4827.2 
5.7500 	0.0012794 	5160.2 
6.2167 	0.0013860 	5826.0 
6.7167 	0.0015993 	6158.9 
7.2167 	0.0017059 	6824.7 
7.7167 	0.0019191 	7324.1 
8.2167 	0.0021324 	7823.5 
8.7167 	0.0022390 	8322.8 
9.2167 	0.0023456 	8822.2 
9.7167 	0.0025588 	9321.6 
10.200 	0.0027721 	9987.4 
10.700 	0.0028787 	10487 
11.200 	0.0030919 	10820 
11.700 	0.0031985 	11319 
12.200 	0.0033052 	11652 
12.700 	0.0034118 	11985 
13.200 	0.0036250 	12484 
13.517 	0.0037316 	13150 
14.017 	0.0039449 	13649 
14.517 	0.0041581 	14149 
15.000 	0.0042647 	14815 
15.500 	0.0042647 	15314 
16.000 	0.0044780 	15813 
16.483 	0.0044780 	16479 
16.983 	0.0045846 	16979 
17.483 	0.0046912 	17312 
17.833 	0.0046912 	17977 
18.333 	0.0047978 	18477 
18.833 	0.0047978 	18976 
19.333 	0.0050111 	19475 
19.833 	0.0050111 	19975 
20.333 	0.0051177 	20474 
20.833 	0.0052243 	20974 
21.333 	0.0053309 	21473 
21.783 	0.0054375 	22139 
22.283 	0.0054375 	22305 
22.783 	0.0055441 	22472 
23.283 	0.0054375 	22472 
23.783 	0.0055441 	22638 
24.283 	0.0055441 	22638 
24.783 	0.0055441 	22472 
25.283 	0.0055441 	22638 
25.783 	0.0055441 	22472 
26.283 	0.0054375 	22472 
26.783 	0.0055441 	22638 
27.283 	0.0055441 	22472 
27.783 	0.0055441 	22638 
28.283 	0.0055441 	22638 
28.783 	0.0055441 	22638 
29.283 	0.0055441 	22638 
29.783 	0.0055441 	22638 
30.283 	0.0055441 	22472 
30.783 	0.0055441 	22472 
31.283 	0.0055441 	22638 
31.783 	0.0055441 	22638 
32.283 	0.0055441 	22638 
32.783 	0.0055441 	22805 
33.283 	0.0055441 	22638 
33.783 	0.0055441 	22638 
34.283 	0.0055441 	22638 
34.783 	0.0055441 	22638 
35.283 	0.0055441 	22638 
35.783 	0.0055441 	22472 
36.283 	0.0055441 	22638 
36.783 	0.0055441 	22638 
37.283 	0.0055441 	22638 
37.783 	0.0055441 	22638 
38.283 	0.0055441 	22638 
38.783 	0.0055441 	22638 
39.283 	0.0055441 	22638 
39.783 	0.0055441 	22638 
40.283 	0.0055441 	22638 
40.783 	0.0055441 	22472 
41.283 	0.0055441 	22638 
41.783 	0.0055441 	22638 
42.283 	0.0055441 	22805 
42.783 	0.0055441 	22638 
43.283 	0.0055441 	22638 
43.783 	0.0055441 	22638 
44.283 	0.0055441 	22638 
44.783 	0.0055441 	22805 
45.283 	0.0055441 	22638 
45.783 	0.0055441 	22638 
46.283 	0.0055441 	22638 
46.783 	0.0055441 	22805 
47.283 	0.0055441 	22638 
47.783 	0.0055441 	22638 
48.283 	0.0055441 	22472 
48.783 	0.0055441 	22638 
49.283 	0.0055441 	22638 
49.783 	0.0055441 	22805 
50.283 	0.0055441 	22638 
50.783 	0.0055441 	22638 
51.283 	0.0055441 	22638 
51.783 	0.0055441 	22638 
52.283 	0.0055441 	22638 
52.783 	0.0055441 	22638 
53.283 	0.0055441 	22638 
53.783 	0.0054375 	22638 
54.283 	0.0055441 	22472 
54.783 	0.0055441 	22472 
55.283 	0.0055441 	22638 
55.783 	0.0055441 	22638 
56.283 	0.0055441 	22638 
56.783 	0.0055441 	22638 
57.283 	0.0055441 	22638 
57.783 	0.0055441 	22638 
58.283 	0.0055441 	22638 
58.783 	0.0055441 	22638 
59.283 	0.0055441 	22638 
59.783 	0.0054375 	22638 
60.283 	0.0055441 	22805 
60.783 	0.0055441 	22638 
61.283 	0.0055441 	22472 
61.783 	0.0055441 	22472 
62.283 	0.0055441 	22638 
62.783 	0.0055441 	22638 
63.283 	0.0055441 	22638 
63.783 	0.0055441 	22805 
64.283 	0.0055441 	22638 
64.783 	0.0055441 	22638 
65.283 	0.0054375 	22638 
65.783 	0.0054375 	22638 
66.283 	0.0055441 	22472 
66.783 	0.0055441 	22638 
67.283 	0.0054375 	22638 
67.783 	0.0055441 	22638 
68.283 	0.0055441 	22638 
68.783 	0.0055441 	22638 
69.283 	0.0055441 	22638 
69.783 	0.0055441 	22638 
70.283 	0.0055441 	22805 
70.783 	0.0055441 	22638 
71.283 	0.0054375 	22638 
71.783 	0.0055441 	22638 
72.283 	0.0055441 	22638 
72.783 	0.0055441 	22638 
73.283 	0.0054375 	22638 
73.783 	0.0055441 	22638 
74.283 	0.0055441 	22638 
74.783 	0.0055441 	22638 
75.283 	0.0055441 	22638 
75.783 	0.0055441 	22638 
76.283 	0.0055441 	22638 
76.783 	0.0055441 	22638 
77.283 	0.0055441 	22638 
77.783 	0.0055441 	22638 
78.283 	0.0055441 	22638 
78.783 	0.0055441 	22472 
79.283 	0.0055441 	22638 
79.783 	0.0055441 	22638 
80.283 	0.0055441 	22805 
80.783 	0.0055441 	22638 
81.283 	0.0055441 	22638 
81.783 	0.0055441 	22472 
82.283 	0.0055441 	22638 
82.783 	0.0055441 	22305 
83.083 	0.0055441 	21639 
83.583 	0.0054375 	21306 
84.083 	0.0054375 	20807 
84.583 	0.0054375 	20308 
85.083 	0.0053309 	19808 
85.583 	0.0052243 	19309 
86.083 	0.0052243 	18976 
86.583 	0.0051177 	18643 
87.083 	0.0051177 	18144 
87.583 	0.0049044 	17644 
88.067 	0.0047978 	16979 
88.567 	0.0045846 	16646 
88.967 	0.0045846 	15980 
89.467 	0.0043713 	15647 
89.967 	0.0042647 	15148 
90.467 	0.0040515 	14648 
90.967 	0.0039449 	14315 
91.467 	0.0038383 	13982 
91.967 	0.0037316 	13649 
92.467 	0.0036250 	13150 
92.950 	0.0034118 	12484 
93.450 	0.0031985 	11985 
93.850 	0.0030919 	11319 
94.350 	0.0028787 	10820 
94.850 	0.0027721 	10154 
95.350 	0.0025588 	9820.9 
95.783 	0.0024522 	9155.1 
96.283 	0.0022390 	8822.2 
96.767 	0.0021324 	8156.4 
97.267 	0.0019191 	7657.0 
97.767 	0.0018125 	7324.1 
98.267 	0.0017059 	6824.7 
98.767 	0.0014927 	6325.4 
99.267 	0.0013860 	5826.0 
99.767 	0.0012794 	5326.6 
100.27 	0.0011728 	4827.2 
100.77 	0.0010662 	4161.4 
101.27 	0.00095956 	3995.0 
101.62 	0.00085294 	3329.1 
102.12 	0.00074633 	3162.7 
102.62 	0.00063971 	2663.3 
103.00 	0.00053309 	1997.5 
103.50 	0.00053309 	1831.0 
104.00 	0.00053309 	1498.1 
104.50 	0.00042647 	1331.7 
105.00 	0.00053309 	1331.7 
105.50 	0.00053309 	1331.7 
106.00 	0.00053309 	1165.2 
106.50 	0.00053309 	998.74 
107.00 	0.00063971 	1165.2 
107.50 	0.00053309 	1165.2 
108.00 	0.00053309 	998.74 
108.50 	0.00053309 	998.74 
109.00 	0.00053309 	832.28 
109.50 	0.00053309 	832.28 
110.00 	0.00053309 	998.74 
110.50 	0.00053309 	998.74 
111.00 	0.00053309 	998.74 
111.50 	0.00053309 	998.74 
112.00 	0.00053309 	1165.2 
112.50 	0.00053309 	998.74 
113.00 	0.00053309 	1165.2 
113.50 	0.00053309 	998.74 
114.00 	0.00053309 	998.74 
114.50 	0.00053309 	1165.2 
115.00 	0.00053309 	998.74 
115.50 	0.00053309 	998.74 
116.00 	0.00053309 	832.28 
116.50 	0.00053309 	832.28 
117.00 	0.00053309 	832.28 
117.50 	0.00053309 	998.74 
118.00 	0.00063971 	1165.2 
118.50 	0.00053309 	1165.2 
119.00 	0.00053309 	1165.2 
119.50 	0.00053309 	1165.2 
120.00 	0.00053309 	1165.2 
120.50 	0.00053309 	998.74 
121.00 	0.00053309 	998.74 
121.50 	0.00053309 	832.28 
122.00 	0.00053309 	998.74 
122.50 	0.00053309 	998.74 
123.00 	0.00053309 	998.74 
123.50 	0.00053309 	1165.2 
124.00 	0.00053309 	1165.2 
124.50 	0.00053309 	998.74 
125.00 	0.00053309 	1165.2 
125.50 	0.00053309 	998.74 
126.00 	0.00053309 	832.28 
126.50 	0.00053309 	998.74 
127.00 	0.00053309 	998.74 
127.50 	0.00053309 	998.74 
128.00 	0.00053309 	1165.2 
128.50 	0.00053309 	1165.2 
129.00 	0.00053309 	998.74 
129.50 	0.00053309 	832.28 
130.00 	0.00053309 	998.74 
130.50 	0.00053309 	998.74 
131.00 	0.00053309 	1165.2 
131.50 	0.00053309 	998.74 
132.00 	0.00053309 	1165.2 
132.50 	0.00053309 	1165.2 
133.00 	0.00053309 	1165.2 
133.50 	0.00053309 	998.74 
134.00 	0.00053309 	998.74 
134.50 	0.00053309 	832.28 
135.00 	0.00053309 	998.74 
135.50 	0.00053309 	998.74 
136.00 	0.00053309 	1165.2 
136.50 	0.00053309 	832.28 
137.00 	0.00053309 	998.74 
137.50 	0.00053309 	1165.2 
138.00 	0.00053309 	1165.2 
138.50 	0.00053309 	1165.2 
139.00 	0.00053309 	1165.2 
139.50 	0.00053309 	998.74 
140.00 	0.00053309 	998.74 
140.50 	0.00053309 	832.28 
141.00 	0.00053309 	832.28 
141.50 	0.00053309 	998.74 
142.00 	0.00053309 	998.74 
142.50 	0.00053309 	998.74 
143.00 	0.00053309 	1165.2 
143.50 	0.00053309 	998.74 
144.00 	0.00053309 	832.28 
144.50 	0.00053309 	832.28 
145.00 	0.00053309 	832.28 
145.50 	0.00053309 	998.74 
146.00 	0.00053309 	998.74 
146.50 	0.00053309 	1165.2 
147.00 	0.00053309 	998.74 
147.50 	0.00053309 	1165.2 
148.00 	0.00053309 	1165.2 
148.50 	0.00053309 	1165.2 
149.00 	0.00053309 	665.83 
149.50 	0.00053309 	998.74 
150.00 	0.00042647 	1165.2 
150.50 	0.00053309 	998.74 
151.00 	0.00053309 	998.74 
151.50 	0.00053309 	998.74 
152.00 	0.00053309 	998.74 
152.50 	0.00053309 	998.74 
153.00 	0.00053309 	998.74 
153.50 	0.00053309 	832.28 
154.00 	0.00053309 	832.28 
154.50 	0.00053309 	998.74 
155.00 	0.00053309 	998.74 
155.50 	0.00053309 	998.74 
156.00 	0.00053309 	998.74 
156.50 	0.00053309 	998.74 
157.00 	0.00053309 	998.74 
157.50 	0.00053309 	998.74 
158.00 	0.00053309 	998.74 
158.50 	0.00053309 	998.74 
159.00 	0.00053309 	998.74 
159.50 	0.00053309 	1165.2 
160.00 	0.00053309 	998.74 
160.50 	0.00053309 	998.74 
161.00 	0.00053309 	1165.2 
161.50 	0.00053309 	998.74 
162.00 	0.00053309 	998.74 
162.50 	0.00053309 	998.74 
163.00 	0.00053309 	998.74 
163.50 	0.00053309 	998.74 
164.00 	0.00053309 	998.74 
164.50 	0.00053309 	832.28 
165.00 	0.00053309 	998.74 
165.50 	0.00063971 	998.74 
166.00 	0.00053309 	998.74 
166.38 	0.00053309 	1664.6 
166.88 	0.00053309 	1997.5 
167.38 	0.00063971 	2330.4 
167.88 	0.00074633 	2496.9 
168.38 	0.00085294 	2829.8 
168.88 	0.00095956 	3495.6 
169.38 	0.0010662 	3828.5 
169.83 	0.0010662 	4494.3 
170.33 	0.0011728 	4827.2 
170.72 	0.0012794 	5493.1 
171.22 	0.0013860 	5659.5 
171.65 	0.0013860 	6325.4 
172.15 	0.0014927 	6824.7 
172.65 	0.0015993 	7324.1 
173.15 	0.0017059 	7823.5 
173.65 	0.0018125 	8322.8 
174.15 	0.0019191 	8822.2 
174.63 	0.0019191 	9488.0 
175.13 	0.0021324 	9820.9 
175.60 	0.0021324 	10487 
176.10 	0.0022390 	10820 
176.60 	0.0023456 	11319 
177.10 	0.0024522 	11652 
177.60 	0.0024522 	11985 
178.10 	0.0025588 	12484 
178.48 	0.0027721 	13150 
178.98 	0.0028787 	13649 
179.48 	0.0029853 	14149 
179.93 	0.0030919 	14815 
180.43 	0.0031985 	15148 
180.83 	0.0033052 	15813 
181.33 	0.0034118 	16313 
181.83 	0.0036250 	16812 
182.33 	0.0037316 	17312 
182.73 	0.0038383 	17977 
183.23 	0.0039449 	18310 
183.65 	0.0040515 	18976 
184.15 	0.0041581 	19309 
184.65 	0.0043713 	19975 
185.15 	0.0044780 	20474 
185.65 	0.0045846 	20974 
186.15 	0.0047978 	21306 
186.60 	0.0049044 	21972 
187.10 	0.0050111 	22305 
187.60 	0.0050111 	22472 
188.10 	0.0051177 	22638 
188.60 	0.0051177 	22638 
189.10 	0.0051177 	22638 
189.60 	0.0051177 	22805 
190.10 	0.0051177 	22638 
190.60 	0.0050111 	22472 
191.10 	0.0051177 	22638 
191.60 	0.0051177 	22638 
192.10 	0.0051177 	22638 
192.60 	0.0050111 	22638 
193.10 	0.0050111 	22638 
193.60 	0.0051177 	22638 
194.10 	0.0051177 	22472 
194.60 	0.0050111 	22472 
195.10 	0.0050111 	22472 
195.60 	0.0050111 	22638 
196.10 	0.0051177 	22638 
196.60 	0.0050111 	22638 
197.10 	0.0050111 	22638 
197.60 	0.0050111 	22638 
198.10 	0.0051177 	22638 
198.60 	0.0051177 	22638 
199.10 	0.0050111 	22805 
199.60 	0.0050111 	22638 
200.10 	0.0050111 	22638 
200.60 	0.0050111 	22638 
201.10 	0.0050111 	22472 
201.60 	0.0050111 	22638 
202.10 	0.0051177 	22638 
202.60 	0.0050111 	22638 
203.10 	0.0050111 	22472 
203.60 	0.0050111 	22472 
204.10 	0.0050111 	22472 
204.60 	0.0050111 	22638 
205.10 	0.0051177 	22638 
205.60 	0.0050111 	22805 
206.10 	0.0050111 	22638 
206.60 	0.0050111 	22638 
207.10 	0.0050111 	22638 
207.60 	0.0050111 	22638 
208.10 	0.0050111 	22638 
208.60 	0.0050111 	22638 
209.10 	0.0050111 	22638 
209.60 	0.0050111 	22638 
210.10 	0.0050111 	22638 
210.60 	0.0050111 	22638 
211.10 	0.0051177 	22472 
211.60 	0.0050111 	22638 
212.10 	0.0050111 	22638 
212.60 	0.0051177 	22805 
213.10 	0.0050111 	22638 
213.60 	0.0050111 	22472 
214.10 	0.0050111 	22638 
214.60 	0.0050111 	22638 
215.10 	0.0050111 	22638 
215.60 	0.0050111 	22638 
216.10 	0.0050111 	22638 
216.60 	0.0050111 	22638 
217.10 	0.0050111 	22638 
217.60 	0.0050111 	22638 
218.10 	0.0050111 	22472 
218.60 	0.0050111 	22638 
219.10 	0.0050111 	22638 
219.60 	0.0050111 	22638 
220.10 	0.0050111 	22638 
220.60 	0.0050111 	22638 
221.10 	0.0050111 	22638 
221.60 	0.0051177 	22638 
222.10 	0.0050111 	22638 
222.60 	0.0050111 	22638 
223.10 	0.0051177 	22638 
223.60 	0.0050111 	22638 
224.10 	0.0050111 	22638 
224.60 	0.0051177 	22638 
225.10 	0.0050111 	22638 
225.60 	0.0051177 	22638 
226.10 	0.0050111 	22638 
226.60 	0.0051177 	22638 
227.10 	0.0050111 	22638 
227.60 	0.0050111 	22805 
228.10 	0.0050111 	22638 
228.60 	0.0051177 	22638 
229.10 	0.0050111 	22638 
229.60 	0.0050111 	22472 
230.10 	0.0050111 	22638 
230.60 	0.0050111 	22638 
231.10 	0.0050111 	22638 
231.60 	0.0051177 	22638 
232.10 	0.0050111 	22638 
232.60 	0.0051177 	22638 
233.10 	0.0050111 	22638 
233.60 	0.0050111 	22638 
234.10 	0.0050111 	22638 
234.60 	0.0050111 	22638 
235.10 	0.0050111 	22638 
235.60 	0.0051177 	22638 
236.10 	0.0051177 	22638 
236.60 	0.0050111 	22638 
237.10 	0.0051177 	22638 
237.60 	0.0050111 	22638 
238.10 	0.0050111 	22805 
238.60 	0.0050111 	22638 
239.10 	0.0050111 	22638 
239.60 	0.0050111 	22638 
240.10 	0.0050111 	22638 
240.60 	0.0050111 	22638 
241.10 	0.0050111 	22638 
241.60 	0.0051177 	22638 
242.10 	0.0050111 	22638 
242.60 	0.0050111 	22638 
243.10 	0.0050111 	22638 
243.60 	0.0050111 	22638 
244.10 	0.0050111 	22638 
244.60 	0.0050111 	22638 
245.10 	0.0050111 	22638 
245.60 	0.0050111 	22638 
246.10 	0.0050111 	22805 
246.60 	0.0050111 	22805 
247.10 	0.0050111 	22638 
247.57 	0.0050111 	21972 
248.07 	0.0050111 	21473 
248.57 	0.0050111 	20974 
249.07 	0.0049044 	20641 
249.57 	0.0049044 	20141 
250.07 	0.0047978 	19642 
250.57 	0.0047978 	19143 
251.07 	0.0046912 	18810 
251.57 	0.0046912 	18310 
252.07 	0.0044780 	17977 
252.53 	0.0043713 	17312 
253.03 	0.0041581 	16812 
253.53 	0.0040515 	16313 
254.03 	0.0039449 	15813 
254.53 	0.0037316 	15480 
255.03 	0.0036250 	14815 
255.53 	0.0035184 	14648 
256.03 	0.0034118 	14149 
256.53 	0.0033052 	13816 
256.98 	0.0031985 	13150 
257.48 	0.0030919 	12817 
257.93 	0.0028787 	12151 
258.43 	0.0026655 	11486 
258.93 	0.0024522 	10986 
259.43 	0.0023456 	10487 
259.93 	0.0021324 	9987.4 
260.43 	0.0020257 	9488.0 
260.93 	0.0018125 	8988.7 
261.43 	0.0017059 	8489.3 
261.93 	0.0014927 	7989.9 
262.35 	0.0013860 	7324.1 
262.85 	0.0012794 	6991.2 
263.35 	0.0011728 	6658.3 
263.67 	0.0010662 	5992.4 
264.17 	0.00085294 	5659.5 
264.67 	0.00074633 	5326.6 
265.03 	0.00063971 	4660.8 
265.53 	0.00053309 	4494.3 
265.93 	0.00042647 	3828.5 
266.43 	0.00031985 	3495.6 
266.93 	0.00021324 	3162.7 
267.38 	0.00010662 	2496.9 
267.88 	0.00000 	1997.5 
268.38 	-0.0001068 	1664.6 
268.88 	-0.0001068 	1498.1 
269.38 	-0.0001068 	1331.7 
269.88 	-0.0001068 	1498.1 
270.38 	-0.0002136 	1331.7 
270.88 	-0.0002136 	1165.2 
271.38 	-0.0002136 	998.74 
271.88 	-0.0002136 	1165.2 
272.38 	-0.0002136 	1165.2 
272.88 	-0.0002136 	1165.2 
273.38 	-0.0002136 	1165.2 
273.88 	-0.0002136 	1165.2 
274.38 	-0.0003204 	1165.2 
274.88 	-0.0002136 	1165.2 
275.38 	-0.0002136 	998.74 
275.88 	-0.0002136 	998.74 
276.38 	-0.0002136 	998.74 
276.88 	-0.0002136 	832.28 
277.38 	-0.0002136 	998.74 
277.88 	-0.0003204 	832.28 
278.38 	-0.0003204 	998.74 
278.88 	-0.0002136 	998.74 
279.38 	-0.0003204 	998.74 
279.88 	-0.0003204 	1165.2 
280.38 	-0.0003204 	1165.2 
280.88 	-0.0003204 	1165.2 
281.38 	-0.0003204 	998.74 
281.88 	-0.0003204 	998.74 
282.38 	-0.0002136 	998.74 
282.88 	-0.0003204 	998.74 
283.38 	-0.0003204 	832.28 
283.88 	-0.0003204 	998.74 
284.38 	-0.0002136 	998.74 
284.88 	-0.0003204 	1165.2 
285.38 	-0.0002136 	998.74 
285.88 	-0.0003204 	998.74 
286.38 	-0.0002136 	998.74 
286.88 	-0.0002136 	832.28 
287.38 	-0.0002136 	998.74 
287.88 	-0.0002136 	998.74 
288.38 	-0.0003204 	1165.2 
288.88 	-0.0003204 	998.74 
289.38 	-0.0002136 	998.74 
289.88 	-0.0002136 	1165.2 
290.38 	-0.0002136 	998.74 
290.88 	-0.0002136 	1165.2 
291.38 	-0.0002136 	998.74 
291.88 	-0.0002136 	832.28 
292.38 	-0.0002136 	998.74 
292.88 	-0.0002136 	998.74 
293.38 	-0.0002136 	998.74 
293.88 	-0.0002136 	998.74 
294.38 	-0.0003204 	998.74 
294.88 	-0.0003204 	832.28 
295.38 	-0.0002136 	998.74 
295.88 	-0.0002136 	998.74 
296.38 	-0.0002136 	832.28 
296.88 	-0.0002136 	998.74 
297.38 	-0.0002136 	998.74 
297.88 	-0.0002136 	998.74 
298.38 	-0.0002136 	832.28 
298.88 	-0.0002136 	832.28 
299.38 	-0.0002136 	998.74 
299.88 	-0.0002136 	998.74 
300.38 	-0.0003204 	998.74 
300.88 	-0.0002136 	998.74 
301.38 	-0.0003204 	998.74 
301.88 	-0.0002136 	1165.2 
302.38 	-0.0003204 	998.74 
302.88 	-0.0002136 	1165.2 
303.38 	-0.0002136 	1165.2 
303.88 	-0.0003204 	998.74 
304.38 	-0.0002136 	832.28 
304.88 	-0.0002136 	832.28 
305.38 	-0.0002136 	998.74 
305.88 	-0.0002136 	998.74 
306.38 	-0.0003204 	998.74 
306.88 	-0.0002136 	998.74 
307.38 	-0.0002136 	998.74 
307.88 	-0.0002136 	832.28 
308.38 	-0.0002136 	998.74 
308.88 	-0.0002136 	832.28 
309.38 	-0.0002136 	998.74 
309.88 	-0.0002136 	998.74 
310.38 	-0.0003204 	998.74 
310.88 	-0.0002136 	998.74 
311.38 	-0.0003204 	1165.2 
311.88 	-0.0002136 	1165.2 
312.38 	-0.0002136 	998.74 
312.88 	-0.0003204 	998.74 
313.38 	-0.0003204 	998.74 
313.88 	-0.0003204 	832.28 
314.38 	-0.0002136 	998.74 
314.88 	-0.0002136 	998.74 
315.38 	-0.0003204 	998.74 
315.88 	-0.0003204 	998.74 
316.38 	-0.0003204 	998.74 
316.88 	-0.0002136 	998.74 
317.38 	-0.0003204 	998.74 
317.88 	-0.0003204 	832.28 
318.38 	-0.0002136 	998.74 
318.88 	-0.0002136 	1165.2 
319.38 	-0.0003204 	1165.2 
319.88 	-0.0002136 	1165.2 
320.38 	-0.0003204 	998.74 
320.88 	-0.0003204 	998.74 
321.38 	-0.0003204 	998.74 
321.88 	-0.0003204 	832.28 
322.38 	-0.0003204 	832.28 
322.88 	-0.0003204 	998.74 
323.38 	-0.0003204 	998.74 
323.88 	-0.0003204 	998.74 
324.38 	-0.0003204 	1165.2 
324.88 	-0.0003204 	1165.2 
325.38 	-0.0003204 	832.28 
325.88 	-0.0003204 	998.74 
326.38 	-0.0003204 	998.74 
326.88 	-0.0003204 	998.74 
327.38 	-0.0002136 	1165.2 
327.88 	-0.0002136 	1165.2 
328.38 	-0.0002136 	1165.2 
328.88 	-0.0003204 	998.74 
329.38 	-0.0003204 	998.74 
329.88 	-0.0002136 	998.74 
330.38 	-0.0002136 	832.28 
330.87 	-0.0002136 	1498.1 
331.37 	-0.0002136 	1831.0 
331.87 	-0.0002136 	2496.9 
332.37 	-0.0001068 	2663.3 
332.87 	0.00000 	2996.2 
333.37 	0.00010662 	3495.6 
333.87 	0.00021324 	3995.0 
334.33 	0.00042647 	4660.8 
334.83 	0.00053309 	4993.7 
335.33 	0.00063971 	5493.1 
335.83 	0.00074633 	5992.4 
336.33 	0.00085294 	6491.8 
336.83 	0.00095956 	6824.7 
337.20 	0.0010662 	7490.6 
337.70 	0.0011728 	7989.9 
338.20 	0.0012794 	8489.3 
338.70 	0.0013860 	8988.7 
339.20 	0.0014927 	9488.0 
339.70 	0.0015993 	10154 
340.20 	0.0017059 	10653 
340.70 	0.0019191 	10986 
341.20 	0.0020257 	11319 
341.70 	0.0020257 	11652 
342.20 	0.0021324 	11985 
342.57 	0.0022390 	12651 
343.07 	0.0024522 	13150 
343.43 	0.0025588 	13816 
343.93 	0.0026655 	14315 
344.43 	0.0027721 	14815 
344.93 	0.0029853 	15314 
345.43 	0.0030919 	15980 
345.93 	0.0033052 	16479 
346.43 	0.0034118 	16979 
346.93 	0.0035184 	17644 
347.43 	0.0037316 	17977 
347.80 	0.0038383 	18643 
348.30 	0.0039449 	18976 
348.80 	0.0040515 	19642 
349.30 	0.0042647 	19975 
349.70 	0.0043713 	20641 
350.20 	0.0044780 	20974 
350.70 	0.0045846 	21473 
351.20 	0.0047978 	21972 
351.70 	0.0047978 	22305 
352.20 	0.0050111 	22638 
352.70 	0.0050111 	22638 
353.20 	0.0050111 	22638 
353.70 	0.0050111 	22638 
354.20 	0.0050111 	22638 
354.70 	0.0050111 	22638 
355.20 	0.0050111 	22638 
355.70 	0.0049044 	22638 
356.20 	0.0049044 	22472 
356.70 	0.0050111 	22638 
357.20 	0.0050111 	22638 
357.70 	0.0050111 	22638 
358.20 	0.0050111 	22638 
358.70 	0.0050111 	22472 
359.20 	0.0050111 	22638 
359.70 	0.0050111 	22638 
360.20 	0.0050111 	22638 
360.70 	0.0049044 	22472 
361.20 	0.0050111 	22472 
361.70 	0.0050111 	22638 
362.20 	0.0050111 	22638 
362.70 	0.0050111 	22638 
363.20 	0.0050111 	22638 
363.70 	0.0049044 	22638 
364.20 	0.0050111 	22638 
364.70 	0.0049044 	22638 
365.20 	0.0049044 	22638 
365.70 	0.0049044 	22638 
366.20 	0.0050111 	22805 
366.70 	0.0050111 	22638 
367.20 	0.0049044 	22638 
367.70 	0.0050111 	22638 
368.20 	0.0050111 	22638 
368.70 	0.0050111 	22805 
369.20 	0.0049044 	22638 
369.70 	0.0050111 	22638 
370.20 	0.0050111 	22638 
370.70 	0.0050111 	22638 
371.20 	0.0050111 	22638 
371.70 	0.0049044 	22805 
372.20 	0.0050111 	22805 
372.70 	0.0050111 	22638 
373.20 	0.0050111 	22638 
373.70 	0.0050111 	22638 
374.20 	0.0050111 	22638 
374.70 	0.0050111 	22638 
375.20 	0.0050111 	22638 
375.70 	0.0049044 	22472 
376.20 	0.0050111 	22638 
376.70 	0.0050111 	22472 
377.20 	0.0050111 	22638 
377.70 	0.0050111 	22638 
378.20 	0.0050111 	22638 
378.70 	0.0049044 	22638 
379.20 	0.0050111 	22638 
379.70 	0.0050111 	22638 
380.20 	0.0050111 	22638 
380.70 	0.0050111 	22638 
381.20 	0.0050111 	22638 
381.70 	0.0049044 	22638 
382.20 	0.0050111 	22805 
382.70 	0.0050111 	22638 
383.20 	0.0050111 	22638 
383.70 	0.0050111 	22638 
384.20 	0.0050111 	22638 
384.70 	0.0050111 	22805 
385.20 	0.0050111 	22638 
385.70 	0.0050111 	22638 
386.20 	0.0050111 	22638 
386.70 	0.0050111 	22638 
387.20 	0.0050111 	22638 
387.70 	0.0050111 	22638 
388.20 	0.0050111 	22638 
388.70 	0.0050111 	22638 
389.20 	0.0050111 	22638 
389.70 	0.0050111 	22638 
390.20 	0.0050111 	22638 
390.70 	0.0050111 	22805 
391.20 	0.0050111 	22638 
391.70 	0.0050111 	22638 
392.20 	0.0050111 	22638 
392.70 	0.0050111 	22638 
393.20 	0.0050111 	22638 
393.70 	0.0050111 	22638 
394.20 	0.0050111 	22638 
394.70 	0.0050111 	22638 
395.20 	0.0050111 	22638 
395.70 	0.0050111 	22638 
396.20 	0.0050111 	22472 
396.70 	0.0050111 	22638 
397.20 	0.0049044 	22638 
397.70 	0.0050111 	22638 
398.20 	0.0050111 	22638 
398.70 	0.0050111 	22638 
399.20 	0.0050111 	22805 
399.70 	0.0049044 	22805 
400.20 	0.0049044 	22638 
400.70 	0.0050111 	22638 
401.20 	0.0050111 	22638 
401.70 	0.0049044 	22638 
402.20 	0.0050111 	22638 
402.70 	0.0050111 	22638 
403.20 	0.0049044 	22305 
403.70 	0.0050111 	22472 
404.20 	0.0050111 	22638 
404.70 	0.0049044 	22638 
405.20 	0.0050111 	22638 
405.70 	0.0050111 	22638 
406.20 	0.0050111 	22638 
406.70 	0.0050111 	22638 
407.20 	0.0050111 	22638 
407.70 	0.0050111 	22638 
408.20 	0.0049044 	22638 
408.70 	0.0049044 	22638 
409.20 	0.0049044 	22472 
409.70 	0.0049044 	22472 
410.20 	0.0050111 	22638 
410.70 	0.0050111 	22638 
411.20 	0.0050111 	22638 
411.70 	0.0049044 	22638 
411.97 	0.0050111 	21972 
412.47 	0.0049044 	21639 
412.92 	0.0049044 	20974 
413.42 	0.0049044 	20641 
413.92 	0.0049044 	20308 
414.40 	0.0047978 	19642 
414.90 	0.0046912 	19309 
415.40 	0.0046912 	18976 
415.90 	0.0045846 	18477 
416.40 	0.0044780 	18144 
416.83 	0.0043713 	17478 
417.33 	0.0041581 	16979 
417.83 	0.0040515 	16479 
418.33 	0.0039449 	15980 
418.83 	0.0037316 	15480 
419.33 	0.0036250 	14981 
419.83 	0.0034118 	14648 
420.33 	0.0034118 	14149 
420.83 	0.0033052 	13816 
421.33 	0.0030919 	13483 
421.83 	0.0029853 	12984 
422.27 	0.0028787 	12318 
422.77 	0.0026655 	11818 
423.13 	0.0024522 	11153 
423.63 	0.0023456 	10820 
424.10 	0.0021324 	10154 
424.60 	0.0020257 	9820.9 
425.05 	0.0018125 	9155.1 
425.55 	0.0017059 	8822.2 
426.05 	0.0015993 	8156.4 
426.55 	0.0013860 	7823.5 
426.93 	0.0012794 	7157.6 
427.43 	0.0011728 	6824.7 
427.93 	0.0010662 	6325.4 
428.43 	0.00085294 	5826.0 
428.93 	0.00074633 	5326.6 
429.43 	0.00053309 	4993.7 
429.85 	0.00053309 	4327.9 
430.35 	0.00031985 	3995.0 
430.85 	0.00021324 	3495.6 
431.35 	0.00010662 	3162.7 
431.82 	0.00000 	2496.9 
432.32 	-0.0001068 	1997.5 
432.82 	-0.0002136 	1664.6 
433.32 	-0.0002136 	1664.6 
433.82 	-0.0002136 	1498.1 
434.32 	-0.0002136 	1165.2 
434.82 	-0.0003204 	1165.2 
435.32 	-0.0002136 	1331.7 
435.82 	-0.0003204 	998.74 
436.32 	-0.0003204 	998.74 
436.82 	-0.0003204 	1165.2 
437.32 	-0.0003204 	1165.2 
437.82 	-0.0002136 	998.74 
438.32 	-0.0003204 	1165.2 
438.82 	-0.0002136 	998.74 
439.32 	-0.0003204 	832.28 
439.82 	-0.0003204 	832.28 
440.32 	-0.0003204 	998.74 
440.82 	-0.0003204 	998.74 
441.32 	-0.0003204 	998.74 
441.82 	-0.0003204 	1165.2 
442.32 	-0.0003204 	998.74 
442.82 	-0.0003204 	1165.2 
443.32 	-0.0003204 	998.74 
443.82 	-0.0003204 	998.74 
444.32 	-0.0003204 	998.74 
444.82 	-0.0003204 	998.74 
445.32 	-0.0003204 	832.28 
445.82 	-0.0003204 	832.28 
446.32 	-0.0003204 	1165.2 
446.82 	-0.0003204 	998.74 
447.32 	-0.0003204 	1165.2 
447.82 	-0.0003204 	998.74 
448.32 	-0.0003204 	1165.2 
448.82 	-0.0003204 	998.74 
449.32 	-0.0003204 	998.74 
449.82 	-0.0003204 	998.74 
450.32 	-0.0003204 	998.74 
450.82 	-0.0003204 	832.28 
451.32 	-0.0003204 	832.28 
451.82 	-0.0003204 	832.28 
452.32 	-0.0003204 	998.74 
452.82 	-0.0003204 	1165.2 
453.32 	-0.0003204 	1165.2 
453.82 	-0.0003204 	1165.2 
454.32 	-0.0003204 	998.74 
454.82 	-0.0003204 	998.74 
455.32 	-0.0003204 	998.74 
455.82 	-0.0003204 	832.28 
456.32 	-0.0003204 	998.74 
456.82 	-0.0003204 	998.74 
457.32 	-0.0003204 	1165.2 
457.82 	-0.0003204 	1165.2 
458.32 	-0.0003204 	1165.2 
458.82 	-0.0003204 	1165.2 
459.32 	-0.0003204 	998.74 
459.82 	-0.0004273 	998.74 
460.32 	-0.0003204 	998.74 
460.82 	-0.0003204 	998.74 
461.32 	-0.0003204 	998.74 
461.82 	-0.0003204 	998.74 
462.32 	-0.0003204 	998.74 
462.82 	-0.0003204 	998.74 
463.32 	-0.0003204 	1165.2 
463.82 	-0.0003204 	998.74 
464.32 	-0.0003204 	832.28 
464.82 	-0.0003204 	832.28 
465.32 	-0.0002136 	998.74 
465.82 	-0.0003204 	998.74 
466.32 	-0.0003204 	998.74 
466.82 	-0.0003204 	1165.2 
467.32 	-0.0003204 	1165.2 
467.82 	-0.0003204 	1165.2 
468.32 	-0.0003204 	998.74 
468.82 	-0.0003204 	1165.2 
469.32 	-0.0003204 	998.74 
469.82 	-0.0003204 	998.74 
470.32 	-0.0003204 	832.28 
470.82 	-0.0003204 	832.28 
471.32 	-0.0003204 	998.74 
471.82 	-0.0003204 	998.74 
472.32 	-0.0003204 	832.28 
472.82 	-0.0003204 	998.74 
473.32 	-0.0003204 	1165.2 
473.82 	-0.0003204 	998.74 
474.32 	-0.0003204 	832.28 
474.82 	-0.0003204 	832.28 
475.32 	-0.0003204 	998.74 
475.82 	-0.0003204 	998.74 
476.32 	-0.0003204 	998.74 
476.82 	-0.0003204 	1165.2 
477.32 	-0.0003204 	998.74 
477.82 	-0.0003204 	998.74 
478.32 	-0.0003204 	998.74 
478.82 	-0.0003204 	998.74 
479.32 	-0.0003204 	832.28 
479.82 	-0.0003204 	832.28 
480.32 	-0.0003204 	832.28 
480.82 	-0.0003204 	998.74 
481.32 	-0.0003204 	998.74 
481.82 	-0.0003204 	1165.2 
482.32 	-0.0003204 	832.28 
482.82 	-0.0003204 	998.74 
483.32 	-0.0003204 	1165.2 
483.82 	-0.0003204 	998.74 
484.32 	-0.0003204 	832.28 
484.82 	-0.0003204 	832.28 
485.32 	-0.0003204 	832.28 
485.82 	-0.0004273 	998.74 
486.32 	-0.0003204 	998.74 
486.82 	-0.0003204 	998.74 
487.32 	-0.0003204 	1165.2 
487.82 	-0.0003204 	1165.2 
488.32 	-0.0004273 	998.74 
488.82 	-0.0003204 	832.28 
489.32 	-0.0003204 	832.28 
489.82 	-0.0003204 	832.28 
490.32 	-0.0003204 	832.28 
490.82 	-0.0003204 	998.74 
491.32 	-0.0003204 	998.74 
491.82 	-0.0003204 	1165.2 
492.32 	-0.0003204 	998.74 
492.82 	-0.0003204 	998.74 
493.32 	-0.0003204 	998.74 
493.82 	-0.0003204 	832.28 
494.30 	-0.0003204 	998.74 
494.80 	-0.0003204 	832.28 
495.30 	-0.0003204 	998.74 
495.80 	-0.0003204 	832.28 
496.30 	-0.0003204 	998.74 
496.80 	-0.0003204 	998.74 
497.30 	-0.0003204 	1165.2 
497.80 	-0.0003204 	1165.2 
498.30 	-0.0003204 	998.74 
498.80 	-0.0004273 	998.74 
499.30 	-0.0003204 	1165.2 
499.80 	-0.0003204 	1165.2 
500.30 	-0.0003204 	1165.2 
500.80 	-0.0004273 	832.28 
501.30 	-0.0003204 	832.28 
501.80 	-0.0003204 	998.74 
502.30 	-0.0004273 	998.74 
502.80 	-0.0003204 	832.28 
503.30 	-0.0003204 	832.28 
503.80 	-0.0003204 	998.74 
504.30 	-0.0003204 	998.74 
504.80 	-0.0003204 	1165.2 
505.30 	-0.0003204 	1165.2 
505.80 	-0.0003204 	1165.2 
506.30 	-0.0003204 	998.74 
506.80 	-0.0003204 	832.28 
507.30 	-0.0003204 	832.28 
507.80 	-0.0003204 	832.28 
508.30 	-0.0003204 	998.74 
508.80 	-0.0003204 	1165.2 
509.30 	-0.0003204 	998.74 
509.80 	-0.0003204 	998.74 
510.30 	-0.0004273 	998.74 
510.80 	-0.0003204 	998.74 
511.30 	-0.0003204 	832.28 
511.80 	-0.0003204 	998.74 
512.30 	-0.0003204 	1165.2 
512.80 	-0.0003204 	1165.2 
513.30 	-0.0003204 	998.74 
513.80 	-0.0003204 	998.74 
514.30 	-0.0003204 	998.74 
514.80 	-0.0003204 	832.28 
515.30 	-0.0003204 	998.74 
515.80 	-0.0003204 	1165.2 
516.30 	-0.0004273 	998.74 
516.80 	-0.0003204 	998.74 
517.30 	-0.0003204 	1165.2 
517.80 	-0.0004273 	1165.2 
518.30 	-0.0003204 	998.74 
518.80 	-0.0003204 	832.28 
519.30 	-0.0004273 	998.74 
519.80 	-0.0003204 	998.74 
520.30 	-0.0003204 	998.74 
520.80 	-0.0003204 	1165.2 
521.30 	-0.0003204 	1165.2 
521.80 	-0.0003204 	998.74 
522.30 	-0.0003204 	832.28 
522.80 	-0.0004273 	998.74 
523.30 	-0.0003204 	998.74 
523.80 	-0.0004273 	998.74 
524.28 	-0.0003204 	998.74 
524.78 	-0.0003204 	1165.2 
525.28 	-0.0003204 	1165.2 
525.78 	-0.0004273 	1331.7 
526.22 	-0.0004273 	1997.5 
526.72 	-0.0003204 	2163.9 
527.22 	-0.0002136 	2330.4 
527.72 	-0.0001068 	2663.3 
528.02 	0.00000 	3329.1 
528.52 	0.00010662 	3662.0 
529.02 	0.00021324 	3995.0 
529.52 	0.00031985 	4660.8 
530.02 	0.00042647 	5160.2 
530.52 	0.00053309 	5493.1 
530.97 	0.00063971 	6158.9 
531.47 	0.00074633 	6658.3 
531.97 	0.00085294 	7157.6 
532.47 	0.0010662 	7490.6 
532.97 	0.0011728 	7989.9 
533.37 	0.0011728 	8655.8 
533.87 	0.0013860 	8988.7 
534.37 	0.0014927 	9654.5 
534.87 	0.0015993 	10154 
535.37 	0.0017059 	10653 
535.87 	0.0018125 	10986 
536.37 	0.0019191 	11486 
536.87 	0.0020257 	11652 
537.37 	0.0021324 	12151 
537.73 	0.0022390 	12817 
538.23 	0.0023456 	13483 
538.73 	0.0025588 	13982 
539.22 	0.0026655 	14648 
539.72 	0.0027721 	14981 
540.22 	0.0029853 	15647 
540.72 	0.0030919 	16146 
541.22 	0.0033052 	16646 
541.67 	0.0034118 	17312 
542.17 	0.0035184 	17811 
542.67 	0.0037316 	18310 
543.17 	0.0038383 	18810 
543.67 	0.0039449 	19309 
544.17 	0.0041581 	19808 
544.65 	0.0042647 	20474 
545.15 	0.0043713 	20807 
545.65 	0.0045846 	21306 
546.15 	0.0046912 	21806 
546.65 	0.0047978 	22305 
547.15 	0.0047978 	22472 
547.65 	0.0049044 	22472 
548.15 	0.0049044 	22638 
548.65 	0.0049044 	22638 
549.15 	0.0049044 	22638 
549.65 	0.0049044 	22638 
550.15 	0.0049044 	22472 
550.65 	0.0049044 	22638 
551.15 	0.0049044 	22638 
551.65 	0.0049044 	22638 
552.15 	0.0049044 	22638 
552.65 	0.0050111 	22472 
553.15 	0.0049044 	22638 
553.65 	0.0049044 	22805 
554.15 	0.0050111 	22638 
554.65 	0.0049044 	22472 
555.15 	0.0049044 	22472 
555.65 	0.0049044 	22805 
556.15 	0.0049044 	22638 
556.65 	0.0050111 	22638 
557.15 	0.0049044 	22472 
557.65 	0.0049044 	22805 
558.15 	0.0049044 	22638 
558.65 	0.0049044 	22638 
559.15 	0.0049044 	22472 
559.65 	0.0049044 	22805 
560.15 	0.0049044 	22638 
560.65 	0.0050111 	22638 
561.15 	0.0050111 	22638 
561.65 	0.0049044 	22638 
562.15 	0.0050111 	22638 
562.65 	0.0049044 	22638 
563.15 	0.0050111 	22472 
563.65 	0.0049044 	22638 
564.15 	0.0049044 	22638 
564.65 	0.0049044 	22805 
565.15 	0.0049044 	22805 
565.65 	0.0049044 	22638 
566.15 	0.0049044 	22638 
566.65 	0.0050111 	22638 
567.15 	0.0050111 	22638 
567.65 	0.0050111 	22638 
568.15 	0.0050111 	22638 
568.65 	0.0050111 	22638 
569.15 	0.0050111 	22638 
569.65 	0.0050111 	22638 
570.15 	0.0049044 	22805 
570.65 	0.0050111 	22638 
571.15 	0.0050111 	22638 
571.65 	0.0050111 	22638 
572.15 	0.0049044 	22638 
572.65 	0.0050111 	22805 
573.15 	0.0050111 	22638 
573.65 	0.0050111 	22638 
574.15 	0.0050111 	22472 
574.65 	0.0050111 	22638 
575.15 	0.0049044 	22805 
575.65 	0.0050111 	22805 
576.15 	0.0050111 	22472 
576.65 	0.0050111 	22638 
577.15 	0.0050111 	22638 
577.65 	0.0050111 	22805 
578.15 	0.0050111 	22638 
578.65 	0.0049044 	22638 
579.15 	0.0050111 	22472 
579.65 	0.0050111 	22638 
580.15 	0.0049044 	22805 
580.65 	0.0050111 	22805 
581.15 	0.0050111 	22638 
581.65 	0.0049044 	22638 
582.15 	0.0049044 	22638 
582.65 	0.0049044 	22638 
583.15 	0.0049044 	22638 
583.65 	0.0050111 	22638 
584.15 	0.0049044 	22638 
584.65 	0.0049044 	22638 
585.15 	0.0050111 	22638 
585.65 	0.0049044 	22638 
586.15 	0.0050111 	22638 
586.65 	0.0050111 	22638 
587.15 	0.0050111 	22638 
587.65 	0.0050111 	22638 
588.15 	0.0049044 	22638 
588.65 	0.0050111 	22638 
589.15 	0.0050111 	22638 
589.65 	0.0049044 	22638 
590.15 	0.0049044 	22472 
590.65 	0.0050111 	22472 
591.15 	0.0049044 	22638 
591.65 	0.0049044 	22805 
592.15 	0.0050111 	22638 
592.65 	0.0049044 	22638 
593.15 	0.0049044 	22638 
593.65 	0.0050111 	22638 
594.15 	0.0049044 	22638 
594.65 	0.0050111 	22638 
595.15 	0.0049044 	22638 
595.65 	0.0049044 	22638 
596.15 	0.0050111 	22638 
596.65 	0.0050111 	22638 
597.15 	0.0049044 	22805 
597.65 	0.0049044 	22638 
598.15 	0.0049044 	22805 
598.65 	0.0050111 	22638 
599.15 	0.0049044 	22472 
599.65 	0.0049044 	22472 
600.15 	0.0049044 	22638 
600.65 	0.0050111 	22638 
601.15 	0.0050111 	22638 
601.65 	0.0049044 	22638 
602.15 	0.0049044 	22638 
602.65 	0.0049044 	22638 
603.15 	0.0049044 	22638 
603.65 	0.0049044 	22805 
604.15 	0.0050111 	22638 
604.65 	0.0050111 	22638 
605.15 	0.0049044 	22472 
605.65 	0.0050111 	22472 
606.15 	0.0049044 	22638 
606.60 	0.0049044 	22638 
607.10 	0.0050111 	22805 
607.60 	0.0050111 	22638 
608.10 	0.0050111 	22638 
608.60 	0.0049044 	22638 
609.10 	0.0049044 	22638 
609.60 	0.0049044 	22638 
610.10 	0.0049044 	22638 
610.60 	0.0050111 	22638 
611.10 	0.0049044 	22638 
611.60 	0.0049044 	22638 
612.10 	0.0049044 	22638 
612.60 	0.0050111 	22638 
613.10 	0.0049044 	22638 
613.60 	0.0050111 	22638 
614.10 	0.0049044 	22638 
614.60 	0.0049044 	22472 
615.10 	0.0049044 	22638 
615.60 	0.0049044 	22638 
616.10 	0.0049044 	22638 
616.60 	0.0049044 	22638 
617.10 	0.0049044 	22472 
617.60 	0.0049044 	22638 
618.10 	0.0049044 	22638 
618.60 	0.0049044 	22638 
619.10 	0.0049044 	22638 
619.60 	0.0049044 	22472 
620.10 	0.0049044 	22472 
620.60 	0.0050111 	22805 
621.10 	0.0049044 	22638 
621.60 	0.0050111 	22638 
622.10 	0.0049044 	22638 
622.60 	0.0049044 	22638 
623.10 	0.0049044 	22638 
623.60 	0.0050111 	22638 
624.10 	0.0050111 	22638 
624.60 	0.0050111 	22805 
625.10 	0.0050111 	22638 
625.60 	0.0050111 	22638 
626.10 	0.0050111 	22638 
626.60 	0.0049044 	22638 
627.10 	0.0049044 	22638 
627.60 	0.0049044 	22638 
628.10 	0.0049044 	22638 
628.60 	0.0049044 	22638 
629.10 	0.0050111 	22805 
629.60 	0.0049044 	22638 
630.10 	0.0049044 	22638 
630.60 	0.0049044 	22638 
631.10 	0.0050111 	22472 
631.60 	0.0049044 	22638 
632.10 	0.0049044 	22805 
632.60 	0.0049044 	22638 
633.10 	0.0049044 	22638 
633.60 	0.0049044 	22638 
634.10 	0.0049044 	22472 
634.60 	0.0049044 	22805 
635.10 	0.0049044 	22805 
635.60 	0.0049044 	22638 
636.10 	0.0049044 	22638 
636.58 	0.0050111 	22638 
637.08 	0.0049044 	22638 
637.58 	0.0049044 	22638 
638.08 	0.0049044 	22638 
638.58 	0.0049044 	22638 
639.08 	0.0049044 	22805 
639.58 	0.0049044 	22638 
640.08 	0.0049044 	22805 
640.58 	0.0049044 	22638 
641.08 	0.0049044 	22638 
641.58 	0.0049044 	22638 
642.08 	0.0049044 	22805 
642.58 	0.0049044 	22638 
643.08 	0.0049044 	22638 
643.58 	0.0049044 	22638 
644.08 	0.0049044 	22638 
644.58 	0.0049044 	22638 
645.08 	0.0049044 	22638 
645.58 	0.0049044 	22805 
646.08 	0.0049044 	22638 
646.58 	0.0049044 	22638 
647.08 	0.0049044 	22638 
647.58 	0.0049044 	22638 
648.08 	0.0049044 	22638 
648.58 	0.0049044 	22638 
649.08 	0.0049044 	22638 
649.58 	0.0049044 	22638 
650.08 	0.0049044 	22805 
650.58 	0.0049044 	22638 
651.08 	0.0049044 	22638 
651.58 	0.0049044 	22638 
652.08 	0.0049044 	22638 
652.58 	0.0049044 	22805 
653.08 	0.0049044 	22638 
653.58 	0.0049044 	22638 
654.08 	0.0049044 	22638 
654.58 	0.0049044 	22638 
655.08 	0.0049044 	22638 
655.58 	0.0049044 	22638 
656.08 	0.0049044 	22638 
656.58 	0.0049044 	22638 
657.08 	0.0049044 	22638 
657.58 	0.0049044 	22638 
658.08 	0.0049044 	22472 
658.58 	0.0049044 	22638 
659.08 	0.0049044 	22638 
659.58 	0.0049044 	22805 
660.08 	0.0049044 	22472 
660.58 	0.0049044 	22638 
661.08 	0.0049044 	22638 
661.58 	0.0049044 	22805 
662.08 	0.0049044 	22638 
662.58 	0.0049044 	22638 
663.08 	0.0049044 	22638 
663.58 	0.0049044 	22638 
664.08 	0.0049044 	22638 
664.58 	0.0049044 	22638 
665.08 	0.0049044 	22638 
665.58 	0.0049044 	22638 
666.08 	0.0049044 	22638 
666.58 	0.0049044 	22805 
667.08 	0.0049044 	22638 
667.58 	0.0049044 	22472 
668.08 	0.0049044 	22638 
668.58 	0.0049044 	22638 
669.08 	0.0049044 	22805 
669.58 	0.0049044 	22638 
670.08 	0.0049044 	22805 
670.58 	0.0049044 	22638 
671.08 	0.0049044 	22638 
671.58 	0.0049044 	22805 
672.08 	0.0049044 	22638 
672.58 	0.0049044 	22638 
673.08 	0.0049044 	22638 
673.58 	0.0049044 	22638 
674.08 	0.0049044 	22638 
674.58 	0.0049044 	22472 
675.08 	0.0049044 	22638 
675.58 	0.0049044 	22638 
676.08 	0.0049044 	22638 
676.58 	0.0049044 	22472 
677.08 	0.0049044 	22638 
677.58 	0.0049044 	22472 
678.08 	0.0049044 	22805 
678.58 	0.0049044 	22805 
679.08 	0.0049044 	22638 
679.58 	0.0049044 	22638 
680.08 	0.0049044 	22638 
680.58 	0.0049044 	22638 
681.08 	0.0049044 	22638 
681.58 	0.0049044 	22638 
682.08 	0.0049044 	22638 
682.58 	0.0049044 	22638 
683.08 	0.0049044 	22638 
683.58 	0.0049044 	22805 
684.08 	0.0049044 	22638 
684.58 	0.0049044 	22638 
685.08 	0.0049044 	22638 
685.58 	0.0049044 	22805 
686.08 	0.0049044 	22638 
686.58 	0.0049044 	22638 
687.08 	0.0049044 	22638 
687.58 	0.0049044 	22638 
688.08 	0.0049044 	22805 
688.58 	0.0049044 	22805 
689.08 	0.0049044 	22638 
689.58 	0.0049044 	22472 
690.08 	0.0049044 	22638 
690.58 	0.0049044 	22638 
691.08 	0.0049044 	22638 
691.58 	0.0049044 	22472 
692.08 	0.0049044 	22472 
692.58 	0.0049044 	22638 
693.08 	0.0049044 	22971 
693.58 	0.0049044 	23304 
694.08 	0.0049044 	23637 
694.58 	0.0049044 	24136 
695.08 	0.0049044 	24636 
695.55 	0.0049044 	25301 
696.05 	0.0049044 	25634 
696.55 	0.0049044 	26134 
697.05 	0.0049044 	26633 
697.55 	0.0049044 	26966 
697.98 	0.0049044 	27632 
698.48 	0.0049044 	27965 
698.95 	0.0049044 	28631 
699.45 	0.0049044 	28963 
699.90 	0.0049044 	29629 
700.40 	0.0049044 	29962 
700.70 	0.0049044 	30628 
701.20 	0.0049044 	31294 
701.70 	0.0049044 	31627 
702.18 	0.0049044 	32293 
702.68 	0.0049044 	32626 
703.08 	0.0049044 	33291 
703.58 	0.0049044 	33791 
704.08 	0.0049044 	34124 
704.58 	0.0049044 	34623 
705.03 	0.0049044 	35289 
705.53 	0.0049044 	35622 
706.03 	0.0049044 	36288 
706.53 	0.0049044 	36787 
707.03 	0.0049044 	37286 
707.53 	0.0049044 	37786 
708.03 	0.0049044 	38285 
708.53 	0.0049044 	38784 
709.03 	0.0049044 	39284 
709.53 	0.0049044 	39783 
710.03 	0.0049044 	40283 
710.53 	0.0049044 	40782 
710.98 	0.0049044 	41448 
711.48 	0.0049044 	41781 
711.98 	0.0049044 	42280 
712.43 	0.0049044 	42946 
712.93 	0.0049044 	43445 
713.43 	0.0049044 	43778 
713.93 	0.0049044 	44444 
714.43 	0.0049044 	44943 
714.93 	0.0049044 	45443 
715.43 	0.0049044 	45942 
715.93 	0.0049044 	46441 
716.43 	0.0049044 	46941 
716.93 	0.0049044 	47440 
717.40 	0.0049044 	48106 
717.90 	0.0049044 	48439 
718.40 	0.0049044 	48938 
718.90 	0.0049044 	49604 
719.40 	0.0049044 	50103 
719.90 	0.0049044 	50436 
720.35 	0.0049044 	51102 
720.85 	0.0049044 	51602 
721.35 	0.0049044 	52101 
721.85 	0.0049044 	52600 
722.35 	0.0049044 	53100 
722.85 	0.0049044 	53599 
723.35 	0.0049044 	54265 
723.85 	0.0049044 	54764 
724.35 	0.0049044 	55097 
724.80 	0.0049044 	55763 
725.30 	0.0049044 	56262 
725.80 	0.0049044 	56595 
726.30 	0.0049044 	57095 
726.78 	0.0049044 	57761 
727.28 	0.0049044 	58093 
727.78 	0.0049044 	58759 
728.28 	0.0049044 	59259 
728.78 	0.0049044 	59758 
729.28 	0.0049044 	60257 
729.78 	0.0049044 	60757 
730.25 	0.0049044 	61423 
730.75 	0.0049044 	61755 
731.25 	0.0049044 	62255 
731.75 	0.0049044 	62754 
732.23 	0.0049044 	63420 
732.73 	0.0049044 	63753 
733.22 	0.0049044 	64419 
733.72 	0.0049044 	64752 
734.22 	0.0049044 	65418 
734.72 	0.0049044 	65750 
735.13 	0.0049044 	66416 
735.63 	0.0049044 	66916 
736.13 	0.0049044 	67415 
736.63 	0.0049044 	67914 
737.13 	0.0049044 	68414 
737.63 	0.0049044 	68747 
738.10 	0.0049044 	69412 
738.60 	0.0049044 	69912 
739.10 	0.0049044 	70411 
739.60 	0.0049044 	70911 
740.10 	0.0049044 	71410 
740.60 	0.0049044 	71909 
741.08 	0.0049044 	72575 
741.58 	0.0049044 	72908 
742.08 	0.0049044 	73407 
742.58 	0.0049044 	73907 
743.05 	0.0049044 	74573 
743.55 	0.0049044 	74906 
744.02 	0.0049044 	75571 
744.52 	0.0049044 	76071 
745.02 	0.0049044 	76570 
745.52 	0.0049044 	77069 
746.02 	0.0049044 	77569 
746.52 	0.0049044 	78068 
747.02 	0.0049044 	78568 
747.52 	0.0049044 	79067 
748.02 	0.0049044 	79566 
748.52 	0.0049044 	80066 
749.02 	0.0049044 	80732 
749.52 	0.0049044 	81231 
750.02 	0.0049044 	81564 
750.47 	0.0049044 	82230 
750.97 	0.0049044 	82729 
751.47 	0.0049044 	83062 
751.93 	0.0049044 	83728 
752.43 	0.0049044 	84227 
752.93 	0.0049044 	84560 
753.35 	0.0049044 	85226 
753.85 	0.0049044 	85725 
754.35 	0.0049044 	86225 
754.85 	0.0049044 	86558 
755.32 	0.0049044 	87223 
755.82 	0.0049044 	87556 
756.32 	0.0049044 	88222 
756.82 	0.0049044 	88721 
757.32 	0.0049044 	89221 
757.82 	0.0049044 	89720 
758.32 	0.0049044 	90220 
758.82 	0.0049044 	90719 
759.32 	0.0049044 	91218 
759.82 	0.0049044 	91718 
760.28 	0.0049044 	92384 
760.78 	0.0049044 	92716 
761.22 	0.0049044 	93382 
761.72 	0.0049044 	93715 
762.22 	0.0049044 	94381 
762.72 	0.0049044 	94714 
763.20 	0.0049044 	95380 
763.70 	0.0049044 	95713 
764.20 	0.0049044 	96212 
764.65 	0.0049044 	96878 
765.15 	0.0049044 	97211 
765.58 	0.0049044 	97877 
766.08 	0.0049044 	98376 
766.58 	0.0049044 	98709 
767.08 	0.0049044 	99375 
767.58 	0.0049044 	99708 
768.02 	0.0049044 	100370 
768.52 	0.0049044 	100870 
769.02 	0.0049044 	101210 
769.47 	0.0049044 	101870 
769.97 	0.0049044 	102200 
770.47 	0.0049044 	102700 
770.88 	0.0049044 	103370 
771.38 	0.0049044 	103700 
771.88 	0.0049044 	104200 
772.38 	0.0049044 	104870 
772.88 	0.0049044 	105200 
773.38 	0.0049044 	105700 
773.85 	0.0049044 	106370 
774.35 	0.0049044 	106700 
774.83 	0.0049044 	107360 
775.33 	0.0049044 	107860 
775.83 	0.0049044 	108200 
776.28 	0.0049044 	108860 
776.78 	0.0049044 	109360 
777.28 	0.0049044 	109860 
777.78 	0.0049044 	110360 
778.28 	0.0049044 	110860 
778.78 	0.0049044 	111360 
779.28 	0.0049044 	111860 
779.78 	0.0049044 	112360 
780.28 	0.0049044 	112860 
780.77 	0.0049044 	113520 
781.27 	0.0049044 	113860 
781.77 	0.0049044 	114520 
782.27 	0.0049044 	114860 
782.75 	0.0049044 	115520 
783.25 	0.0049044 	116020 
783.75 	0.0049044 	116520 
784.25 	0.0049044 	117020 
784.75 	0.0049044 	117520 
785.25 	0.0049044 	118020 
785.75 	0.0049044 	118520 
786.25 	0.0049044 	119020 
786.75 	0.0049044 	119520 
787.18 	0.0049044 	120180 
787.68 	0.0049044 	120510 
788.18 	0.0049044 	121010 
788.68 	0.0049044 	121510 
789.17 	0.0049044 	122180 
789.67 	0.0049044 	122510 
790.17 	0.0049044 	123010 
790.67 	0.0049044 	123680 
791.17 	0.0049044 	124180 
791.67 	0.0049044 	124680 
792.17 	0.0049044 	125180 
792.67 	0.0049044 	125670 
793.17 	0.0049044 	126170 
793.67 	0.0049044 	126670 
794.13 	0.0049044 	127340 
794.63 	0.0049044 	127670 
795.12 	0.0049044 	128340 
795.62 	0.0049044 	128840 
796.12 	0.0049044 	129170 
796.62 	0.0049044 	129670 
797.12 	0.0049044 	130170 
797.62 	0.0049044 	130840 
798.12 	0.0049044 	131330 
798.62 	0.0049044 	131830 
799.12 	0.0049044 	132500 
799.62 	0.0049044 	132830 
800.12 	0.0049044 	133330 
800.62 	0.0049044 	133830 
801.12 	0.0049044 	134500 
801.62 	0.0049044 	134830 
802.12 	0.0049044 	135330 
802.62 	0.0049044 	136000 
803.12 	0.0049044 	136490 
803.62 	0.0049044 	136990 
804.12 	0.0049044 	137490 
804.62 	0.0049044 	137830 
805.12 	0.0049044 	138490 
805.62 	0.0049044 	139160 
806.12 	0.0049044 	139490 
806.62 	0.0049044 	140160 
807.12 	0.0049044 	140490 
807.62 	0.0049044 	141160 
808.12 	0.0049044 	141490 
808.62 	0.0049044 	141990 
809.12 	0.0049044 	142650 
809.62 	0.0049044 	143150 
810.12 	0.0049044 	143650 
810.62 	0.0049044 	144150 
811.12 	0.0049044 	144650 
811.62 	0.0049044 	145150 
812.12 	0.0049044 	145650 
812.62 	0.0049044 	146150 
813.12 	0.0049044 	146810 
813.62 	0.0049044 	147310 
814.12 	0.0049044 	147810 
814.62 	0.0049044 	148310 
815.12 	0.0049044 	148810 
815.62 	0.0049044 	149310 
816.12 	0.0049044 	149810 
816.62 	0.0049044 	150310 
817.12 	0.0049044 	150810 
817.62 	0.0049044 	151310 
818.12 	0.0049044 	151980 
818.62 	0.0049044 	152470 
819.12 	0.0049044 	152970 
819.62 	0.0049044 	153470 
820.12 	0.0049044 	153970 
820.62 	0.0049044 	154640 
821.12 	0.0049044 	154970 
821.62 	0.0049044 	155470 
822.12 	0.0049044 	156140 
822.62 	0.0049044 	156640 
823.12 	0.0049044 	157140 
823.62 	0.0049044 	157470 
824.12 	0.0049044 	158130 
824.62 	0.0049044 	158630 
825.12 	0.0049044 	159130 
825.62 	0.0049044 	159630 
826.12 	0.0049044 	160130 
826.62 	0.0049044 	160630 
827.12 	0.0049044 	161130 
827.62 	0.0049044 	161800 
828.12 	0.0049044 	162300 
828.62 	0.0049044 	162790 
829.12 	0.0049044 	163290 
829.62 	0.0049044 	163790 
830.12 	0.0049044 	164290 
830.62 	0.0049044 	164790 
831.12 	0.0049044 	165460 
831.62 	0.0049044 	165790 
832.12 	0.0049044 	166290 
832.62 	0.0049044 	166790 
833.12 	0.0049044 	167460 
833.62 	0.0049044 	167950 
834.12 	0.0049044 	168450 
834.62 	0.0049044 	168950 
835.12 	0.0049044 	169450 
835.62 	0.0049044 	169950 
836.12 	0.0049044 	170450 
836.62 	0.0049044 	170950 
837.12 	0.0049044 	171450 
837.62 	0.0049044 	171950 
838.12 	0.0049044 	172620 
838.62 	0.0049044 	173120 
839.12 	0.0049044 	173450 
839.62 	0.0049044 	174110 
840.12 	0.0049044 	174610 
840.62 	0.0049044 	175110 
841.12 	0.0049044 	175610 
841.62 	0.0049044 	176110 
842.12 	0.0049044 	176610 
842.62 	0.0049044 	177110 
843.12 	0.0049044 	177610 
843.62 	0.0049044 	178280 
844.12 	0.0049044 	178770 
844.62 	0.0049044 	179270 
845.12 	0.0049044 	179770 
845.62 	0.0049044 	180270 
846.12 	0.0049044 	180770 
846.62 	0.0049044 	181440 
847.12 	0.0049044 	181770 
847.62 	0.0049044 	182270 
848.12 	0.0049044 	182770 
848.62 	0.0049044 	183270 
849.12 	0.0049044 	183930 
849.62 	0.0049044 	184430 
850.12 	0.0049044 	184930 
850.62 	0.0049044 	185430 
851.12 	0.0049044 	185930 
851.62 	0.0049044 	186430 
852.12 	0.0049044 	187100 
852.62 	0.0049044 	187430 
853.12 	0.0049044 	187930 
853.62 	0.0049044 	188600 
854.12 	0.0049044 	189090 
854.62 	0.0049044 	189430 
855.12 	0.0049044 	190090 
855.62 	0.0049044 	190430 
856.12 	0.0049044 	191090 
856.62 	0.0049044 	191590 
857.12 	0.0049044 	192260 
857.62 	0.0049044 	192590 
858.12 	0.0049044 	193090 
858.62 	0.0049044 	193590 
859.12 	0.0049044 	194260 
859.62 	0.0049044 	194750 
860.12 	0.0049044 	195250 
860.62 	0.0049044 	195750 
861.12 	0.0049044 	196250 
861.62 	0.0049044 	196750 
862.12 	0.0049044 	197250 
862.62 	0.0049044 	197750 
863.12 	0.0049044 	198250 
863.62 	0.0049044 	198750 
864.12 	0.0049044 	199420 
864.62 	0.0049044 	199910 
865.12 	0.0049044 	200250 
865.62 	0.0049044 	200910 
866.12 	0.0049044 	201410 
866.62 	0.0049044 	201910 
867.12 	0.0049044 	202410 
867.62 	0.0049044 	202910 
868.12 	0.0049044 	203410 
868.62 	0.0049044 	203910 
869.12 	0.0049044 	204580 
869.62 	0.0049044 	205070 
870.12 	0.0049044 	205570 
870.62 	0.0049044 	205910 
871.12 	0.0049044 	206570 
871.62 	0.0049044 	207070 
872.12 	0.0049044 	207570 
872.62 	0.0049044 	208070 
873.12 	0.0049044 	208570 
873.62 	0.0049044 	209070 
874.12 	0.0049044 	209570 
874.62 	0.0049044 	210230 
875.12 	0.0049044 	210730 
875.62 	0.0049044 	211230 
876.12 	0.0049044 	211730 
876.62 	0.0049044 	212230 
877.12 	0.0049044 	212730 
877.62 	0.0049044 	213230 
878.12 	0.0049044 	213730 
878.62 	0.0049044 	214230 
879.12 	0.0049044 	214900 
879.62 	0.0049044 	215400 
880.12 	0.0049044 	215890 
880.62 	0.0049044 	216390 
881.12 	0.0049044 	216890 
881.62 	0.0049044 	217390 
882.12 	0.0049044 	217890 
882.62 	0.0049044 	218390 
883.12 	0.0049044 	218890 
883.62 	0.0049044 	219390 
884.12 	0.0049044 	220060 
884.62 	0.0049044 	220390 
885.12 	0.0049044 	220890 
885.62 	0.0049044 	221550 
886.12 	0.0049044 	222050 
886.62 	0.0049044 	222550 
887.12 	0.0049044 	223050 
887.62 	0.0049044 	223550 
888.12 	0.0049044 	224050 
888.62 	0.0049044 	224550 
889.12 	0.0049044 	225050 
889.62 	0.0049044 	225720 
890.12 	0.0049044 	226210 
890.62 	0.0049044 	226550 
891.12 	0.0049044 	227210 
891.62 	0.0049044 	227710 
892.12 	0.0049044 	228210 
892.62 	0.0049044 	228880 
893.12 	0.0049044 	229210 
893.62 	0.0049044 	229710 
894.12 	0.0049044 	230210 
894.62 	0.0049044 	230710 
895.12 	0.0049044 	231210 
895.62 	0.0049044 	231710 
896.12 	0.0049044 	232370 
896.62 	0.0049044 	232870 
897.12 	0.0049044 	233210 
897.62 	0.0049044 	233870 
898.12 	0.0049044 	234370 
898.62 	0.0049044 	234870 
899.12 	0.0049044 	235370 
899.62 	0.0049044 	235870 
900.12 	0.0049044 	236540 
900.62 	0.0049044 	236870 
901.12 	0.0049044 	237370 
901.62 	0.0049044 	237870 
902.12 	0.0049044 	238530 
902.62 	0.0049044 	238870 
903.12 	0.0049044 	239530 
903.62 	0.0049044 	240030 
904.12 	0.0049044 	240530 
904.62 	0.0049044 	241030 
905.12 	0.0049044 	241530 
905.62 	0.0049044 	242190 
906.12 	0.0049044 	242530 
906.62 	0.0049044 	243190 
907.12 	0.0049044 	243530 
907.62 	0.0049044 	244190 
908.12 	0.0049044 	244690 
908.62 	0.0049044 	245190 
909.12 	0.0049044 	245690 
909.62 	0.0049044 	246190 
910.12 	0.0049044 	246860 
910.62 	0.0049044 	247350 
911.12 	0.0049044 	247850 
911.62 	0.0049044 	248350 
912.12 	0.0049044 	248850 
912.62 	0.0049044 	249350 
913.12 	0.0049044 	249850 
913.62 	0.0049044 	250350 
914.12 	0.0049044 	250850 
914.62 	0.0049044 	251520 
915.12 	0.0049044 	251850 
915.62 	0.0049044 	252350 
916.12 	0.0049044 	253010 
916.62 	0.0049044 	253510 
917.12 	0.0049044 	253850 
917.62 	0.0049044 	254510 
918.12 	0.0049044 	255010 
918.62 	0.0049044 	255510 
919.12 	0.0049044 	256010 
919.62 	0.0049044 	256510 
920.12 	0.0049044 	257180 
920.62 	0.0049044 	257510 
921.12 	0.0049044 	258010 
921.62 	0.0049044 	258670 
922.12 	0.0049044 	259170 
922.62 	0.0049044 	259670 
923.12 	0.0049044 	260170 
923.62 	0.0049044 	260670 
924.12 	0.0049044 	261170 
924.62 	0.0049044 	261670 
925.12 	0.0049044 	262170 
925.62 	0.0049044 	262670 
926.12 	0.0049044 	263330 
926.62 	0.0049044 	263670 
927.12 	0.0049044 	264330 
927.62 	0.0049044 	264670 
928.12 	0.0049044 	265330 
928.62 	0.0049044 	265830 
929.12 	0.0049044 	266330 
929.62 	0.0049044 	266830 
930.12 	0.0049044 	267330 
930.62 	0.0049044 	268000 
931.12 	0.0049044 	268490 
931.62 	0.0049044 	268990 
932.12 	0.0049044 	269490 
932.62 	0.0049044 	269830 
933.12 	0.0049044 	270330 
933.62 	0.0049044 	270830 
934.12 	0.0049044 	271490 
934.62 	0.0049044 	271990 
935.12 	0.0049044 	272490 
935.62 	0.0049044 	272990 
936.12 	0.0049044 	273490 
936.62 	0.0049044 	274150 
937.12 	0.0049044 	274490 
937.62 	0.0049044 	275150 
938.12 	0.0049044 	275650 
938.62 	0.0049044 	276150 
939.12 	0.0049044 	276650 
939.62 	0.0049044 	277150 
940.12 	0.0049044 	277650 
940.62 	0.0049044 	278150 
941.12 	0.0049044 	278650 
941.62 	0.0049044 	279310 
942.12 	0.0049044 	279810 
942.62 	0.0049044 	280310 
943.12 	0.0049044 	280650 
943.62 	0.0049044 	281310 
944.12 	0.0049044 	281810 
944.62 	0.0049044 	282310 
945.12 	0.0049044 	282810 
945.62 	0.0049044 	283480 
946.12 	0.0049044 	283810 
946.62 	0.0049044 	284310 
947.12 	0.0049044 	284970 
947.62 	0.0049044 	285310 
948.12 	0.0049044 	285970 
948.62 	0.0049044 	286470 
949.12 	0.0049044 	286810 
949.62 	0.0049044 	287470 
950.12 	0.0049044 	287970 
950.62 	0.0049044 	288470 
951.12 	0.0049044 	288970 
951.62 	0.0049044 	289470 
952.12 	0.0049044 	289970 
952.62 	0.0049044 	290470 
953.12 	0.0049044 	290970 
953.62 	0.0049044 	291470 
954.12 	0.0049044 	291970 
954.62 	0.0049044 	292630 
955.12 	0.0049044 	293130 
955.62 	0.0049044 	293630 
956.12 	0.0049044 	294130 
956.62 	0.0049044 	294630 
957.12 	0.0049044 	295290 
957.62 	0.0049044 	295630 
958.12 	0.0049044 	296130 
958.62 	0.0049044 	296630 
959.12 	0.0049044 	297130 
959.62 	0.0049044 	297790 
960.12 	0.0049044 	298290 
960.62 	0.0049044 	298790 
961.12 	0.0049044 	299290 
961.62 	0.0049044 	299790 
962.12 	0.0049044 	300290 
962.62 	0.0049044 	300790 
963.12 	0.0049044 	301450 
963.62 	0.0049044 	301950 
964.12 	0.0049044 	302450 
964.62 	0.0049044 	302780 
965.12 	0.0049044 	303450 
965.62 	0.0049044 	303950 
966.12 	0.0049044 	304450 
966.62 	0.0049044 	304950 
967.12 	0.0049044 	305450 
967.62 	0.0049044 	306110 
968.12 	0.0049044 	306450 
968.62 	0.0049044 	306950 
969.12 	0.0049044 	307610 
969.62 	0.0049044 	307950 
970.12 	0.0049044 	308610 
970.62 	0.0049044 	309110 
971.12 	0.0049044 	309610 
971.62 	0.0049044 	310110 
972.12 	0.0049044 	310610 
972.62 	0.0049044 	311110 
973.12 	0.0049044 	311610 
973.62 	0.0049044 	312270 
974.12 	0.0049044 	312770 
974.62 	0.0049044 	312610 
975.12 	0.0049044 	313440 
975.62 	0.0049044 	314100 
976.12 	0.0049044 	314770 
976.62 	0.0049044 	315270 
977.12 	0.0049044 	315770 
977.62 	0.0049044 	316270 
978.12 	0.0049044 	316770 
978.62 	0.0049044 	317270 
979.12 	0.0049044 	317770 
979.62 	0.0049044 	318270 
980.12 	0.0049044 	318930 
980.62 	0.0049044 	319260 
981.12 	0.0049044 	319930 
981.62 	0.0049044 	320430 
982.12 	0.0049044 	320930 
982.62 	0.0049044 	321430 
983.12 	0.0049044 	321930 
983.62 	0.0049044 	322430 
984.12 	0.0049044 	322930 
984.62 	0.0049044 	323430 
985.12 	0.0049044 	324090 
985.62 	0.0049044 	324420 
986.12 	0.0049044 	324920 
986.62 	0.0049044 	325590 
987.12 	0.0049044 	326090 
987.62 	0.0049044 	326590 
988.12 	0.0049044 	327250 
988.62 	0.0049044 	327590 
989.12 	0.0049044 	328250 
989.62 	0.0049044 	328750 
990.12 	0.0049044 	329090 
990.62 	0.0049044 	329750 
991.12 	0.0049044 	330250 
991.62 	0.0049044 	330580 
992.12 	0.0049044 	331080 
992.62 	0.0049044 	331580 
993.12 	0.0049044 	332080 
993.62 	0.0049044 	332410 
994.12 	0.0049044 	333080 
994.62 	0.0049044 	333580 
995.12 	0.0049044 	334250 
995.62 	0.0049044 	334740 
996.12 	0.0049044 	335410 
996.62 	0.0049044 	335740 
997.12 	0.0049044 	336410 
997.62 	0.0049044 	336910 
998.12 	0.0049044 	337410 
998.62 	0.0049044 	337910 
999.12 	0.0049044 	338240 
999.62 	0.0049044 	338910 
1000.1 	0.0049044 	334410 
1000.1 	0.0049044 	320760 
1000.1 	0.0049044 	311270 
1000.2 	0.0049044 	306450 
1000.2 	0.0049044 	287970 
1000.2 	0.0049044 	257340 
1000.2 	0.0049044 	203080 
