Tempo(s)	Deformação(mm)	Força(N)
0.016667 	0.00000 	665.83 
0.51667 	0.00000 	665.83 
1.0167 	0.00000 	832.28 
1.5167 	0.00010662 	998.74 
2.0167 	0.00010662 	1165.2 
2.5167 	0.00042647 	1664.6 
3.0167 	0.00063971 	1997.5 
3.5167 	0.00085294 	2496.9 
4.0167 	0.0010662 	2996.2 
4.5167 	0.0011728 	3495.6 
5.0167 	0.0013860 	3662.0 
5.3167 	0.0015993 	4327.9 
5.8000 	0.0020257 	4660.8 
6.1833 	0.0022390 	5326.6 
6.6833 	0.0025588 	5659.5 
7.0167 	0.0028787 	6325.4 
7.4500 	0.0033052 	6658.3 
7.6667 	0.0034118 	7324.1 
8.1667 	0.0037316 	7823.5 
8.5667 	0.0040515 	8489.3 
9.0667 	0.0044780 	8988.7 
9.5333 	0.0047978 	9654.5 
10.033 	0.0050111 	9987.4 
10.433 	0.0053309 	10653 
10.933 	0.0056508 	10986 
11.317 	0.0059706 	11652 
11.817 	0.0061839 	11985 
12.300 	0.0066103 	12484 
12.800 	0.0068236 	12984 
13.300 	0.0070368 	13317 
13.800 	0.0072500 	13982 
14.300 	0.0075699 	14315 
14.800 	0.0077831 	14815 
15.233 	0.0081030 	15480 
15.683 	0.0084228 	16146 
16.067 	0.0088493 	16313 
16.450 	0.0090625 	16979 
16.950 	0.0093824 	17478 
17.450 	0.0097022 	17977 
17.950 	0.010022 	18477 
18.450 	0.010342 	18976 
18.950 	0.010662 	19475 
19.417 	0.010982 	20141 
19.917 	0.011302 	20474 
20.417 	0.011621 	21140 
20.917 	0.011835 	21473 
21.400 	0.012154 	22139 
21.900 	0.012368 	22305 
22.400 	0.012581 	22638 
22.900 	0.012688 	22805 
23.400 	0.012688 	22805 
23.900 	0.012794 	22805 
24.400 	0.012794 	22971 
24.900 	0.012901 	22971 
25.400 	0.012794 	22971 
25.900 	0.012794 	22971 
26.400 	0.012901 	22971 
26.900 	0.012901 	22971 
27.400 	0.012794 	22971 
27.900 	0.012794 	22971 
28.400 	0.012901 	23137 
28.900 	0.012901 	22805 
29.400 	0.012901 	22971 
29.900 	0.012794 	22971 
30.400 	0.012901 	22971 
30.900 	0.013007 	22971 
31.400 	0.012901 	22971 
31.900 	0.012901 	23137 
32.400 	0.012901 	22971 
32.900 	0.012901 	22971 
33.400 	0.012901 	22971 
33.900 	0.012901 	22971 
34.400 	0.012901 	22971 
34.900 	0.012901 	22971 
35.400 	0.012901 	22971 
35.900 	0.012901 	22971 
36.400 	0.012901 	22971 
36.900 	0.012901 	22971 
37.400 	0.012901 	22971 
37.900 	0.012901 	22971 
38.400 	0.012901 	22971 
38.900 	0.013007 	22971 
39.400 	0.012901 	23137 
39.900 	0.012901 	22971 
40.400 	0.012901 	22971 
40.900 	0.012901 	22971 
41.400 	0.012901 	22971 
41.900 	0.012901 	22971 
42.400 	0.013007 	22971 
42.900 	0.012901 	22971 
43.400 	0.012901 	22971 
43.900 	0.012901 	22971 
44.400 	0.012901 	22971 
44.900 	0.012901 	22971 
45.400 	0.013007 	22971 
45.900 	0.012901 	22971 
46.400 	0.012901 	22971 
46.900 	0.012901 	22971 
47.400 	0.013007 	22971 
47.900 	0.012901 	22971 
48.400 	0.012901 	22971 
48.900 	0.012901 	22971 
49.400 	0.012901 	22971 
49.900 	0.012901 	22971 
50.400 	0.012901 	22971 
50.900 	0.012901 	22971 
51.400 	0.013007 	22971 
51.900 	0.012901 	22971 
52.400 	0.012901 	22971 
52.900 	0.012901 	22971 
53.400 	0.012901 	22971 
53.900 	0.012901 	22971 
54.400 	0.012901 	22971 
54.900 	0.012901 	22971 
55.400 	0.012901 	22971 
55.900 	0.012901 	22971 
56.400 	0.013007 	22971 
56.900 	0.012901 	23137 
57.400 	0.012901 	22971 
57.900 	0.012901 	22971 
58.400 	0.012901 	22971 
58.900 	0.012901 	22971 
59.400 	0.012901 	22971 
59.900 	0.012901 	22805 
60.400 	0.012901 	22971 
60.900 	0.012901 	22971 
61.400 	0.013007 	22971 
61.900 	0.012901 	22971 
62.400 	0.012901 	22971 
62.900 	0.012901 	22971 
63.400 	0.012901 	22971 
63.900 	0.012901 	22971 
64.400 	0.012901 	22971 
64.900 	0.012901 	22971 
65.400 	0.012901 	22971 
65.900 	0.012901 	22971 
66.400 	0.012901 	22971 
66.900 	0.012901 	22971 
67.400 	0.012901 	22971 
67.900 	0.012901 	22971 
68.400 	0.012901 	22971 
68.900 	0.012901 	23137 
69.400 	0.012901 	22971 
69.900 	0.012901 	22971 
70.400 	0.012901 	22971 
70.900 	0.012794 	22805 
71.400 	0.012901 	22971 
71.900 	0.012901 	22805 
72.400 	0.012901 	22971 
72.900 	0.012901 	22971 
73.400 	0.012901 	22971 
73.900 	0.012901 	22971 
74.400 	0.012901 	22971 
74.900 	0.012901 	22971 
75.400 	0.012901 	22971 
75.900 	0.012901 	22971 
76.400 	0.012901 	22971 
76.900 	0.012901 	22805 
77.400 	0.012901 	23137 
77.900 	0.012901 	22971 
78.400 	0.012901 	22971 
78.900 	0.012901 	22971 
79.400 	0.012901 	22971 
79.900 	0.012901 	22971 
80.400 	0.012794 	22971 
80.900 	0.012901 	23137 
81.400 	0.012901 	22971 
81.900 	0.012901 	22971 
82.400 	0.012794 	22805 
82.900 	0.012688 	22472 
83.400 	0.012368 	21806 
83.900 	0.011941 	21473 
84.333 	0.011728 	20807 
84.833 	0.011408 	20308 
85.333 	0.011088 	19808 
85.833 	0.010875 	19309 
86.333 	0.010555 	18810 
86.833 	0.010235 	18310 
87.333 	0.0099155 	17811 
87.833 	0.0095956 	17312 
88.283 	0.0093824 	16646 
88.783 	0.0090625 	16313 
89.283 	0.0088493 	15980 
89.783 	0.0086361 	15647 
90.283 	0.0084228 	15314 
90.783 	0.0081030 	14815 
91.117 	0.0078897 	14149 
91.533 	0.0074633 	13649 
92.033 	0.0071434 	13150 
92.483 	0.0068236 	12484 
92.983 	0.0065037 	11985 
93.483 	0.0062905 	11486 
93.900 	0.0058640 	11153 
94.383 	0.0056508 	10487 
94.883 	0.0053309 	10154 
95.383 	0.0051177 	9654.5 
95.833 	0.0047978 	8988.7 
96.267 	0.0043713 	8822.2 
96.650 	0.0042647 	8156.4 
97.150 	0.0038383 	7823.5 
97.583 	0.0037316 	7157.6 
98.083 	0.0033052 	6824.7 
98.583 	0.0031985 	6325.4 
98.983 	0.0027721 	5826.0 
99.483 	0.0026655 	5493.1 
99.933 	0.0022390 	4827.2 
100.43 	0.0020257 	4494.3 
100.93 	0.0017059 	4161.4 
101.28 	0.0015993 	3495.6 
101.78 	0.0013860 	3162.7 
102.28 	0.0010662 	2663.3 
102.78 	0.00074633 	2496.9 
103.27 	0.00053309 	1831.0 
103.77 	0.00042647 	1831.0 
104.27 	0.00031985 	1498.1 
104.77 	0.00031985 	1498.1 
105.27 	0.00021324 	1664.6 
105.77 	0.00021324 	1498.1 
106.27 	0.00021324 	1331.7 
106.77 	0.00021324 	1331.7 
107.27 	0.00010662 	1498.1 
107.77 	0.00010662 	1331.7 
108.27 	0.00010662 	1331.7 
108.77 	0.00010662 	1165.2 
109.27 	0.00010662 	1165.2 
109.77 	0.00010662 	1331.7 
110.27 	0.00010662 	1331.7 
110.77 	0.00010662 	1165.2 
111.27 	0.00010662 	1165.2 
111.77 	0.00010662 	1165.2 
112.27 	0.00010662 	1165.2 
112.77 	0.00000 	1165.2 
113.27 	0.00000 	1331.7 
113.77 	0.00000 	998.74 
114.27 	0.00000 	1165.2 
114.77 	0.00000 	1165.2 
115.27 	0.00000 	998.74 
115.77 	0.00000 	998.74 
116.27 	0.00000 	1165.2 
116.77 	0.00000 	998.74 
117.27 	0.00010662 	998.74 
117.77 	0.00000 	998.74 
118.27 	0.00000 	998.74 
118.77 	0.00010662 	998.74 
119.27 	0.00000 	832.28 
119.77 	0.00000 	832.28 
120.27 	0.00000 	998.74 
120.77 	0.00000 	998.74 
121.27 	0.00000 	832.28 
121.77 	0.00010662 	832.28 
122.27 	0.00000 	998.74 
122.77 	0.00000 	998.74 
123.27 	0.00010662 	998.74 
123.77 	0.00000 	832.28 
124.27 	0.00000 	998.74 
124.77 	0.00000 	998.74 
125.27 	0.00000 	998.74 
125.77 	0.00000 	998.74 
126.27 	0.00010662 	998.74 
126.77 	0.00000 	998.74 
127.27 	0.00010662 	998.74 
127.77 	0.00000 	998.74 
128.27 	0.00000 	998.74 
128.77 	0.00000 	1165.2 
129.27 	0.00000 	998.74 
129.77 	0.00000 	832.28 
130.27 	0.00000 	998.74 
130.77 	0.00010662 	998.74 
131.27 	0.00010662 	998.74 
131.77 	0.00000 	998.74 
132.27 	0.00010662 	1165.2 
132.77 	0.00000 	998.74 
133.27 	0.00000 	998.74 
133.77 	0.00000 	998.74 
134.27 	0.00000 	998.74 
134.77 	0.00010662 	998.74 
135.27 	0.00000 	998.74 
135.77 	0.00000 	998.74 
136.27 	0.00000 	998.74 
136.77 	0.00000 	998.74 
137.27 	0.00000 	998.74 
137.77 	0.00000 	998.74 
138.27 	0.00000 	998.74 
138.77 	0.00000 	1165.2 
139.27 	0.00000 	998.74 
139.77 	0.00000 	998.74 
140.27 	0.00000 	998.74 
140.77 	0.00000 	998.74 
141.27 	0.00000 	1165.2 
141.77 	0.00010662 	998.74 
142.27 	0.00000 	998.74 
142.77 	0.00000 	998.74 
143.27 	0.00000 	998.74 
143.77 	0.00000 	998.74 
144.27 	0.00010662 	998.74 
144.77 	0.00000 	998.74 
145.27 	0.00000 	998.74 
145.77 	0.00000 	998.74 
146.27 	0.00000 	998.74 
146.77 	0.00000 	998.74 
147.27 	0.00000 	998.74 
147.77 	0.00000 	998.74 
148.27 	0.00000 	998.74 
148.77 	0.00000 	998.74 
149.27 	0.00000 	998.74 
149.77 	0.00000 	998.74 
150.27 	0.00000 	998.74 
150.77 	0.00000 	998.74 
151.27 	0.00000 	998.74 
151.77 	0.00000 	998.74 
152.27 	0.00000 	998.74 
152.77 	0.00010662 	1165.2 
153.27 	0.00000 	998.74 
153.77 	0.00000 	998.74 
154.27 	0.00010662 	998.74 
154.77 	0.00010662 	998.74 
155.27 	0.00000 	998.74 
155.77 	0.00000 	998.74 
156.27 	0.00000 	998.74 
156.77 	0.00000 	998.74 
157.27 	0.00000 	998.74 
157.77 	0.00000 	998.74 
158.27 	0.00000 	832.28 
158.77 	0.00000 	998.74 
159.27 	0.00000 	998.74 
159.77 	0.00000 	1165.2 
160.27 	0.00000 	998.74 
160.77 	0.00010662 	998.74 
161.27 	0.00000 	998.74 
161.77 	0.00000 	998.74 
162.27 	0.00000 	998.74 
162.77 	0.00000 	1165.2 
163.27 	0.00000 	998.74 
163.77 	0.00000 	998.74 
164.27 	0.00000 	998.74 
164.77 	0.00000 	998.74 
165.27 	0.00010662 	998.74 
165.77 	0.00000 	998.74 
166.27 	0.00010662 	1498.1 
166.77 	0.00031985 	1664.6 
167.27 	0.00053309 	1831.0 
167.68 	0.00063971 	2496.9 
168.18 	0.00095956 	2663.3 
168.68 	0.0011728 	3329.1 
169.18 	0.0013860 	3662.0 
169.68 	0.0015993 	4161.4 
170.18 	0.0019191 	4494.3 
170.68 	0.0021324 	5160.2 
171.18 	0.0023456 	5826.0 
171.48 	0.0027721 	6158.9 
171.80 	0.0029853 	6824.7 
172.27 	0.0034118 	7157.6 
172.60 	0.0035184 	7823.5 
173.00 	0.0039449 	8322.8 
173.50 	0.0041581 	8655.8 
173.87 	0.0043713 	9321.6 
174.33 	0.0047978 	9654.5 
174.83 	0.0050111 	10154 
175.32 	0.0054375 	10653 
175.82 	0.0056508 	11319 
176.32 	0.0058640 	11818 
176.78 	0.0062905 	12318 
177.28 	0.0063971 	12817 
177.78 	0.0067169 	12984 
178.28 	0.0069302 	13483 
178.78 	0.0071434 	13982 
179.28 	0.0074633 	14482 
179.72 	0.0078897 	14981 
180.05 	0.0081030 	15647 
180.50 	0.0085294 	16146 
181.00 	0.0088493 	16646 
181.50 	0.0091692 	17312 
182.00 	0.0094890 	17811 
182.50 	0.0098089 	18477 
183.00 	0.010022 	18810 
183.48 	0.010449 	19309 
183.93 	0.010662 	19975 
184.43 	0.010875 	20308 
184.93 	0.011195 	20807 
185.43 	0.011515 	21306 
185.93 	0.011728 	21806 
186.43 	0.012048 	22305 
186.93 	0.012261 	22472 
187.43 	0.012368 	22805 
187.93 	0.012368 	22805 
188.43 	0.012474 	22971 
188.93 	0.012581 	22971 
189.43 	0.012474 	23137 
189.93 	0.012474 	22971 
190.43 	0.012474 	22971 
190.93 	0.012474 	22971 
191.43 	0.012581 	22971 
191.93 	0.012474 	22971 
192.43 	0.012474 	22971 
192.93 	0.012474 	22971 
193.43 	0.012474 	22805 
193.93 	0.012474 	22971 
194.43 	0.012474 	22971 
194.93 	0.012474 	22971 
195.43 	0.012474 	22971 
195.93 	0.012474 	22971 
196.43 	0.012474 	22971 
196.93 	0.012474 	22971 
197.43 	0.012474 	22805 
197.93 	0.012474 	22971 
198.43 	0.012474 	22971 
198.93 	0.012474 	22971 
199.43 	0.012581 	22971 
199.93 	0.012474 	22971 
200.43 	0.012474 	22971 
200.93 	0.012474 	22971 
201.43 	0.012474 	22971 
201.93 	0.012474 	22971 
202.43 	0.012581 	23137 
202.93 	0.012581 	22971 
203.43 	0.012581 	22971 
203.93 	0.012581 	22971 
204.43 	0.012474 	22805 
204.93 	0.012474 	22971 
205.43 	0.012474 	22805 
205.93 	0.012474 	22971 
206.43 	0.012474 	22971 
206.93 	0.012581 	22971 
207.43 	0.012581 	22971 
207.93 	0.012474 	22971 
208.43 	0.012474 	22805 
208.93 	0.012474 	22805 
209.43 	0.012581 	22971 
209.93 	0.012581 	22971 
210.43 	0.012581 	22971 
210.93 	0.012581 	23137 
211.43 	0.012581 	22971 
211.93 	0.012581 	22971 
212.43 	0.012474 	22971 
212.93 	0.012474 	22805 
213.43 	0.012474 	22971 
213.93 	0.012581 	22971 
214.43 	0.012581 	22971 
214.93 	0.012581 	22971 
215.43 	0.012474 	22971 
215.93 	0.012474 	22971 
216.43 	0.012474 	22971 
216.93 	0.012581 	22971 
217.43 	0.012474 	22971 
217.93 	0.012581 	22971 
218.43 	0.012581 	22971 
218.93 	0.012474 	22971 
219.43 	0.012474 	22971 
219.93 	0.012474 	22971 
220.43 	0.012581 	22971 
220.93 	0.012474 	22971 
221.43 	0.012474 	22971 
221.93 	0.012474 	22805 
222.43 	0.012474 	22971 
222.93 	0.012581 	22971 
223.43 	0.012581 	22971 
223.93 	0.012474 	22971 
224.43 	0.012474 	22971 
224.93 	0.012474 	22971 
225.43 	0.012474 	22971 
225.93 	0.012474 	22971 
226.43 	0.012474 	22971 
226.93 	0.012581 	22971 
227.43 	0.012474 	22971 
227.93 	0.012474 	22971 
228.43 	0.012581 	23137 
228.93 	0.012581 	22971 
229.43 	0.012474 	22971 
229.93 	0.012581 	22805 
230.43 	0.012581 	22971 
230.93 	0.012474 	22971 
231.43 	0.012474 	22971 
231.93 	0.012581 	22971 
232.43 	0.012474 	22971 
232.93 	0.012474 	22971 
233.43 	0.012474 	22971 
233.93 	0.012581 	22971 
234.43 	0.012581 	22971 
234.93 	0.012581 	22971 
235.43 	0.012474 	22971 
235.93 	0.012581 	22971 
236.43 	0.012474 	22971 
236.93 	0.012581 	22971 
237.43 	0.012581 	22971 
237.93 	0.012581 	22971 
238.43 	0.012581 	22971 
238.93 	0.012581 	22971 
239.43 	0.012474 	22971 
239.93 	0.012581 	22971 
240.43 	0.012581 	22971 
240.93 	0.012581 	23137 
241.43 	0.012474 	22971 
241.93 	0.012581 	22971 
242.43 	0.012474 	22971 
242.93 	0.012581 	22805 
243.43 	0.012474 	22805 
243.93 	0.012474 	22971 
244.43 	0.012474 	22971 
244.93 	0.012474 	22971 
245.43 	0.012581 	22971 
245.93 	0.012581 	23137 
246.43 	0.012581 	22971 
246.93 	0.012581 	22971 
247.43 	0.012368 	22472 
247.93 	0.012154 	22139 
248.43 	0.011835 	21639 
248.90 	0.011515 	20974 
249.40 	0.011302 	20474 
249.88 	0.010875 	19975 
250.38 	0.010662 	19642 
250.82 	0.010449 	18976 
251.32 	0.010129 	18643 
251.82 	0.0098089 	17977 
252.32 	0.0094890 	17478 
252.82 	0.0092758 	17145 
253.28 	0.0089559 	16479 
253.78 	0.0087427 	16146 
254.28 	0.0084228 	15813 
254.78 	0.0082096 	15647 
255.25 	0.0079964 	14981 
255.70 	0.0075699 	14315 
256.20 	0.0072500 	13649 
256.65 	0.0068236 	13317 
257.08 	0.0066103 	12651 
257.58 	0.0062905 	12318 
258.02 	0.0059706 	11652 
258.52 	0.0057574 	11319 
259.02 	0.0054375 	10653 
259.52 	0.0051177 	10154 
260.02 	0.0047978 	9654.5 
260.52 	0.0044780 	9321.6 
260.90 	0.0041581 	8655.8 
261.40 	0.0038383 	8322.8 
261.88 	0.0037316 	7657.0 
262.35 	0.0033052 	7157.6 
262.85 	0.0030919 	6658.3 
263.35 	0.0027721 	6491.8 
263.67 	0.0026655 	5826.0 
264.15 	0.0022390 	5659.5 
264.47 	0.0021324 	4993.7 
264.97 	0.0019191 	4494.3 
265.47 	0.0014927 	4161.4 
265.97 	0.0012794 	3662.0 
266.45 	0.0010662 	2996.2 
266.95 	0.00074633 	2829.8 
267.45 	0.00053309 	2496.9 
267.95 	0.00021324 	2163.9 
268.45 	0.00010662 	1831.0 
268.95 	0.00000 	1664.6 
269.45 	0.00000 	1664.6 
269.95 	-0.0001068 	1498.1 
270.45 	-0.0002136 	1498.1 
270.95 	-0.0002136 	1331.7 
271.45 	-0.0002136 	1331.7 
271.95 	-0.0002136 	1331.7 
272.45 	-0.0002136 	1331.7 
272.95 	-0.0003204 	1331.7 
273.45 	-0.0003204 	1331.7 
273.95 	-0.0003204 	1331.7 
274.45 	-0.0003204 	1331.7 
274.95 	-0.0003204 	1165.2 
275.45 	-0.0003204 	1165.2 
275.95 	-0.0003204 	1165.2 
276.45 	-0.0003204 	1165.2 
276.95 	-0.0003204 	1165.2 
277.45 	-0.0003204 	1165.2 
277.95 	-0.0004273 	1165.2 
278.45 	-0.0003204 	1165.2 
278.95 	-0.0003204 	1165.2 
279.45 	-0.0003204 	998.74 
279.95 	-0.0003204 	998.74 
280.45 	-0.0003204 	1165.2 
280.95 	-0.0003204 	998.74 
281.45 	-0.0004273 	998.74 
281.95 	-0.0004273 	832.28 
282.45 	-0.0003204 	998.74 
282.95 	-0.0003204 	998.74 
283.45 	-0.0003204 	998.74 
283.95 	-0.0003204 	998.74 
284.45 	-0.0004273 	832.28 
284.95 	-0.0004273 	998.74 
285.45 	-0.0003204 	998.74 
285.95 	-0.0004273 	998.74 
286.45 	-0.0004273 	998.74 
286.95 	-0.0004273 	832.28 
287.45 	-0.0003204 	998.74 
287.95 	-0.0004273 	998.74 
288.45 	-0.0003204 	998.74 
288.95 	-0.0003204 	998.74 
289.45 	-0.0003204 	998.74 
289.95 	-0.0003204 	832.28 
290.45 	-0.0003204 	998.74 
290.95 	-0.0004273 	998.74 
291.45 	-0.0003204 	998.74 
291.95 	-0.0004273 	998.74 
292.45 	-0.0003204 	998.74 
292.95 	-0.0004273 	998.74 
293.45 	-0.0003204 	998.74 
293.95 	-0.0004273 	998.74 
294.45 	-0.0003204 	998.74 
294.95 	-0.0004273 	998.74 
295.45 	-0.0004273 	998.74 
295.95 	-0.0003204 	1165.2 
296.45 	-0.0003204 	998.74 
296.95 	-0.0003204 	998.74 
297.45 	-0.0003204 	998.74 
297.95 	-0.0003204 	998.74 
298.45 	-0.0004273 	998.74 
298.95 	-0.0004273 	998.74 
299.45 	-0.0003204 	998.74 
299.95 	-0.0004273 	998.74 
300.45 	-0.0004273 	998.74 
300.95 	-0.0003204 	832.28 
301.45 	-0.0003204 	998.74 
301.95 	-0.0004273 	998.74 
302.45 	-0.0003204 	832.28 
302.95 	-0.0003204 	998.74 
303.45 	-0.0003204 	998.74 
303.95 	-0.0004273 	998.74 
304.45 	-0.0004273 	998.74 
304.95 	-0.0004273 	998.74 
305.45 	-0.0003204 	998.74 
305.95 	-0.0003204 	998.74 
306.45 	-0.0003204 	998.74 
306.95 	-0.0004273 	998.74 
307.45 	-0.0003204 	1165.2 
307.95 	-0.0003204 	998.74 
308.45 	-0.0003204 	998.74 
308.95 	-0.0004273 	998.74 
309.45 	-0.0003204 	998.74 
309.95 	-0.0003204 	998.74 
310.45 	-0.0004273 	998.74 
310.95 	-0.0003204 	998.74 
311.45 	-0.0003204 	998.74 
311.95 	-0.0003204 	998.74 
312.45 	-0.0004273 	998.74 
312.95 	-0.0004273 	998.74 
313.45 	-0.0004273 	998.74 
313.95 	-0.0004273 	998.74 
314.45 	-0.0004273 	998.74 
314.95 	-0.0003204 	998.74 
315.45 	-0.0004273 	1165.2 
315.95 	-0.0004273 	998.74 
316.45 	-0.0004273 	998.74 
316.95 	-0.0003204 	1165.2 
317.45 	-0.0004273 	1165.2 
317.95 	-0.0004273 	832.28 
318.45 	-0.0003204 	998.74 
318.95 	-0.0004273 	998.74 
319.45 	-0.0003204 	998.74 
319.95 	-0.0004273 	998.74 
320.45 	-0.0004273 	998.74 
320.95 	-0.0004273 	998.74 
321.45 	-0.0004273 	998.74 
321.95 	-0.0004273 	998.74 
322.45 	-0.0004273 	998.74 
322.95 	-0.0004273 	1165.2 
323.45 	-0.0004273 	998.74 
323.95 	-0.0004273 	998.74 
324.45 	-0.0003204 	998.74 
324.95 	-0.0004273 	998.74 
325.45 	-0.0003204 	998.74 
325.95 	-0.0004273 	1165.2 
326.45 	-0.0003204 	998.74 
326.95 	-0.0004273 	1165.2 
327.45 	-0.0004273 	998.74 
327.95 	-0.0004273 	832.28 
328.45 	-0.0004273 	998.74 
328.95 	-0.0003204 	1165.2 
329.45 	-0.0003204 	998.74 
329.95 	-0.0004273 	998.74 
330.45 	-0.0004273 	998.74 
330.95 	-0.0003204 	1331.7 
331.45 	-0.0001068 	1664.6 
331.95 	0.00010662 	1831.0 
332.45 	0.00031985 	2330.4 
332.95 	0.00053309 	2829.8 
333.45 	0.00074633 	3162.7 
333.95 	0.00095956 	3662.0 
334.45 	0.0011728 	3995.0 
334.95 	0.0014927 	4494.3 
335.43 	0.0019191 	4993.7 
335.77 	0.0021324 	5659.5 
336.15 	0.0025588 	5826.0 
336.40 	0.0027721 	6491.8 
336.82 	0.0029853 	7157.6 
337.20 	0.0034118 	7490.6 
337.62 	0.0037316 	8156.4 
338.12 	0.0039449 	8489.3 
338.53 	0.0042647 	9155.1 
339.03 	0.0045846 	9654.5 
339.53 	0.0049044 	9987.4 
339.97 	0.0051177 	10653 
340.42 	0.0055441 	10986 
340.85 	0.0057574 	11652 
341.35 	0.0060772 	11985 
341.83 	0.0063971 	12651 
342.33 	0.0066103 	12984 
342.83 	0.0068236 	13483 
343.33 	0.0070368 	13816 
343.83 	0.0072500 	14315 
344.33 	0.0075699 	14648 
344.62 	0.0077831 	15314 
344.98 	0.0082096 	15647 
345.38 	0.0084228 	16313 
345.88 	0.0087427 	16812 
346.35 	0.0091692 	17312 
346.85 	0.0093824 	17811 
347.33 	0.0097022 	18477 
347.83 	0.010022 	18810 
348.32 	0.010342 	19475 
348.82 	0.010662 	19975 
349.32 	0.010982 	20474 
349.82 	0.011195 	20974 
350.30 	0.011621 	21473 
350.80 	0.011835 	21806 
351.28 	0.012048 	22472 
351.78 	0.012261 	22638 
352.28 	0.012368 	22805 
352.78 	0.012474 	22971 
353.28 	0.012474 	22971 
353.78 	0.012474 	22971 
354.28 	0.012474 	22805 
354.78 	0.012474 	22971 
355.28 	0.012474 	22971 
355.78 	0.012474 	23137 
356.28 	0.012474 	22971 
356.78 	0.012474 	22805 
357.28 	0.012474 	22971 
357.78 	0.012581 	22971 
358.28 	0.012581 	22971 
358.78 	0.012474 	22971 
359.28 	0.012474 	22805 
359.78 	0.012474 	22971 
360.28 	0.012474 	22971 
360.78 	0.012581 	22971 
361.28 	0.012581 	22971 
361.78 	0.012474 	22971 
362.28 	0.012474 	22971 
362.78 	0.012474 	22971 
363.28 	0.012474 	22971 
363.78 	0.012474 	22971 
364.28 	0.012474 	22971 
364.78 	0.012474 	22971 
365.28 	0.012581 	22971 
365.78 	0.012474 	23137 
366.28 	0.012474 	22971 
366.78 	0.012474 	22971 
367.28 	0.012474 	22971 
367.78 	0.012474 	22971 
368.28 	0.012474 	22971 
368.78 	0.012474 	22971 
369.28 	0.012474 	22971 
369.78 	0.012474 	22971 
370.28 	0.012474 	22971 
370.78 	0.012474 	22971 
371.28 	0.012474 	22971 
371.78 	0.012474 	22971 
372.28 	0.012474 	22971 
372.78 	0.012474 	22971 
373.28 	0.012474 	22971 
373.78 	0.012474 	22971 
374.28 	0.012368 	22971 
374.78 	0.012474 	22805 
375.28 	0.012474 	22971 
375.78 	0.012474 	22971 
376.28 	0.012474 	23137 
376.78 	0.012581 	22971 
377.28 	0.012474 	22971 
377.78 	0.012474 	22971 
378.28 	0.012474 	22805 
378.78 	0.012474 	22971 
379.28 	0.012368 	22971 
379.78 	0.012474 	22971 
380.28 	0.012581 	22971 
380.78 	0.012474 	23137 
381.28 	0.012474 	22971 
381.78 	0.012368 	22971 
382.28 	0.012474 	22971 
382.78 	0.012474 	22971 
383.28 	0.012474 	22971 
383.78 	0.012474 	22971 
384.28 	0.012474 	22971 
384.78 	0.012474 	22971 
385.28 	0.012474 	23137 
385.78 	0.012474 	22971 
386.28 	0.012474 	22971 
386.78 	0.012474 	22805 
387.28 	0.012474 	22971 
387.78 	0.012474 	22971 
388.28 	0.012474 	22971 
388.78 	0.012474 	22971 
389.28 	0.012474 	22971 
389.78 	0.012474 	22971 
390.28 	0.012474 	22971 
390.78 	0.012474 	22971 
391.28 	0.012474 	22971 
391.78 	0.012474 	22971 
392.28 	0.012474 	23137 
392.78 	0.012474 	22971 
393.28 	0.012474 	22971 
393.78 	0.012474 	22805 
394.28 	0.012474 	22805 
394.78 	0.012474 	22971 
395.28 	0.012474 	22971 
395.78 	0.012474 	23137 
396.28 	0.012474 	22971 
396.78 	0.012474 	22971 
397.28 	0.012474 	22805 
397.78 	0.012474 	22971 
398.28 	0.012474 	22971 
398.78 	0.012474 	22971 
399.28 	0.012474 	22971 
399.78 	0.012474 	22971 
400.28 	0.012474 	22971 
400.78 	0.012474 	22971 
401.28 	0.012474 	22971 
401.78 	0.012474 	22971 
402.28 	0.012474 	22971 
402.78 	0.012474 	22971 
403.28 	0.012581 	22971 
403.78 	0.012474 	22971 
404.28 	0.012474 	22971 
404.78 	0.012474 	22805 
405.28 	0.012474 	22971 
405.78 	0.012581 	22971 
406.28 	0.012581 	23137 
406.78 	0.012474 	22971 
407.28 	0.012581 	23137 
407.78 	0.012474 	22971 
408.28 	0.012474 	22971 
408.78 	0.012474 	22971 
409.28 	0.012474 	22971 
409.78 	0.012474 	22971 
410.28 	0.012474 	23137 
410.78 	0.012474 	22971 
411.28 	0.012474 	22971 
411.78 	0.012474 	22971 
412.28 	0.012368 	22638 
412.78 	0.012048 	22139 
413.25 	0.011728 	21473 
413.75 	0.011408 	20974 
414.25 	0.011088 	20474 
414.75 	0.010875 	19975 
415.22 	0.010555 	19309 
415.72 	0.010342 	18976 
416.22 	0.010022 	18477 
416.72 	0.0097022 	17977 
417.22 	0.0093824 	17478 
417.72 	0.0090625 	16812 
418.22 	0.0088493 	16479 
418.72 	0.0086361 	16146 
419.22 	0.0083162 	15647 
419.72 	0.0082096 	15480 
420.18 	0.0078897 	14815 
420.55 	0.0075699 	14149 
420.98 	0.0071434 	13816 
421.40 	0.0069302 	13150 
421.90 	0.0066103 	12651 
422.38 	0.0061839 	12151 
422.88 	0.0059706 	11652 
423.38 	0.0057574 	11153 
423.73 	0.0053309 	10653 
424.23 	0.0051177 	10320 
424.73 	0.0047978 	9820.9 
425.22 	0.0045846 	9155.1 
425.67 	0.0041581 	8822.2 
426.15 	0.0039449 	8156.4 
426.60 	0.0035184 	7989.9 
426.97 	0.0034118 	7324.1 
427.47 	0.0031985 	6824.7 
427.92 	0.0027721 	6658.3 
428.32 	0.0025588 	5992.4 
428.82 	0.0023456 	5493.1 
429.32 	0.0020257 	5160.2 
429.82 	0.0018125 	4660.8 
430.25 	0.0014927 	3995.0 
430.75 	0.0012794 	3495.6 
431.25 	0.00095956 	3329.1 
431.72 	0.00063971 	2663.3 
432.22 	0.00042647 	2330.4 
432.72 	0.00021324 	1997.5 
433.22 	0.00000 	1831.0 
433.72 	-0.0001068 	1664.6 
434.22 	-0.0001068 	1498.1 
434.72 	-0.0002136 	1498.1 
435.22 	-0.0003204 	1498.1 
435.72 	-0.0003204 	1331.7 
436.22 	-0.0003204 	1331.7 
436.72 	-0.0003204 	1331.7 
437.22 	-0.0004273 	1331.7 
437.72 	-0.0004273 	1331.7 
438.22 	-0.0004273 	1331.7 
438.72 	-0.0004273 	1331.7 
439.22 	-0.0004273 	1331.7 
439.72 	-0.0004273 	1165.2 
440.22 	-0.0004273 	1165.2 
440.72 	-0.0004273 	1331.7 
441.22 	-0.0004273 	1165.2 
441.72 	-0.0004273 	1165.2 
442.22 	-0.0004273 	998.74 
442.72 	-0.0004273 	1331.7 
443.22 	-0.0004273 	1165.2 
443.72 	-0.0004273 	998.74 
444.22 	-0.0004273 	998.74 
444.72 	-0.0004273 	998.74 
445.22 	-0.0004273 	998.74 
445.72 	-0.0004273 	998.74 
446.22 	-0.0005341 	998.74 
446.72 	-0.0004273 	998.74 
447.22 	-0.0005341 	998.74 
447.72 	-0.0004273 	998.74 
448.22 	-0.0004273 	998.74 
448.72 	-0.0004273 	998.74 
449.22 	-0.0004273 	998.74 
449.72 	-0.0004273 	998.74 
450.22 	-0.0004273 	998.74 
450.72 	-0.0004273 	1165.2 
451.22 	-0.0004273 	998.74 
451.72 	-0.0004273 	998.74 
452.22 	-0.0005341 	998.74 
452.72 	-0.0004273 	998.74 
453.22 	-0.0004273 	998.74 
453.72 	-0.0004273 	998.74 
454.22 	-0.0004273 	998.74 
454.72 	-0.0004273 	998.74 
455.22 	-0.0004273 	998.74 
455.72 	-0.0004273 	998.74 
456.22 	-0.0004273 	998.74 
456.72 	-0.0004273 	998.74 
457.22 	-0.0004273 	998.74 
457.72 	-0.0004273 	998.74 
458.22 	-0.0004273 	998.74 
458.72 	-0.0005341 	998.74 
459.22 	-0.0004273 	998.74 
459.72 	-0.0004273 	998.74 
460.22 	-0.0004273 	998.74 
460.72 	-0.0004273 	998.74 
461.22 	-0.0004273 	998.74 
461.72 	-0.0004273 	998.74 
462.22 	-0.0004273 	998.74 
462.72 	-0.0005341 	1165.2 
463.22 	-0.0004273 	998.74 
463.72 	-0.0004273 	998.74 
464.22 	-0.0004273 	832.28 
464.72 	-0.0004273 	998.74 
465.22 	-0.0004273 	1165.2 
465.72 	-0.0004273 	998.74 
466.22 	-0.0004273 	1165.2 
466.72 	-0.0004273 	998.74 
467.22 	-0.0004273 	998.74 
467.72 	-0.0005341 	998.74 
468.22 	-0.0004273 	998.74 
468.72 	-0.0004273 	998.74 
469.22 	-0.0004273 	998.74 
469.72 	-0.0004273 	832.28 
470.22 	-0.0004273 	998.74 
470.72 	-0.0004273 	998.74 
471.22 	-0.0004273 	998.74 
471.72 	-0.0004273 	998.74 
472.22 	-0.0004273 	998.74 
472.72 	-0.0005341 	998.74 
473.22 	-0.0004273 	998.74 
473.72 	-0.0004273 	1165.2 
474.22 	-0.0005341 	1165.2 
474.72 	-0.0004273 	998.74 
475.22 	-0.0004273 	998.74 
475.72 	-0.0004273 	998.74 
476.22 	-0.0004273 	998.74 
476.72 	-0.0004273 	998.74 
477.22 	-0.0004273 	998.74 
477.72 	-0.0004273 	998.74 
478.22 	-0.0004273 	998.74 
478.72 	-0.0004273 	998.74 
479.22 	-0.0004273 	998.74 
479.72 	-0.0004273 	832.28 
480.22 	-0.0004273 	998.74 
480.72 	-0.0005341 	998.74 
481.22 	-0.0004273 	998.74 
481.72 	-0.0004273 	998.74 
482.22 	-0.0004273 	998.74 
482.72 	-0.0004273 	1165.2 
483.22 	-0.0004273 	998.74 
483.72 	-0.0004273 	998.74 
484.22 	-0.0004273 	998.74 
484.72 	-0.0004273 	998.74 
485.22 	-0.0004273 	998.74 
485.72 	-0.0004273 	998.74 
486.22 	-0.0004273 	998.74 
486.72 	-0.0005341 	998.74 
487.22 	-0.0004273 	998.74 
487.72 	-0.0004273 	832.28 
488.22 	-0.0004273 	998.74 
488.72 	-0.0004273 	998.74 
489.22 	-0.0004273 	998.74 
489.72 	-0.0005341 	998.74 
490.22 	-0.0004273 	998.74 
490.72 	-0.0004273 	998.74 
491.22 	-0.0004273 	998.74 
491.72 	-0.0004273 	832.28 
492.22 	-0.0004273 	998.74 
492.72 	-0.0005341 	998.74 
493.22 	-0.0004273 	998.74 
493.72 	-0.0004273 	832.28 
494.22 	-0.0005341 	998.74 
494.65 	-0.0004273 	998.74 
495.15 	-0.0004273 	998.74 
495.65 	-0.0004273 	998.74 
496.15 	-0.0004273 	998.74 
496.65 	-0.0005341 	998.74 
497.15 	-0.0005341 	832.28 
497.65 	-0.0004273 	832.28 
498.15 	-0.0005341 	998.74 
498.65 	-0.0005341 	998.74 
499.15 	-0.0005341 	998.74 
499.65 	-0.0004273 	1165.2 
500.15 	-0.0005341 	998.74 
500.65 	-0.0004273 	998.74 
501.15 	-0.0005341 	998.74 
501.65 	-0.0004273 	998.74 
502.15 	-0.0004273 	998.74 
502.65 	-0.0004273 	998.74 
503.15 	-0.0005341 	832.28 
503.65 	-0.0004273 	998.74 
504.15 	-0.0004273 	998.74 
504.65 	-0.0004273 	998.74 
505.15 	-0.0005341 	998.74 
505.65 	-0.0004273 	998.74 
506.15 	-0.0004273 	998.74 
506.65 	-0.0005341 	1165.2 
507.15 	-0.0004273 	998.74 
507.65 	-0.0004273 	998.74 
508.15 	-0.0004273 	998.74 
508.65 	-0.0004273 	998.74 
509.15 	-0.0004273 	998.74 
509.65 	-0.0005341 	998.74 
510.15 	-0.0004273 	998.74 
510.65 	-0.0005341 	998.74 
511.15 	-0.0004273 	998.74 
511.65 	-0.0005341 	998.74 
512.15 	-0.0004273 	998.74 
512.65 	-0.0004273 	998.74 
513.15 	-0.0004273 	998.74 
513.65 	-0.0004273 	998.74 
514.15 	-0.0005341 	998.74 
514.65 	-0.0004273 	1165.2 
515.15 	-0.0004273 	998.74 
515.65 	-0.0004273 	998.74 
516.15 	-0.0004273 	998.74 
516.65 	-0.0004273 	998.74 
517.15 	-0.0005341 	998.74 
517.65 	-0.0004273 	998.74 
518.15 	-0.0005341 	998.74 
518.65 	-0.0004273 	832.28 
519.15 	-0.0005341 	998.74 
519.65 	-0.0004273 	998.74 
520.15 	-0.0004273 	998.74 
520.65 	-0.0004273 	998.74 
521.15 	-0.0004273 	998.74 
521.65 	-0.0004273 	998.74 
522.15 	-0.0004273 	998.74 
522.65 	-0.0004273 	998.74 
523.15 	-0.0004273 	998.74 
523.65 	-0.0004273 	998.74 
524.15 	-0.0004273 	998.74 
524.65 	-0.0004273 	998.74 
525.15 	-0.0004273 	998.74 
525.65 	-0.0004273 	998.74 
526.15 	-0.0004273 	1165.2 
526.65 	-0.0003204 	1331.7 
527.15 	-0.0002136 	1664.6 
527.65 	0.00000 	1997.5 
528.15 	0.00021324 	2163.9 
528.62 	0.00053309 	2829.8 
529.12 	0.00074633 	3162.7 
529.62 	0.00085294 	3662.0 
530.12 	0.0011728 	3995.0 
530.62 	0.0014927 	4494.3 
531.07 	0.0019191 	4827.2 
531.50 	0.0022390 	5493.1 
531.82 	0.0026655 	5826.0 
532.15 	0.0028787 	6491.8 
532.52 	0.0033052 	6824.7 
532.87 	0.0035184 	7490.6 
533.28 	0.0039449 	7823.5 
533.68 	0.0041581 	8489.3 
534.18 	0.0044780 	8988.7 
534.67 	0.0046912 	9654.5 
535.03 	0.0051177 	9654.5 
535.43 	0.0053309 	10320 
535.93 	0.0055441 	10820 
536.38 	0.0059706 	11319 
536.88 	0.0062905 	11818 
537.38 	0.0065037 	12318 
537.88 	0.0067169 	12817 
538.38 	0.0069302 	13150 
538.88 	0.0072500 	13483 
539.38 	0.0074633 	13982 
539.88 	0.0077831 	14482 
540.18 	0.0079964 	15148 
540.58 	0.0084228 	15480 
541.00 	0.0087427 	16146 
541.50 	0.0089559 	16646 
541.92 	0.0092758 	17312 
542.42 	0.0095956 	17644 
542.92 	0.0099155 	18310 
543.42 	0.010235 	18810 
543.92 	0.010555 	19309 
544.42 	0.010875 	19808 
544.92 	0.011088 	20141 
545.33 	0.011302 	20807 
545.82 	0.011728 	21306 
546.32 	0.011941 	21639 
546.82 	0.012154 	22139 
547.32 	0.012474 	22638 
547.82 	0.012581 	22638 
548.32 	0.012581 	22971 
548.82 	0.012688 	22805 
549.32 	0.012688 	22971 
549.82 	0.012688 	22971 
550.32 	0.012794 	22971 
550.82 	0.012688 	22971 
551.32 	0.012688 	22971 
551.82 	0.012688 	22971 
552.32 	0.012688 	22971 
552.82 	0.012688 	22971 
553.32 	0.012688 	22971 
553.82 	0.012794 	22971 
554.32 	0.012688 	23137 
554.82 	0.012794 	22971 
555.32 	0.012688 	22971 
555.82 	0.012688 	22805 
556.32 	0.012688 	22971 
556.82 	0.012794 	22971 
557.32 	0.012794 	22971 
557.82 	0.012794 	22971 
558.32 	0.012688 	22971 
558.82 	0.012688 	22971 
559.32 	0.012794 	22971 
559.82 	0.012794 	22971 
560.32 	0.012688 	22971 
560.82 	0.012688 	22971 
561.32 	0.012794 	22971 
561.82 	0.012688 	22805 
562.32 	0.012688 	22971 
562.82 	0.012688 	22971 
563.32 	0.012688 	22971 
563.82 	0.012688 	22971 
564.32 	0.012688 	22971 
564.82 	0.012688 	22971 
565.32 	0.012688 	22971 
565.82 	0.012688 	22971 
566.32 	0.012794 	22971 
566.82 	0.012688 	22971 
567.32 	0.012688 	22971 
567.82 	0.012688 	22971 
568.32 	0.012794 	22971 
568.82 	0.012688 	22971 
569.32 	0.012794 	22971 
569.82 	0.012688 	22971 
570.32 	0.012688 	22971 
570.82 	0.012688 	22971 
571.32 	0.012688 	22805 
571.82 	0.012688 	22971 
572.32 	0.012688 	22971 
572.82 	0.012688 	22971 
573.32 	0.012794 	22971 
573.82 	0.012794 	23137 
574.32 	0.012688 	22971 
574.82 	0.012688 	22971 
575.32 	0.012688 	22805 
575.82 	0.012688 	22971 
576.32 	0.012794 	22971 
576.82 	0.012688 	22971 
577.32 	0.012794 	22971 
577.82 	0.012688 	22971 
578.32 	0.012688 	22971 
578.82 	0.012688 	22971 
579.32 	0.012794 	22971 
579.82 	0.012794 	22971 
580.32 	0.012688 	22971 
580.82 	0.012688 	22971 
581.32 	0.012688 	22971 
581.82 	0.012688 	22971 
582.32 	0.012794 	22971 
582.82 	0.012688 	22971 
583.32 	0.012688 	22971 
583.82 	0.012794 	22971 
584.32 	0.012794 	22971 
584.82 	0.012794 	22971 
585.32 	0.012794 	22971 
585.82 	0.012688 	22971 
586.32 	0.012794 	22805 
586.82 	0.012688 	22971 
587.32 	0.012688 	22971 
587.82 	0.012688 	22971 
588.32 	0.012688 	22971 
588.82 	0.012794 	22971 
589.32 	0.012794 	22971 
589.82 	0.012794 	22971 
590.32 	0.012688 	22971 
590.82 	0.012688 	22971 
591.32 	0.012688 	22971 
591.82 	0.012794 	22971 
592.32 	0.012794 	22971 
592.82 	0.012688 	22971 
593.32 	0.012688 	22971 
593.82 	0.012688 	22971 
594.32 	0.012688 	22971 
594.82 	0.012688 	22971 
595.32 	0.012688 	22971 
595.82 	0.012688 	22971 
596.32 	0.012688 	22971 
596.82 	0.012688 	22971 
597.32 	0.012688 	22971 
597.82 	0.012688 	23137 
598.32 	0.012688 	22971 
598.82 	0.012688 	22971 
599.32 	0.012688 	22805 
599.82 	0.012688 	22805 
600.32 	0.012688 	22971 
600.82 	0.012794 	22971 
601.32 	0.012794 	22971 
601.82 	0.012688 	22971 
602.32 	0.012794 	22971 
602.82 	0.012688 	22971 
603.32 	0.012794 	22971 
603.82 	0.012688 	22971 
604.32 	0.012794 	22971 
604.82 	0.012794 	22971 
605.32 	0.012688 	22971 
605.82 	0.012688 	22805 
606.32 	0.012688 	22971 
606.82 	0.012794 	22971 
607.13 	0.012794 	22971 
607.63 	0.012794 	22971 
608.13 	0.012688 	22971 
608.63 	0.012688 	22971 
609.13 	0.012794 	22971 
609.63 	0.012794 	22971 
610.13 	0.012794 	22971 
610.63 	0.012794 	22971 
611.13 	0.012688 	22971 
611.63 	0.012688 	22805 
612.13 	0.012688 	22971 
612.63 	0.012688 	22971 
613.13 	0.012794 	22971 
613.63 	0.012688 	22971 
614.13 	0.012688 	22805 
614.63 	0.012688 	22971 
615.13 	0.012688 	22971 
615.63 	0.012688 	22971 
616.13 	0.012688 	22971 
616.63 	0.012688 	22971 
617.13 	0.012688 	22971 
617.63 	0.012688 	22971 
618.13 	0.012794 	22971 
618.63 	0.012794 	22971 
619.13 	0.012794 	22971 
619.63 	0.012794 	22805 
620.13 	0.012794 	22971 
620.63 	0.012794 	22971 
621.13 	0.012688 	22971 
621.63 	0.012794 	22971 
622.13 	0.012794 	22971 
622.63 	0.012794 	22971 
623.13 	0.012688 	22971 
623.63 	0.012688 	22805 
624.13 	0.012688 	22805 
624.63 	0.012688 	22971 
625.13 	0.012688 	22805 
625.63 	0.012794 	22971 
626.13 	0.012794 	22971 
626.63 	0.012794 	22971 
627.13 	0.012794 	22971 
627.63 	0.012794 	22971 
628.13 	0.012688 	22805 
628.63 	0.012794 	22971 
629.13 	0.012794 	22971 
629.63 	0.012794 	22971 
630.13 	0.012794 	22971 
630.63 	0.012688 	22805 
631.13 	0.012794 	22971 
631.63 	0.012688 	22971 
632.13 	0.012794 	22971 
632.63 	0.012794 	22971 
633.13 	0.012794 	22971 
633.63 	0.012688 	22971 
634.13 	0.012688 	22971 
634.63 	0.012794 	22971 
635.13 	0.012794 	22971 
635.63 	0.012794 	22971 
636.13 	0.012794 	22971 
636.63 	0.012688 	22971 
637.13 	0.012688 	22971 
637.63 	0.012794 	22971 
638.13 	0.012794 	22971 
638.63 	0.012794 	23137 
639.13 	0.012794 	22971 
639.63 	0.012794 	22971 
640.13 	0.012794 	22971 
640.63 	0.012794 	22805 
641.13 	0.012794 	22971 
641.63 	0.012794 	22805 
642.13 	0.012794 	22971 
642.63 	0.012794 	22971 
643.13 	0.012794 	22971 
643.63 	0.012794 	22971 
644.13 	0.012794 	22971 
644.63 	0.012794 	22971 
645.13 	0.012794 	22971 
645.63 	0.012794 	22971 
646.13 	0.012794 	22971 
646.63 	0.012794 	22971 
647.13 	0.012794 	22805 
647.63 	0.012794 	22971 
648.13 	0.012794 	22971 
648.63 	0.012794 	22971 
649.13 	0.012794 	22971 
649.63 	0.012794 	22971 
650.13 	0.012794 	22971 
650.63 	0.012794 	22971 
651.13 	0.012794 	22971 
651.63 	0.012794 	23137 
652.13 	0.012794 	22971 
652.63 	0.012794 	23137 
653.13 	0.012794 	22971 
653.63 	0.012794 	22971 
654.13 	0.012794 	22971 
654.63 	0.012794 	22971 
655.13 	0.012794 	22971 
655.63 	0.012794 	22971 
656.13 	0.012794 	22971 
656.63 	0.012794 	22805 
657.13 	0.012794 	22805 
657.63 	0.012794 	22971 
658.13 	0.012794 	22971 
658.63 	0.012794 	22971 
659.13 	0.012794 	22971 
659.63 	0.012794 	22971 
660.13 	0.012794 	22805 
660.63 	0.012794 	22971 
661.13 	0.012794 	22971 
661.63 	0.012794 	22971 
662.13 	0.012794 	23137 
662.63 	0.012794 	22971 
663.13 	0.012794 	22971 
663.63 	0.012794 	22971 
664.13 	0.012794 	22971 
664.63 	0.012794 	22971 
665.13 	0.012794 	22971 
665.63 	0.012794 	22805 
666.13 	0.012794 	22971 
666.63 	0.012794 	22971 
667.13 	0.012794 	22971 
667.63 	0.012794 	22971 
668.13 	0.012794 	22971 
668.63 	0.012794 	22971 
669.13 	0.012794 	22971 
669.63 	0.012794 	22971 
670.13 	0.012794 	22971 
670.63 	0.012794 	22971 
671.13 	0.012794 	22971 
671.63 	0.012794 	22971 
672.13 	0.012794 	22971 
672.63 	0.012794 	22971 
673.13 	0.012794 	22971 
673.63 	0.012794 	22971 
674.13 	0.012794 	22971 
674.63 	0.012794 	22971 
675.13 	0.012794 	22971 
675.63 	0.012794 	22971 
676.13 	0.012794 	22971 
676.63 	0.012794 	22971 
677.13 	0.012794 	22971 
677.63 	0.012794 	22971 
678.13 	0.012794 	22971 
678.63 	0.012794 	22971 
679.13 	0.012794 	22971 
679.63 	0.012794 	22971 
680.13 	0.012794 	22805 
680.63 	0.012794 	22971 
681.13 	0.012794 	22971 
681.63 	0.012794 	23137 
682.13 	0.012794 	22971 
682.63 	0.012794 	22971 
683.13 	0.012794 	22971 
683.63 	0.012794 	22971 
684.13 	0.012794 	22971 
684.63 	0.012794 	22971 
685.13 	0.012794 	22971 
685.63 	0.012794 	22971 
686.13 	0.012794 	22971 
686.63 	0.012794 	22805 
687.13 	0.012794 	22805 
687.63 	0.012794 	22971 
688.13 	0.012794 	22971 
688.63 	0.012794 	22971 
689.13 	0.012794 	22971 
689.63 	0.012794 	22971 
690.13 	0.012794 	22971 
690.63 	0.012794 	22971 
691.13 	0.012794 	22971 
691.63 	0.012794 	22971 
692.13 	0.012794 	22971 
692.63 	0.012794 	22971 
693.13 	0.012794 	23137 
693.63 	0.012794 	23137 
694.02 	0.012794 	23803 
694.52 	0.012794 	24303 
695.02 	0.012794 	24802 
695.52 	0.012794 	25301 
696.02 	0.012794 	25634 
696.47 	0.012794 	26300 
696.97 	0.012794 	26633 
697.47 	0.012794 	27132 
697.97 	0.012794 	27632 
698.47 	0.012794 	28298 
698.97 	0.012794 	28631 
699.47 	0.012794 	29130 
699.97 	0.012794 	29629 
700.47 	0.012794 	30129 
700.97 	0.012794 	30628 
701.47 	0.012794 	31127 
701.97 	0.012794 	31460 
702.47 	0.012794 	31960 
702.97 	0.012794 	32459 
703.42 	0.012794 	33125 
703.88 	0.012794 	33791 
704.37 	0.012794 	34457 
704.87 	0.012794 	34956 
705.35 	0.012794 	35622 
705.85 	0.012794 	36121 
706.35 	0.012794 	36620 
706.85 	0.012794 	37120 
707.35 	0.012794 	37786 
707.85 	0.012794 	38119 
708.33 	0.012794 	38784 
708.83 	0.012794 	39117 
709.30 	0.012794 	39783 
709.80 	0.012794 	40116 
710.28 	0.012794 	40782 
710.78 	0.012794 	41281 
711.28 	0.012794 	41781 
711.78 	0.012794 	42114 
712.15 	0.012794 	42779 
712.65 	0.012794 	43279 
713.15 	0.012794 	43612 
713.58 	0.012794 	44278 
714.08 	0.012794 	44777 
714.58 	0.012794 	45110 
715.08 	0.012794 	45609 
715.57 	0.012794 	46275 
716.07 	0.012794 	46774 
716.57 	0.012794 	47274 
717.07 	0.012794 	47773 
717.57 	0.012794 	48272 
718.07 	0.012794 	48772 
718.57 	0.012794 	49438 
719.07 	0.012794 	49771 
719.57 	0.012794 	50270 
720.00 	0.012794 	50936 
720.50 	0.012794 	51269 
720.95 	0.012794 	51935 
721.45 	0.012794 	52267 
721.95 	0.012794 	52767 
722.45 	0.012794 	53266 
722.95 	0.012794 	53766 
723.45 	0.012794 	54265 
723.95 	0.012794 	54598 
724.45 	0.012794 	54598 
724.60 	0.012794 	53599 
724.62 	0.012794 	52933 
724.63 	0.012794 	51602 
724.65 	0.012794 	46941 
724.67 	0.012794 	39950 
724.68 	0.012794 	35788 
